"","County.Code","District.Code","School.Code","Grade","Year","Subgroup","Percentage.Standard.Met.and.Above","School.Name","Zip.Code"
"1",1,61119,111765,2,2012,31,58.5,"Ruby Bridges Elementary",94501
"2",1,61119,111765,2,2012,111,81,"Ruby Bridges Elementary",94501
"3",1,61119,111765,3,2012,31,63,"Ruby Bridges Elementary",94501
"4",1,61119,111765,3,2012,111,80.8550724637681,"Ruby Bridges Elementary",94501
"5",1,61119,111765,4,2012,31,54.4520547945205,"Ruby Bridges Elementary",94501
"6",1,61119,111765,4,2012,111,80,"Ruby Bridges Elementary",94501
"7",1,61119,111765,5,2012,31,59.3333333333333,"Ruby Bridges Elementary",94501
"8",1,61119,111765,5,2012,111,79.3333333333333,"Ruby Bridges Elementary",94501
"9",1,61119,119222,2,2012,111,92.5,"Nea Community Learning Center",94501
"10",1,61119,119222,3,2012,111,73.5,"Nea Community Learning Center",94501
"11",1,61119,119222,4,2012,111,80.4444444444444,"Nea Community Learning Center",94501
"12",1,61119,119222,5,2012,111,78.3333333333333,"Nea Community Learning Center",94501
"13",1,61119,119222,6,2012,111,68.5,"Nea Community Learning Center",94501
"14",1,61119,119222,7,2012,31,62.5,"Nea Community Learning Center",94501
"15",1,61119,119222,7,2012,111,62.3398058252427,"Nea Community Learning Center",94501
"16",1,61119,119222,8,2012,31,49,"Nea Community Learning Center",94501
"17",1,61119,119222,8,2012,111,62.5179856115108,"Nea Community Learning Center",94501
"18",1,61119,119222,9,2012,111,33.4848484848485,"Nea Community Learning Center",94501
"19",1,61119,119222,10,2012,31,60.3207547169811,"Nea Community Learning Center",94501
"20",1,61119,119222,10,2012,111,58.1463414634146,"Nea Community Learning Center",94501
"21",1,61119,130229,9,2012,31,49.7241379310345,"Alameda High",94501
"22",1,61119,130229,9,2012,111,68.7489795918367,"Alameda High",94501
"23",1,61119,130229,10,2012,31,44.904854368932,"Alameda High",94501
"24",1,61119,130229,10,2012,111,58.8679914833215,"Alameda High",94501
"25",1,61119,130229,11,2012,31,45.5430463576159,"Alameda High",94501
"26",1,61119,130229,11,2012,111,62.8975853455454,"Alameda High",94501
"27",1,61119,6090013,2,2012,31,53.5,"Edison Elementary",94501
"28",1,61119,6090013,2,2012,111,93.5,"Edison Elementary",94501
"29",1,61119,6090013,3,2012,111,94.5,"Edison Elementary",94501
"30",1,61119,6090013,4,2012,111,91.9868421052632,"Edison Elementary",94501
"31",1,61119,6090013,5,2012,111,86.3006535947712,"Edison Elementary",94501
"32",1,61119,6090039,2,2012,111,78,"Franklin Elementary",94501
"33",1,61119,6090039,3,2012,31,82,"Franklin Elementary",94501
"34",1,61119,6090039,3,2012,111,93.5,"Franklin Elementary",94501
"35",1,61119,6090039,4,2012,31,86.5,"Franklin Elementary",94501
"36",1,61119,6090039,4,2012,111,85.2537313432836,"Franklin Elementary",94501
"37",1,61119,6090039,5,2012,31,55.6666666666667,"Franklin Elementary",94501
"38",1,61119,6090039,5,2012,111,83.3333333333333,"Franklin Elementary",94501
"39",1,61119,6090054,6,2012,31,66,"Lincoln Middle",94501
"40",1,61119,6090054,6,2012,111,83.5138888888889,"Lincoln Middle",94501
"41",1,61119,6090054,7,2012,31,60.5566037735849,"Lincoln Middle",94501
"42",1,61119,6090054,7,2012,111,87.0927021696252,"Lincoln Middle",94501
"43",1,61119,6090054,8,2012,31,66.4368932038835,"Lincoln Middle",94501
"44",1,61119,6090054,8,2012,111,82.9415073115861,"Lincoln Middle",94501
"45",1,61119,6090120,2,2012,31,71,"William G. Paden Elementary",94501
"46",1,61119,6090120,2,2012,111,81,"William G. Paden Elementary",94501
"47",1,61119,6090120,3,2012,31,50.2909090909091,"William G. Paden Elementary",94501
"48",1,61119,6090120,3,2012,111,81,"William G. Paden Elementary",94501
"49",1,61119,6090120,4,2012,31,58.9019607843137,"William G. Paden Elementary",94501
"50",1,61119,6090120,4,2012,111,82.5,"William G. Paden Elementary",94501
"51",1,61119,6090120,5,2012,31,50.6666666666667,"William G. Paden Elementary",94501
"52",1,61119,6090120,5,2012,111,75.3333333333333,"William G. Paden Elementary",94501
"53",1,61119,6100374,2,2012,31,82,"Amelia Earhart Elementary",94502
"54",1,61119,6100374,2,2012,111,87,"Amelia Earhart Elementary",94502
"55",1,61119,6100374,3,2012,31,91,"Amelia Earhart Elementary",94502
"56",1,61119,6100374,3,2012,111,92.0239520958084,"Amelia Earhart Elementary",94502
"57",1,61119,6100374,4,2012,31,84.5,"Amelia Earhart Elementary",94502
"58",1,61119,6100374,4,2012,111,96.0196078431373,"Amelia Earhart Elementary",94502
"59",1,61119,6100374,5,2012,111,91.6450216450216,"Amelia Earhart Elementary",94502
"60",1,61127,130294,11,2012,111,3.2,"MacGregor High (Continuation)",94706
"61",1,61127,130450,9,2012,31,49.9656862745098,"Albany High",94706
"62",1,61127,130450,9,2012,111,81.6592709984152,"Albany High",94706
"63",1,61127,130450,10,2012,31,46.8561872909699,"Albany High",94706
"64",1,61127,130450,10,2012,111,70.052734375,"Albany High",94706
"65",1,61127,130450,11,2012,31,44.0701754385965,"Albany High",94706
"66",1,61127,130450,11,2012,111,70.4126394052045,"Albany High",94706
"67",1,61127,6090146,2,2012,31,61,"Cornell Elementary",94706
"68",1,61127,6090146,2,2012,111,90.5,"Cornell Elementary",94706
"69",1,61127,6090146,3,2012,31,64,"Cornell Elementary",94706
"70",1,61127,6090146,3,2012,111,84.5,"Cornell Elementary",94706
"71",1,61127,6090146,4,2012,31,76.5,"Cornell Elementary",94706
"72",1,61127,6090146,4,2012,111,92,"Cornell Elementary",94706
"73",1,61127,6090146,5,2012,31,63,"Cornell Elementary",94706
"74",1,61127,6090146,5,2012,111,91.3333333333333,"Cornell Elementary",94706
"75",1,61127,6090161,6,2012,31,66.0330578512397,"Albany Middle",94706
"76",1,61127,6090161,6,2012,111,91.002331002331,"Albany Middle",94706
"77",1,61127,6090161,7,2012,31,68.0819672131148,"Albany Middle",94706
"78",1,61127,6090161,7,2012,111,91.2290249433107,"Albany Middle",94706
"79",1,61127,6090161,8,2012,31,48.8445378151261,"Albany Middle",94706
"80",1,61127,6090161,8,2012,111,77.9247311827957,"Albany Middle",94706
"81",1,61127,6095376,2,2012,111,90,"Marin Elementary",94706
"82",1,61127,6095376,3,2012,31,75,"Marin Elementary",94706
"83",1,61127,6095376,3,2012,111,80.5,"Marin Elementary",94706
"84",1,61127,6095376,4,2012,111,89,"Marin Elementary",94706
"85",1,61127,6095376,5,2012,31,62.3333333333333,"Marin Elementary",94706
"86",1,61127,6095376,5,2012,111,90.6739130434783,"Marin Elementary",94706
"87",1,61127,6116222,2,2012,31,55.5,"Ocean View Elementary",94706
"88",1,61127,6116222,2,2012,111,83.5,"Ocean View Elementary",94706
"89",1,61127,6116222,3,2012,31,64,"Ocean View Elementary",94706
"90",1,61127,6116222,3,2012,111,85.5,"Ocean View Elementary",94706
"91",1,61127,6116222,4,2012,31,82.8292682926829,"Ocean View Elementary",94706
"92",1,61127,6116222,4,2012,111,90,"Ocean View Elementary",94706
"93",1,61127,6116222,5,2012,31,81.3333333333333,"Ocean View Elementary",94706
"94",1,61127,6116222,5,2012,111,84.9893048128342,"Ocean View Elementary",94706
"95",1,61143,131177,9,2012,31,29.4466666666667,"Berkeley High",94704
"96",1,61143,131177,9,2012,111,64.7608069164265,"Berkeley High",94704
"97",1,61143,131177,10,2012,31,20.2186559679037,"Berkeley High",94704
"98",1,61143,131177,10,2012,111,52.4019158683882,"Berkeley High",94704
"99",1,61143,131177,11,2012,31,16.0787518573551,"Berkeley High",94704
"100",1,61143,131177,11,2012,111,48.5611594202899,"Berkeley High",94704
"101",1,61143,6056865,6,2012,31,38.9763313609467,"Willard Middle",94705
"102",1,61143,6056865,6,2012,111,80.4724409448819,"Willard Middle",94705
"103",1,61143,6056865,7,2012,31,46.0506329113924,"Willard Middle",94705
"104",1,61143,6056865,7,2012,111,82.4285714285714,"Willard Middle",94705
"105",1,61143,6056865,8,2012,31,34.7275280898876,"Willard Middle",94705
"106",1,61143,6056865,8,2012,111,76.7611940298507,"Willard Middle",94705
"107",1,61143,6090195,2,2012,31,51.5,"Cragmont Elementary",94708
"108",1,61143,6090195,2,2012,111,84.5,"Cragmont Elementary",94708
"109",1,61143,6090195,3,2012,31,51.8541666666667,"Cragmont Elementary",94708
"110",1,61143,6090195,3,2012,111,86,"Cragmont Elementary",94708
"111",1,61143,6090195,4,2012,31,51.2978723404255,"Cragmont Elementary",94708
"112",1,61143,6090195,4,2012,111,92.5,"Cragmont Elementary",94708
"113",1,61143,6090195,5,2012,31,54,"Cragmont Elementary",94708
"114",1,61143,6090195,5,2012,111,95,"Cragmont Elementary",94708
"115",1,61143,6090211,2,2012,31,56,"Emerson Elementary",94705
"116",1,61143,6090211,2,2012,111,89,"Emerson Elementary",94705
"117",1,61143,6090211,3,2012,31,52.5,"Emerson Elementary",94705
"118",1,61143,6090211,3,2012,111,95.1162790697674,"Emerson Elementary",94705
"119",1,61143,6090211,4,2012,31,52.5,"Emerson Elementary",94705
"120",1,61143,6090211,4,2012,111,83,"Emerson Elementary",94705
"121",1,61143,6090211,5,2012,31,60.3333333333333,"Emerson Elementary",94705
"122",1,61143,6090211,5,2012,111,92.6666666666667,"Emerson Elementary",94705
"123",1,61143,6090286,2,2012,31,75.5,"Malcolm X Elementary",94703
"124",1,61143,6090286,2,2012,111,91,"Malcolm X Elementary",94703
"125",1,61143,6090286,3,2012,31,65,"Malcolm X Elementary",94703
"126",1,61143,6090286,3,2012,111,97.0097087378641,"Malcolm X Elementary",94703
"127",1,61143,6090286,4,2012,31,44.6,"Malcolm X Elementary",94703
"128",1,61143,6090286,4,2012,111,92,"Malcolm X Elementary",94703
"129",1,61143,6090286,5,2012,31,57.2857142857143,"Malcolm X Elementary",94703
"130",1,61143,6090286,5,2012,111,71.5142857142857,"Malcolm X Elementary",94703
"131",1,61143,6090310,2,2012,31,60,"Thousand Oaks Elementary",94707
"132",1,61143,6090310,2,2012,111,89,"Thousand Oaks Elementary",94707
"133",1,61143,6090310,3,2012,31,41.5,"Thousand Oaks Elementary",94707
"134",1,61143,6090310,3,2012,111,87,"Thousand Oaks Elementary",94707
"135",1,61143,6090310,4,2012,31,56.4545454545455,"Thousand Oaks Elementary",94707
"136",1,61143,6090310,4,2012,111,88,"Thousand Oaks Elementary",94707
"137",1,61143,6090310,5,2012,31,47.6666666666667,"Thousand Oaks Elementary",94707
"138",1,61143,6090310,5,2012,111,87.3333333333333,"Thousand Oaks Elementary",94707
"139",1,61143,6090328,2,2012,31,47.5409836065574,"Washington Elementary",94704
"140",1,61143,6090328,2,2012,111,87,"Washington Elementary",94704
"141",1,61143,6090328,3,2012,31,47.5,"Washington Elementary",94704
"142",1,61143,6090328,3,2012,111,85,"Washington Elementary",94704
"143",1,61143,6090328,4,2012,31,50,"Washington Elementary",94704
"144",1,61143,6090328,4,2012,111,82.5,"Washington Elementary",94704
"145",1,61143,6090328,5,2012,31,45.21875,"Washington Elementary",94704
"146",1,61143,6090328,5,2012,111,79.8289473684211,"Washington Elementary",94704
"147",1,61150,132225,9,2012,31,55.9090909090909,"Castro Valley High",94546
"148",1,61150,132225,9,2012,111,68.3148028442146,"Castro Valley High",94546
"149",1,61150,132225,10,2012,31,43.7610241820768,"Castro Valley High",94546
"150",1,61150,132225,10,2012,111,63.3024372230428,"Castro Valley High",94546
"151",1,61150,132225,11,2012,31,37.3255131964809,"Castro Valley High",94546
"152",1,61150,132225,11,2012,111,56.3813465783664,"Castro Valley High",94546
"153",1,61150,135533,10,2012,31,12.048,"Redwood Continuation High",94546
"154",1,61150,135533,10,2012,111,18.5079365079365,"Redwood Continuation High",94546
"155",1,61150,135533,11,2012,31,16.7777777777778,"Redwood Continuation High",94546
"156",1,61150,135533,11,2012,111,7.79787234042553,"Redwood Continuation High",94546
"157",1,61150,6090351,3,2012,31,50.8222222222222,"Castro Valley Elementary",94546
"158",1,61150,6090351,3,2012,111,68.5,"Castro Valley Elementary",94546
"159",1,61150,6090351,4,2012,31,69.2244897959184,"Castro Valley Elementary",94546
"160",1,61150,6090351,4,2012,111,95.0819672131148,"Castro Valley Elementary",94546
"161",1,61150,6090351,5,2012,31,59.6666666666667,"Castro Valley Elementary",94546
"162",1,61150,6090351,5,2012,111,80.6601941747573,"Castro Valley Elementary",94546
"163",1,61150,6090369,2,2012,111,96,"Chabot Elementary",94546
"164",1,61150,6090369,3,2012,31,50,"Chabot Elementary",94546
"165",1,61150,6090369,3,2012,111,74.5,"Chabot Elementary",94546
"166",1,61150,6090369,4,2012,31,81,"Chabot Elementary",94546
"167",1,61150,6090369,4,2012,111,87.4645669291339,"Chabot Elementary",94546
"168",1,61150,6090369,5,2012,31,66.6666666666667,"Chabot Elementary",94546
"169",1,61150,6090369,5,2012,111,81.0552486187845,"Chabot Elementary",94546
"170",1,61150,6090385,6,2012,31,61.9450549450549,"Creekside Middle",94546
"171",1,61150,6090385,6,2012,111,77.9903614457831,"Creekside Middle",94546
"172",1,61150,6090385,7,2012,31,64.5,"Creekside Middle",94546
"173",1,61150,6090385,7,2012,111,85.5221674876847,"Creekside Middle",94546
"174",1,61150,6090385,8,2012,31,50.7448275862069,"Creekside Middle",94546
"175",1,61150,6090385,8,2012,111,74.1111111111111,"Creekside Middle",94546
"176",1,61150,6090401,2,2012,31,53.5,"Marshall Elementary",94546
"177",1,61150,6090401,2,2012,111,73,"Marshall Elementary",94546
"178",1,61150,6090401,3,2012,31,89.5,"Marshall Elementary",94546
"179",1,61150,6090401,3,2012,111,78.5,"Marshall Elementary",94546
"180",1,61150,6090401,4,2012,31,75,"Marshall Elementary",94546
"181",1,61150,6090401,4,2012,111,86.5126050420168,"Marshall Elementary",94546
"182",1,61150,6090401,5,2012,31,71,"Marshall Elementary",94546
"183",1,61150,6090401,5,2012,111,86,"Marshall Elementary",94546
"184",1,61150,6090435,2,2012,31,69.5,"Proctor Elementary",94546
"185",1,61150,6090435,2,2012,111,78.5,"Proctor Elementary",94546
"186",1,61150,6090435,3,2012,111,87.531914893617,"Proctor Elementary",94546
"187",1,61150,6090435,4,2012,31,73.5789473684211,"Proctor Elementary",94546
"188",1,61150,6090435,4,2012,111,94,"Proctor Elementary",94546
"189",1,61150,6090435,5,2012,111,88,"Proctor Elementary",94546
"190",1,61150,6090468,2,2012,31,73.5,"Stanton Elementary",94546
"191",1,61150,6090468,2,2012,111,91.5,"Stanton Elementary",94546
"192",1,61150,6090468,3,2012,31,65,"Stanton Elementary",94546
"193",1,61150,6090468,3,2012,111,90.0217391304348,"Stanton Elementary",94546
"194",1,61150,6090468,4,2012,31,79.5,"Stanton Elementary",94546
"195",1,61150,6090468,4,2012,111,89,"Stanton Elementary",94546
"196",1,61150,6090468,5,2012,31,58.9587628865979,"Stanton Elementary",94546
"197",1,61150,6090468,5,2012,111,67.2049180327869,"Stanton Elementary",94546
"198",1,61150,6090484,2,2012,111,89,"Vannoy Elementary",94546
"199",1,61150,6090484,3,2012,111,87,"Vannoy Elementary",94546
"200",1,61150,6090484,4,2012,111,86.5,"Vannoy Elementary",94546
"201",1,61150,6090484,5,2012,31,61,"Vannoy Elementary",94546
"202",1,61150,6090484,5,2012,111,76,"Vannoy Elementary",94546
"203",1,61168,132746,8,2012,31,21.5670103092784,"Emery Secondary",94608
"204",1,61168,132746,9,2012,31,19.5604395604396,"Emery Secondary",94608
"205",1,61168,132746,10,2012,31,40.1757322175732,"Emery Secondary",94608
"206",1,61168,132746,10,2012,111,9,"Emery Secondary",94608
"207",1,61168,132746,11,2012,31,7.77464788732394,"Emery Secondary",94608
"208",1,61168,6090492,2,2012,31,56.5,"Anna Yates Elementary",94608
"209",1,61168,6090492,3,2012,31,66.5,"Anna Yates Elementary",94608
"210",1,61168,6090492,4,2012,31,39.5,"Anna Yates Elementary",94608
"211",1,61168,6090492,5,2012,31,64,"Anna Yates Elementary",94608
"212",1,61168,6090492,6,2012,31,50,"Anna Yates Elementary",94608
"213",1,61168,6090492,7,2012,31,53,"Anna Yates Elementary",94608
"214",1,61176,130062,9,2012,31,47.14696485623,"American High",94536
"215",1,61176,130062,9,2012,111,72.4033687943262,"American High",94536
"216",1,61176,130062,10,2012,31,33.5209471766849,"American High",94536
"217",1,61176,130062,10,2012,111,64.9920424403183,"American High",94536
"218",1,61176,130062,11,2012,31,41.7089337175792,"American High",94536
"219",1,61176,130062,11,2012,111,68.1942051683634,"American High",94536
"220",1,61176,130138,8,2012,31,6.74603174603175,"Robertson High (Continuation)",94538
"221",1,61176,130138,9,2012,31,3.375,"Robertson High (Continuation)",94538
"222",1,61176,130138,9,2012,111,14,"Robertson High (Continuation)",94538
"223",1,61176,130138,10,2012,31,2.63392857142857,"Robertson High (Continuation)",94538
"224",1,61176,130138,10,2012,111,8.25423728813559,"Robertson High (Continuation)",94538
"225",1,61176,130138,11,2012,31,9.28787878787879,"Robertson High (Continuation)",94538
"226",1,61176,130138,11,2012,111,14.6948356807512,"Robertson High (Continuation)",94538
"227",1,61176,130435,10,2012,111,33.1428571428571,"Vista Alternative",94538
"228",1,61176,130435,11,2012,111,45.5,"Vista Alternative",94538
"229",1,61176,134270,9,2012,31,52.1416309012876,"Irvington High",94538
"230",1,61176,134270,9,2012,111,77.9178931061193,"Irvington High",94538
"231",1,61176,134270,10,2012,31,45.2244008714597,"Irvington High",94538
"232",1,61176,134270,10,2012,111,76.4594594594595,"Irvington High",94538
"233",1,61176,134270,11,2012,31,46.196,"Irvington High",94538
"234",1,61176,134270,11,2012,111,70.8360433604336,"Irvington High",94538
"235",1,61176,135244,9,2012,31,62,"Mission San Jose High",94539
"236",1,61176,135244,9,2012,111,91.8433333333333,"Mission San Jose High",94539
"237",1,61176,135244,10,2012,31,43.780487804878,"Mission San Jose High",94539
"238",1,61176,135244,10,2012,111,88.1585185185185,"Mission San Jose High",94539
"239",1,61176,135244,11,2012,31,53.5348837209302,"Mission San Jose High",94539
"240",1,61176,135244,11,2012,111,89.3236472945892,"Mission San Jose High",94539
"241",1,61176,138693,9,2012,31,37.2622950819672,"Washington High",94536
"242",1,61176,138693,9,2012,111,64.1463414634146,"Washington High",94536
"243",1,61176,138693,10,2012,31,22.5634328358209,"Washington High",94536
"244",1,61176,138693,10,2012,111,52.9263100436681,"Washington High",94536
"245",1,61176,138693,11,2012,31,33.6385135135135,"Washington High",94536
"246",1,61176,138693,11,2012,111,58.5598130841122,"Washington High",94536
"247",1,61176,6000558,2,2012,31,62.5,"Brier Elementary",94538
"248",1,61176,6000558,2,2012,111,85,"Brier Elementary",94538
"249",1,61176,6000558,3,2012,31,53.5,"Brier Elementary",94538
"250",1,61176,6000558,3,2012,111,70,"Brier Elementary",94538
"251",1,61176,6000558,4,2012,31,66.979381443299,"Brier Elementary",94538
"252",1,61176,6000558,4,2012,111,82.5,"Brier Elementary",94538
"253",1,61176,6000558,5,2012,31,61.2013888888889,"Brier Elementary",94538
"254",1,61176,6000558,5,2012,111,84,"Brier Elementary",94538
"255",1,61176,6000558,6,2012,31,49,"Brier Elementary",94538
"256",1,61176,6000558,6,2012,111,77.5,"Brier Elementary",94538
"257",1,61176,6000566,3,2012,31,50,"Cabrillo Elementary",94536
"258",1,61176,6000566,3,2012,111,64,"Cabrillo Elementary",94536
"259",1,61176,6000566,4,2012,31,71.1587301587302,"Cabrillo Elementary",94536
"260",1,61176,6000566,4,2012,111,83.5,"Cabrillo Elementary",94536
"261",1,61176,6000566,5,2012,31,38,"Cabrillo Elementary",94536
"262",1,61176,6000566,5,2012,111,63,"Cabrillo Elementary",94536
"263",1,61176,6000566,6,2012,31,57.6666666666667,"Cabrillo Elementary",94536
"264",1,61176,6000566,6,2012,111,77.5,"Cabrillo Elementary",94536
"265",1,61176,6000624,2,2012,31,50,"Glenmoor Elementary",94536
"266",1,61176,6000624,2,2012,111,86,"Glenmoor Elementary",94536
"267",1,61176,6000624,3,2012,31,57.5,"Glenmoor Elementary",94536
"268",1,61176,6000624,3,2012,111,77.4356435643564,"Glenmoor Elementary",94536
"269",1,61176,6000624,4,2012,31,71.5,"Glenmoor Elementary",94536
"270",1,61176,6000624,4,2012,111,84.5,"Glenmoor Elementary",94536
"271",1,61176,6000624,5,2012,31,55.3333333333333,"Glenmoor Elementary",94536
"272",1,61176,6000624,5,2012,111,83.6619718309859,"Glenmoor Elementary",94536
"273",1,61176,6000624,6,2012,31,43.5,"Glenmoor Elementary",94536
"274",1,61176,6000624,6,2012,111,92.9896907216495,"Glenmoor Elementary",94536
"275",1,61176,6000749,2,2012,31,54,"Mission Valley Elementary",94539
"276",1,61176,6000749,2,2012,111,92.4976525821596,"Mission Valley Elementary",94539
"277",1,61176,6000749,3,2012,111,96.5,"Mission Valley Elementary",94539
"278",1,61176,6000749,4,2012,111,98,"Mission Valley Elementary",94539
"279",1,61176,6000749,5,2012,111,96.332268370607,"Mission Valley Elementary",94539
"280",1,61176,6000749,6,2012,111,97,"Mission Valley Elementary",94539
"281",1,61176,6000756,2,2012,31,60,"Niles Elementary",94536
"282",1,61176,6000756,2,2012,111,81.4724409448819,"Niles Elementary",94536
"283",1,61176,6000756,3,2012,31,55,"Niles Elementary",94536
"284",1,61176,6000756,3,2012,111,87.4511278195489,"Niles Elementary",94536
"285",1,61176,6000756,4,2012,111,88.0198675496689,"Niles Elementary",94536
"286",1,61176,6000756,5,2012,111,89.3333333333333,"Niles Elementary",94536
"287",1,61176,6000756,6,2012,31,79,"Niles Elementary",94536
"288",1,61176,6000756,6,2012,111,83,"Niles Elementary",94536
"289",1,61176,6000798,2,2012,31,80,"Parkmont Elementary",94536
"290",1,61176,6000798,2,2012,111,98,"Parkmont Elementary",94536
"291",1,61176,6000798,3,2012,31,32,"Parkmont Elementary",94536
"292",1,61176,6000798,3,2012,111,88.5,"Parkmont Elementary",94536
"293",1,61176,6000798,4,2012,31,80.2,"Parkmont Elementary",94536
"294",1,61176,6000798,4,2012,111,95.5072463768116,"Parkmont Elementary",94536
"295",1,61176,6000798,5,2012,31,69.3333333333333,"Parkmont Elementary",94536
"296",1,61176,6000798,5,2012,111,90.6678571428571,"Parkmont Elementary",94536
"297",1,61176,6000798,6,2012,31,72,"Parkmont Elementary",94536
"298",1,61176,6000798,6,2012,111,86.5,"Parkmont Elementary",94536
"299",1,61176,6000806,2,2012,31,54,"Patterson Elementary",94536
"300",1,61176,6000806,2,2012,111,81,"Patterson Elementary",94536
"301",1,61176,6000806,3,2012,31,50.7464788732394,"Patterson Elementary",94536
"302",1,61176,6000806,3,2012,111,67.3478260869565,"Patterson Elementary",94536
"303",1,61176,6000806,4,2012,31,58,"Patterson Elementary",94536
"304",1,61176,6000806,4,2012,111,84.5,"Patterson Elementary",94536
"305",1,61176,6000806,5,2012,31,47.6666666666667,"Patterson Elementary",94536
"306",1,61176,6000806,5,2012,111,82.6666666666667,"Patterson Elementary",94536
"307",1,61176,6000806,6,2012,31,37.5,"Patterson Elementary",94536
"308",1,61176,6000806,6,2012,111,81,"Patterson Elementary",94536
"309",1,61176,6000830,2,2012,31,41,"Vallejo Mill Elementary",94536
"310",1,61176,6000830,2,2012,111,74.5,"Vallejo Mill Elementary",94536
"311",1,61176,6000830,3,2012,31,44.5777777777778,"Vallejo Mill Elementary",94536
"312",1,61176,6000830,3,2012,111,68.1529411764706,"Vallejo Mill Elementary",94536
"313",1,61176,6000830,4,2012,31,68.5087719298246,"Vallejo Mill Elementary",94536
"314",1,61176,6000830,4,2012,111,91.4814814814815,"Vallejo Mill Elementary",94536
"315",1,61176,6000830,5,2012,31,50.6666666666667,"Vallejo Mill Elementary",94536
"316",1,61176,6000830,5,2012,111,75,"Vallejo Mill Elementary",94536
"317",1,61176,6000830,6,2012,31,32,"Vallejo Mill Elementary",94536
"318",1,61176,6000830,6,2012,111,70.4444444444444,"Vallejo Mill Elementary",94536
"319",1,61176,6000848,3,2012,31,67.5,"Warm Springs Elementary",94539
"320",1,61176,6000848,3,2012,111,92.5,"Warm Springs Elementary",94539
"321",1,61176,6000848,4,2012,31,88,"Warm Springs Elementary",94539
"322",1,61176,6000848,4,2012,111,96.4987951807229,"Warm Springs Elementary",94539
"323",1,61176,6000848,5,2012,31,52.3333333333333,"Warm Springs Elementary",94539
"324",1,61176,6000848,5,2012,111,93.9981132075472,"Warm Springs Elementary",94539
"325",1,61176,6000848,6,2012,31,75.8666666666667,"Warm Springs Elementary",94539
"326",1,61176,6000848,6,2012,111,92.5,"Warm Springs Elementary",94539
"327",1,61176,6056873,7,2012,31,49.1574803149606,"Centerville Junior High",94536
"328",1,61176,6056873,7,2012,111,80.6235741444867,"Centerville Junior High",94536
"329",1,61176,6056873,8,2012,31,38.9326923076923,"Centerville Junior High",94536
"330",1,61176,6056873,8,2012,111,70.0604575163399,"Centerville Junior High",94536
"331",1,61176,6056915,7,2012,31,63.9855072463768,"Thornton Junior High",94536
"332",1,61176,6056915,7,2012,111,86.4447476125512,"Thornton Junior High",94536
"333",1,61176,6056915,8,2012,31,46.4390804597701,"Thornton Junior High",94536
"334",1,61176,6056915,8,2012,111,76.9568034557235,"Thornton Junior High",94536
"335",1,61176,6089320,2,2012,31,50,"Brookvale Elementary",94536
"336",1,61176,6089320,2,2012,111,87.5,"Brookvale Elementary",94536
"337",1,61176,6089320,3,2012,111,78.8058252427184,"Brookvale Elementary",94536
"338",1,61176,6089320,4,2012,111,86.9569892473118,"Brookvale Elementary",94536
"339",1,61176,6089320,5,2012,111,87.3356643356643,"Brookvale Elementary",94536
"340",1,61176,6089619,2,2012,31,42.4307692307692,"Warwick Elementary",94555
"341",1,61176,6089619,2,2012,111,87.5,"Warwick Elementary",94555
"342",1,61176,6089619,3,2012,31,62.377358490566,"Warwick Elementary",94555
"343",1,61176,6089619,3,2012,111,86.5272727272727,"Warwick Elementary",94555
"344",1,61176,6089619,4,2012,31,60.695652173913,"Warwick Elementary",94555
"345",1,61176,6089619,4,2012,111,88.5,"Warwick Elementary",94555
"346",1,61176,6089619,5,2012,31,71.0192307692308,"Warwick Elementary",94555
"347",1,61176,6089619,5,2012,111,83.3333333333333,"Warwick Elementary",94555
"348",1,61176,6089619,6,2012,31,53.2903225806452,"Warwick Elementary",94555
"349",1,61176,6089619,6,2012,111,77,"Warwick Elementary",94555
"350",1,61176,6090534,2,2012,111,95.5,"Mission San Jose Elementary",94539
"351",1,61176,6090534,3,2012,111,96.0046948356808,"Mission San Jose Elementary",94539
"352",1,61176,6090534,4,2012,111,99.5,"Mission San Jose Elementary",94539
"353",1,61176,6090534,5,2012,111,97.6666666666667,"Mission San Jose Elementary",94539
"354",1,61176,6090534,6,2012,111,97.5,"Mission San Jose Elementary",94539
"355",1,61176,6090542,2,2012,31,56,"Oliveira Elementary",94536
"356",1,61176,6090542,2,2012,111,90.5,"Oliveira Elementary",94536
"357",1,61176,6090542,3,2012,31,55.5,"Oliveira Elementary",94536
"358",1,61176,6090542,3,2012,111,72.4017094017094,"Oliveira Elementary",94536
"359",1,61176,6090542,4,2012,31,87.5555555555556,"Oliveira Elementary",94536
"360",1,61176,6090542,4,2012,111,87.9393939393939,"Oliveira Elementary",94536
"361",1,61176,6090542,5,2012,31,64.140625,"Oliveira Elementary",94536
"362",1,61176,6090542,5,2012,111,88.3461538461538,"Oliveira Elementary",94536
"363",1,61176,6090542,6,2012,31,71,"Oliveira Elementary",94536
"364",1,61176,6090542,6,2012,111,86.9,"Oliveira Elementary",94536
"365",1,61176,6104723,2,2012,31,66,"Ardenwood Elementary",94555
"366",1,61176,6104723,2,2012,111,96.4937238493724,"Ardenwood Elementary",94555
"367",1,61176,6104723,3,2012,31,72.2758620689655,"Ardenwood Elementary",94555
"368",1,61176,6104723,3,2012,111,91.0171673819742,"Ardenwood Elementary",94555
"369",1,61176,6104723,4,2012,31,64,"Ardenwood Elementary",94555
"370",1,61176,6104723,4,2012,111,93.4861111111111,"Ardenwood Elementary",94555
"371",1,61176,6104723,5,2012,31,65.5853658536585,"Ardenwood Elementary",94555
"372",1,61176,6104723,5,2012,111,92.6666666666667,"Ardenwood Elementary",94555
"373",1,61176,6104723,6,2012,31,64,"Ardenwood Elementary",94555
"374",1,61176,6104723,6,2012,111,93.5,"Ardenwood Elementary",94555
"375",1,61176,6111330,2,2012,111,93,"Forest Park Elementary",94555
"376",1,61176,6111330,3,2012,111,93.4827586206897,"Forest Park Elementary",94555
"377",1,61176,6111330,4,2012,111,94,"Forest Park Elementary",94555
"378",1,61176,6111330,5,2012,31,61,"Forest Park Elementary",94555
"379",1,61176,6111330,5,2012,111,95.3324937027708,"Forest Park Elementary",94555
"380",1,61176,6111330,6,2012,31,73,"Forest Park Elementary",94555
"381",1,61176,6111330,6,2012,111,92.5,"Forest Park Elementary",94555
"382",1,61192,133009,11,2012,31,6.63953488372093,"Brenkwitz High",94541
"383",1,61192,133009,11,2012,111,11.8,"Brenkwitz High",94541
"384",1,61192,135319,9,2012,31,26.6325842696629,"Mt. Eden High",94545
"385",1,61192,135319,9,2012,111,49.1579961464355,"Mt. Eden High",94545
"386",1,61192,135319,10,2012,31,26.8104719764012,"Mt. Eden High",94545
"387",1,61192,135319,10,2012,111,42.2130937098845,"Mt. Eden High",94545
"388",1,61192,135319,11,2012,31,21.5058191584602,"Mt. Eden High",94545
"389",1,61192,135319,11,2012,111,36.213921901528,"Mt. Eden High",94545
"390",1,61192,138339,9,2012,31,18.546686746988,"Tennyson High",94544
"391",1,61192,138339,9,2012,111,26.190243902439,"Tennyson High",94544
"392",1,61192,138339,10,2012,31,18.4087932647334,"Tennyson High",94544
"393",1,61192,138339,10,2012,111,34.4006309148265,"Tennyson High",94544
"394",1,61192,138339,11,2012,31,26.4553805774278,"Tennyson High",94544
"395",1,61192,138339,11,2012,111,24.8608058608059,"Tennyson High",94544
"396",1,61192,6000905,2,2012,31,74,"Burbank Elementary",94541
"397",1,61192,6000905,2,2012,111,83,"Burbank Elementary",94541
"398",1,61192,6000905,3,2012,31,58,"Burbank Elementary",94541
"399",1,61192,6000905,3,2012,111,69.5,"Burbank Elementary",94541
"400",1,61192,6000905,4,2012,31,63.5,"Burbank Elementary",94541
"401",1,61192,6000905,4,2012,111,94,"Burbank Elementary",94541
"402",1,61192,6000905,5,2012,31,58.5892116182573,"Burbank Elementary",94541
"403",1,61192,6000905,5,2012,111,63.5609756097561,"Burbank Elementary",94541
"404",1,61192,6000905,6,2012,31,67.0674846625767,"Burbank Elementary",94541
"405",1,61192,6000905,6,2012,111,88.5,"Burbank Elementary",94541
"406",1,61192,6000913,2,2012,31,25,"Cherryland Elementary",94541
"407",1,61192,6000913,3,2012,31,34,"Cherryland Elementary",94541
"408",1,61192,6000913,4,2012,31,43.0246305418719,"Cherryland Elementary",94541
"409",1,61192,6000913,4,2012,111,37.5,"Cherryland Elementary",94541
"410",1,61192,6000913,5,2012,31,42,"Cherryland Elementary",94541
"411",1,61192,6000913,6,2012,31,25,"Cherryland Elementary",94541
"412",1,61192,6000913,6,2012,111,36,"Cherryland Elementary",94541
"413",1,61192,6000921,2,2012,31,34.5,"East Avenue Elementary",94541
"414",1,61192,6000921,2,2012,111,64.0266666666667,"East Avenue Elementary",94541
"415",1,61192,6000921,3,2012,31,31.5671641791045,"East Avenue Elementary",94541
"416",1,61192,6000921,3,2012,111,61.5,"East Avenue Elementary",94541
"417",1,61192,6000921,4,2012,31,33.0579710144928,"East Avenue Elementary",94541
"418",1,61192,6000921,4,2012,111,74.5,"East Avenue Elementary",94541
"419",1,61192,6000921,5,2012,31,21.6666666666667,"East Avenue Elementary",94541
"420",1,61192,6000921,5,2012,111,50.3333333333333,"East Avenue Elementary",94541
"421",1,61192,6000921,6,2012,31,21.5,"East Avenue Elementary",94541
"422",1,61192,6000921,6,2012,111,47,"East Avenue Elementary",94541
"423",1,61192,6000947,2,2012,31,30.5,"Eldridge Elementary",94544
"424",1,61192,6000947,2,2012,111,62.5,"Eldridge Elementary",94544
"425",1,61192,6000947,3,2012,31,31.5,"Eldridge Elementary",94544
"426",1,61192,6000947,3,2012,111,54,"Eldridge Elementary",94544
"427",1,61192,6000947,4,2012,31,48,"Eldridge Elementary",94544
"428",1,61192,6000947,4,2012,111,63.5,"Eldridge Elementary",94544
"429",1,61192,6000947,5,2012,31,58,"Eldridge Elementary",94544
"430",1,61192,6000947,5,2012,111,70,"Eldridge Elementary",94544
"431",1,61192,6000947,6,2012,31,39,"Eldridge Elementary",94544
"432",1,61192,6000947,6,2012,111,78,"Eldridge Elementary",94544
"433",1,61192,6000988,2,2012,31,17,"Glassbrook Elementary",94544
"434",1,61192,6000988,3,2012,31,20,"Glassbrook Elementary",94544
"435",1,61192,6000988,4,2012,31,39,"Glassbrook Elementary",94544
"436",1,61192,6000988,5,2012,31,17.3353658536585,"Glassbrook Elementary",94544
"437",1,61192,6000988,6,2012,31,30,"Glassbrook Elementary",94544
"438",1,61192,6001044,2,2012,31,36,"Longwood Elementary",94541
"439",1,61192,6001044,2,2012,111,68.5,"Longwood Elementary",94541
"440",1,61192,6001044,3,2012,31,35,"Longwood Elementary",94541
"441",1,61192,6001044,4,2012,31,34.5,"Longwood Elementary",94541
"442",1,61192,6001044,5,2012,31,41.3333333333333,"Longwood Elementary",94541
"443",1,61192,6001044,6,2012,31,39.5037037037037,"Longwood Elementary",94541
"444",1,61192,6001093,2,2012,31,52.5,"Palma Ceia Elementary",94545
"445",1,61192,6001093,2,2012,111,77,"Palma Ceia Elementary",94545
"446",1,61192,6001093,3,2012,31,41,"Palma Ceia Elementary",94545
"447",1,61192,6001093,3,2012,111,47.5,"Palma Ceia Elementary",94545
"448",1,61192,6001093,4,2012,31,51.5,"Palma Ceia Elementary",94545
"449",1,61192,6001093,4,2012,111,73,"Palma Ceia Elementary",94545
"450",1,61192,6001093,5,2012,31,54,"Palma Ceia Elementary",94545
"451",1,61192,6001093,5,2012,111,78.6666666666667,"Palma Ceia Elementary",94545
"452",1,61192,6001093,6,2012,31,34.5,"Palma Ceia Elementary",94545
"453",1,61192,6001093,6,2012,111,58,"Palma Ceia Elementary",94545
"454",1,61192,6001101,2,2012,31,22,"Park Elementary",94540
"455",1,61192,6001101,2,2012,111,21.5,"Park Elementary",94540
"456",1,61192,6001101,3,2012,31,26,"Park Elementary",94540
"457",1,61192,6001101,3,2012,111,53,"Park Elementary",94540
"458",1,61192,6001101,4,2012,31,37.5,"Park Elementary",94540
"459",1,61192,6001101,4,2012,111,55,"Park Elementary",94540
"460",1,61192,6001101,5,2012,31,30.6666666666667,"Park Elementary",94540
"461",1,61192,6001101,5,2012,111,38.3333333333333,"Park Elementary",94540
"462",1,61192,6001101,6,2012,31,22.5,"Park Elementary",94540
"463",1,61192,6001101,6,2012,111,45.5,"Park Elementary",94540
"464",1,61192,6001127,2,2012,31,28.4817518248175,"Ruus Elementary",94540
"465",1,61192,6001127,2,2012,111,40,"Ruus Elementary",94540
"466",1,61192,6001127,3,2012,31,12.5,"Ruus Elementary",94540
"467",1,61192,6001127,3,2012,111,32.5,"Ruus Elementary",94540
"468",1,61192,6001127,4,2012,31,26.5,"Ruus Elementary",94540
"469",1,61192,6001127,4,2012,111,54,"Ruus Elementary",94540
"470",1,61192,6001127,5,2012,31,25.6666666666667,"Ruus Elementary",94540
"471",1,61192,6001127,5,2012,111,45.3333333333333,"Ruus Elementary",94540
"472",1,61192,6001127,6,2012,31,37.4903225806452,"Ruus Elementary",94540
"473",1,61192,6001127,6,2012,111,70,"Ruus Elementary",94540
"474",1,61192,6001176,2,2012,31,42,"Southgate Elementary",94545
"475",1,61192,6001176,2,2012,111,67,"Southgate Elementary",94545
"476",1,61192,6001176,3,2012,31,47,"Southgate Elementary",94545
"477",1,61192,6001176,3,2012,111,69,"Southgate Elementary",94545
"478",1,61192,6001176,4,2012,31,60,"Southgate Elementary",94545
"479",1,61192,6001176,4,2012,111,63,"Southgate Elementary",94545
"480",1,61192,6001176,5,2012,31,29.3419689119171,"Southgate Elementary",94545
"481",1,61192,6001176,5,2012,111,51.2371134020619,"Southgate Elementary",94545
"482",1,61192,6001176,6,2012,31,44.4957264957265,"Southgate Elementary",94545
"483",1,61192,6001176,6,2012,111,65,"Southgate Elementary",94545
"484",1,61192,6001192,2,2012,31,39.5537190082645,"Treeview Elementary",94544
"485",1,61192,6001192,2,2012,111,52.5,"Treeview Elementary",94544
"486",1,61192,6001192,3,2012,31,31,"Treeview Elementary",94544
"487",1,61192,6001192,3,2012,111,68.5,"Treeview Elementary",94544
"488",1,61192,6001192,4,2012,31,52.5,"Treeview Elementary",94544
"489",1,61192,6001192,4,2012,111,67.5,"Treeview Elementary",94544
"490",1,61192,6001192,5,2012,31,53,"Treeview Elementary",94544
"491",1,61192,6001192,5,2012,111,73.515625,"Treeview Elementary",94544
"492",1,61192,6001192,6,2012,31,43.4536082474227,"Treeview Elementary",94544
"493",1,61192,6001192,6,2012,111,70,"Treeview Elementary",94544
"494",1,61192,6056931,7,2012,31,40.4619422572178,"Bret Harte Middle",94540
"495",1,61192,6056931,7,2012,111,59.02,"Bret Harte Middle",94540
"496",1,61192,6056931,8,2012,31,36.7333333333333,"Bret Harte Middle",94540
"497",1,61192,6056931,8,2012,111,51.5828877005348,"Bret Harte Middle",94540
"498",1,61192,6056972,7,2012,31,30.4324324324324,"Winton Middle",94540
"499",1,61192,6056972,7,2012,111,43.6231884057971,"Winton Middle",94540
"500",1,61192,6056972,8,2012,31,25.2947598253275,"Winton Middle",94540
"501",1,61192,6056972,8,2012,111,38.9526315789474,"Winton Middle",94540
"502",1,61192,6104566,2,2012,31,31,"Tyrrell Elementary",94540
"503",1,61192,6104566,3,2012,31,33,"Tyrrell Elementary",94540
"504",1,61192,6104566,4,2012,31,42,"Tyrrell Elementary",94540
"505",1,61192,6104566,5,2012,31,44.6666666666667,"Tyrrell Elementary",94540
"506",1,61192,6104566,6,2012,31,40,"Tyrrell Elementary",94540
"507",1,61200,130393,10,2012,111,35.7142857142857,"Vineyard Alternative",94550
"508",1,61200,130393,11,2012,31,14.3055555555556,"Vineyard Alternative",94550
"509",1,61200,130393,11,2012,111,31.4912280701754,"Vineyard Alternative",94550
"510",1,61200,132670,11,2012,31,3.50877192982456,"Del Valle Continuation High",94550
"511",1,61200,132670,11,2012,111,9,"Del Valle Continuation High",94550
"512",1,61200,133397,9,2012,31,43.6018518518519,"Granada High",94550
"513",1,61200,133397,9,2012,111,69.0990566037736,"Granada High",94550
"514",1,61200,133397,10,2012,31,46.1872791519435,"Granada High",94550
"515",1,61200,133397,10,2012,111,75.2288969445883,"Granada High",94550
"516",1,61200,133397,11,2012,31,44.3733905579399,"Granada High",94550
"517",1,61200,133397,11,2012,111,62.6736020806242,"Granada High",94550
"518",1,61200,134536,9,2012,31,35.5176991150442,"Livermore High",94550
"519",1,61200,134536,9,2012,111,65.9853836784409,"Livermore High",94550
"520",1,61200,134536,10,2012,31,40.4838709677419,"Livermore High",94550
"521",1,61200,134536,10,2012,111,64.4372781065089,"Livermore High",94550
"522",1,61200,134536,11,2012,31,35.1372549019608,"Livermore High",94550
"523",1,61200,134536,11,2012,111,59,"Livermore High",94550
"524",1,61200,6001234,2,2012,31,23,"Junction K-8",94551
"525",1,61200,6001234,3,2012,31,41.8780487804878,"Junction K-8",94551
"526",1,61200,6001234,4,2012,31,65.0307692307692,"Junction K-8",94551
"527",1,61200,6001234,5,2012,31,43.3131313131313,"Junction K-8",94551
"528",1,61200,6001234,6,2012,31,47.4657534246575,"Junction K-8",94551
"529",1,61200,6001234,6,2012,111,67.4646464646465,"Junction K-8",94551
"530",1,61200,6001234,7,2012,31,49.2892561983471,"Junction K-8",94551
"531",1,61200,6001234,7,2012,111,78.203007518797,"Junction K-8",94551
"532",1,61200,6001234,8,2012,31,30.0394736842105,"Junction K-8",94551
"533",1,61200,6001234,8,2012,111,58.0505050505051,"Junction K-8",94551
"534",1,61200,6001242,6,2012,31,47.8260869565217,"East Avenue Middle",94550
"535",1,61200,6001242,6,2012,111,79.4074074074074,"East Avenue Middle",94550
"536",1,61200,6001242,7,2012,31,41.7637795275591,"East Avenue Middle",94550
"537",1,61200,6001242,7,2012,111,78.0263157894737,"East Avenue Middle",94550
"538",1,61200,6001242,8,2012,31,38.9160305343511,"East Avenue Middle",94550
"539",1,61200,6001242,8,2012,111,77.0160142348754,"East Avenue Middle",94550
"540",1,61200,6001283,2,2012,31,72,"Jackson Avenue Elementary",94550
"541",1,61200,6001283,2,2012,111,87.5,"Jackson Avenue Elementary",94550
"542",1,61200,6001283,3,2012,31,71.7294117647059,"Jackson Avenue Elementary",94550
"543",1,61200,6001283,3,2012,111,84.0804597701149,"Jackson Avenue Elementary",94550
"544",1,61200,6001283,4,2012,31,60.5,"Jackson Avenue Elementary",94550
"545",1,61200,6001283,4,2012,111,87.9452054794521,"Jackson Avenue Elementary",94550
"546",1,61200,6001283,5,2012,31,56.3297872340426,"Jackson Avenue Elementary",94550
"547",1,61200,6001283,5,2012,111,84,"Jackson Avenue Elementary",94550
"548",1,61200,6001291,2,2012,31,62,"Joe Michell",94550
"549",1,61200,6001291,2,2012,111,83.5,"Joe Michell",94550
"550",1,61200,6001291,3,2012,31,64.2564102564103,"Joe Michell",94550
"551",1,61200,6001291,3,2012,111,85.4202898550725,"Joe Michell",94550
"552",1,61200,6001291,4,2012,31,86,"Joe Michell",94550
"553",1,61200,6001291,4,2012,111,85.4754098360656,"Joe Michell",94550
"554",1,61200,6001291,5,2012,31,64.2857142857143,"Joe Michell",94550
"555",1,61200,6001291,5,2012,111,79.7037037037037,"Joe Michell",94550
"556",1,61200,6001291,6,2012,31,27.5,"Joe Michell",94550
"557",1,61200,6001291,6,2012,111,51.1463414634146,"Joe Michell",94550
"558",1,61200,6001291,7,2012,31,54,"Joe Michell",94550
"559",1,61200,6001291,7,2012,111,56.5,"Joe Michell",94550
"560",1,61200,6001291,8,2012,31,36.9692307692308,"Joe Michell",94550
"561",1,61200,6001291,8,2012,111,44.0983606557377,"Joe Michell",94550
"562",1,61200,6001317,2,2012,31,65,"Marylin Avenue Elementary",94551
"563",1,61200,6001317,2,2012,111,87,"Marylin Avenue Elementary",94551
"564",1,61200,6001317,3,2012,31,50,"Marylin Avenue Elementary",94551
"565",1,61200,6001317,3,2012,111,51.7037037037037,"Marylin Avenue Elementary",94551
"566",1,61200,6001317,4,2012,31,68.5757575757576,"Marylin Avenue Elementary",94551
"567",1,61200,6001317,4,2012,111,66.5,"Marylin Avenue Elementary",94551
"568",1,61200,6001317,5,2012,31,44.4794520547945,"Marylin Avenue Elementary",94551
"569",1,61200,6001317,5,2012,111,51.6666666666667,"Marylin Avenue Elementary",94551
"570",1,61200,6001341,6,2012,31,45.6949152542373,"William Mendenhall Middle",94550
"571",1,61200,6001341,6,2012,111,82.9698189134809,"William Mendenhall Middle",94550
"572",1,61200,6001341,7,2012,31,70,"William Mendenhall Middle",94550
"573",1,61200,6001341,7,2012,111,91.1203319502075,"William Mendenhall Middle",94550
"574",1,61200,6001341,8,2012,31,50.98,"William Mendenhall Middle",94550
"575",1,61200,6001341,8,2012,111,77.3076923076923,"William Mendenhall Middle",94550
"576",1,61200,6071906,2,2012,31,57,"Arroyo Seco Elementary",94550
"577",1,61200,6071906,2,2012,111,78,"Arroyo Seco Elementary",94550
"578",1,61200,6071906,3,2012,31,38.0952380952381,"Arroyo Seco Elementary",94550
"579",1,61200,6071906,3,2012,111,80.5,"Arroyo Seco Elementary",94550
"580",1,61200,6071906,4,2012,31,61.7179487179487,"Arroyo Seco Elementary",94550
"581",1,61200,6071906,4,2012,111,87.4973262032086,"Arroyo Seco Elementary",94550
"582",1,61200,6071906,5,2012,31,66.1230769230769,"Arroyo Seco Elementary",94550
"583",1,61200,6071906,5,2012,111,93.66015625,"Arroyo Seco Elementary",94550
"584",1,61200,6089338,2,2012,31,50,"Rancho Las Positas Elementary",94551
"585",1,61200,6089338,2,2012,111,73.5,"Rancho Las Positas Elementary",94551
"586",1,61200,6089338,3,2012,31,44,"Rancho Las Positas Elementary",94551
"587",1,61200,6089338,3,2012,111,71.0743801652893,"Rancho Las Positas Elementary",94551
"588",1,61200,6089338,4,2012,31,81.5,"Rancho Las Positas Elementary",94551
"589",1,61200,6089338,4,2012,111,92.5116279069767,"Rancho Las Positas Elementary",94551
"590",1,61200,6089338,5,2012,31,80.0285714285714,"Rancho Las Positas Elementary",94551
"591",1,61200,6089338,5,2012,111,93,"Rancho Las Positas Elementary",94551
"592",1,61200,6097661,2,2012,31,58.5,"Sunset Elementary",94550
"593",1,61200,6097661,2,2012,111,83.5,"Sunset Elementary",94550
"594",1,61200,6097661,3,2012,31,54,"Sunset Elementary",94550
"595",1,61200,6097661,3,2012,111,83.5183673469388,"Sunset Elementary",94550
"596",1,61200,6097661,4,2012,111,92.5,"Sunset Elementary",94550
"597",1,61200,6097661,5,2012,31,75,"Sunset Elementary",94550
"598",1,61200,6097661,5,2012,111,85.0031055900621,"Sunset Elementary",94550
"599",1,61200,6117543,2,2012,31,58,"Altamont Creek Elementary",94551
"600",1,61200,6117543,2,2012,111,79,"Altamont Creek Elementary",94551
"601",1,61200,6117543,3,2012,31,73,"Altamont Creek Elementary",94551
"602",1,61200,6117543,3,2012,111,82.9597315436242,"Altamont Creek Elementary",94551
"603",1,61200,6117543,4,2012,31,91.5,"Altamont Creek Elementary",94551
"604",1,61200,6117543,4,2012,111,89.4938271604938,"Altamont Creek Elementary",94551
"605",1,61200,6117543,5,2012,31,60.3333333333333,"Altamont Creek Elementary",94551
"606",1,61200,6117543,5,2012,111,88.3333333333333,"Altamont Creek Elementary",94551
"607",1,61234,130054,9,2012,31,39.6285310734463,"Newark Memorial High",94560
"608",1,61234,130054,9,2012,111,64.5502645502645,"Newark Memorial High",94560
"609",1,61234,130054,10,2012,31,31.6666666666667,"Newark Memorial High",94560
"610",1,61234,130054,10,2012,111,51.9556285949055,"Newark Memorial High",94560
"611",1,61234,130054,11,2012,31,26.1767955801105,"Newark Memorial High",94560
"612",1,61234,130054,11,2012,111,41.9005464480874,"Newark Memorial High",94560
"613",1,61234,6001523,2,2012,31,68,"Lincoln Elementary",94560
"614",1,61234,6001523,2,2012,111,83,"Lincoln Elementary",94560
"615",1,61234,6001523,3,2012,31,59.5,"Lincoln Elementary",94560
"616",1,61234,6001523,3,2012,111,75,"Lincoln Elementary",94560
"617",1,61234,6001523,4,2012,31,66,"Lincoln Elementary",94560
"618",1,61234,6001523,4,2012,111,82,"Lincoln Elementary",94560
"619",1,61234,6001523,5,2012,31,49.6666666666667,"Lincoln Elementary",94560
"620",1,61234,6001523,5,2012,111,66.6666666666667,"Lincoln Elementary",94560
"621",1,61234,6001523,6,2012,31,45.974358974359,"Lincoln Elementary",94560
"622",1,61234,6001523,6,2012,111,60,"Lincoln Elementary",94560
"623",1,61234,6102917,7,2012,31,54.1073170731707,"Newark Junior High",94560
"624",1,61234,6102917,7,2012,111,74.5094339622642,"Newark Junior High",94560
"625",1,61234,6102917,8,2012,31,48.2396616541353,"Newark Junior High",94560
"626",1,61234,6102917,8,2012,111,70.2918032786885,"Newark Junior High",94560
"627",1,61242,134668,9,2012,31,31.2524834437086,"James Logan High",94587
"628",1,61242,134668,9,2012,111,54.706932052162,"James Logan High",94587
"629",1,61242,134668,10,2012,31,24.9350140056022,"James Logan High",94587
"630",1,61242,134668,10,2012,111,47.8696981276271,"James Logan High",94587
"631",1,61242,134668,11,2012,31,30.1710808876163,"James Logan High",94587
"632",1,61242,134668,11,2012,111,46.0481194690265,"James Logan High",94587
"633",1,61242,6001572,2,2012,31,59.4649681528662,"Alvarado Elementary",94587
"634",1,61242,6001572,2,2012,111,77.5,"Alvarado Elementary",94587
"635",1,61242,6001572,3,2012,31,39.5602836879433,"Alvarado Elementary",94587
"636",1,61242,6001572,3,2012,111,69.5,"Alvarado Elementary",94587
"637",1,61242,6001572,4,2012,31,70,"Alvarado Elementary",94587
"638",1,61242,6001572,4,2012,111,81.9924812030075,"Alvarado Elementary",94587
"639",1,61242,6001572,5,2012,31,77.2368421052632,"Alvarado Elementary",94587
"640",1,61242,6001572,5,2012,111,76.6666666666667,"Alvarado Elementary",94587
"641",1,61242,6001606,2,2012,31,44,"Hillview Crest Elementary",94544
"642",1,61242,6001606,2,2012,111,65.4705882352941,"Hillview Crest Elementary",94544
"643",1,61242,6001606,3,2012,31,43.5,"Hillview Crest Elementary",94544
"644",1,61242,6001606,3,2012,111,62.3018867924528,"Hillview Crest Elementary",94544
"645",1,61242,6001606,4,2012,31,44.4649681528662,"Hillview Crest Elementary",94544
"646",1,61242,6001606,4,2012,111,69.0298507462687,"Hillview Crest Elementary",94544
"647",1,61242,6001606,5,2012,31,52.9941860465116,"Hillview Crest Elementary",94544
"648",1,61242,6001606,5,2012,111,70,"Hillview Crest Elementary",94544
"649",1,61242,6001622,2,2012,31,55.5,"Searles Elementary",94587
"650",1,61242,6001622,2,2012,111,64.5,"Searles Elementary",94587
"651",1,61242,6001622,3,2012,31,31.0769230769231,"Searles Elementary",94587
"652",1,61242,6001622,3,2012,111,51.5,"Searles Elementary",94587
"653",1,61242,6001622,4,2012,31,38,"Searles Elementary",94587
"654",1,61242,6001622,4,2012,111,61,"Searles Elementary",94587
"655",1,61242,6001622,5,2012,31,39,"Searles Elementary",94587
"656",1,61242,6001622,5,2012,111,62.6666666666667,"Searles Elementary",94587
"657",1,61242,6097679,6,2012,31,30.9964221824687,"Cesar Chavez Middle",94587
"658",1,61242,6097679,6,2012,111,62,"Cesar Chavez Middle",94587
"659",1,61242,6097679,7,2012,31,28.6498054474708,"Cesar Chavez Middle",94587
"660",1,61242,6097679,7,2012,111,50.9581151832461,"Cesar Chavez Middle",94587
"661",1,61242,6097679,8,2012,31,26.678640776699,"Cesar Chavez Middle",94587
"662",1,61242,6097679,8,2012,111,46.1332487309645,"Cesar Chavez Middle",94587
"663",1,61242,6101604,2,2012,31,65,"Pioneer Elementary",94587
"664",1,61242,6101604,2,2012,111,69,"Pioneer Elementary",94587
"665",1,61242,6101604,3,2012,31,53,"Pioneer Elementary",94587
"666",1,61242,6101604,3,2012,111,71.5464480874317,"Pioneer Elementary",94587
"667",1,61242,6101604,4,2012,31,44.4653465346535,"Pioneer Elementary",94587
"668",1,61242,6101604,4,2012,111,81.4970760233918,"Pioneer Elementary",94587
"669",1,61242,6101604,5,2012,31,54.3333333333333,"Pioneer Elementary",94587
"670",1,61242,6101604,5,2012,111,73.8733031674208,"Pioneer Elementary",94587
"671",1,61259,100065,9,2012,31,30.0182926829268,"Oakland Unity High",94605
"672",1,61259,100065,10,2012,31,15.5924528301887,"Oakland Unity High",94605
"673",1,61259,100065,10,2012,111,44.6666666666667,"Oakland Unity High",94605
"674",1,61259,100065,11,2012,31,34.4184782608696,"Oakland Unity High",94605
"675",1,61259,102988,2,2012,31,48,"EnCompass Academy Elementary",94621
"676",1,61259,102988,2,2012,111,53,"EnCompass Academy Elementary",94621
"677",1,61259,102988,3,2012,31,66,"EnCompass Academy Elementary",94621
"678",1,61259,102988,3,2012,111,56.5,"EnCompass Academy Elementary",94621
"679",1,61259,102988,4,2012,31,70,"EnCompass Academy Elementary",94621
"680",1,61259,102988,4,2012,111,65,"EnCompass Academy Elementary",94621
"681",1,61259,102988,5,2012,31,47.3333333333333,"EnCompass Academy Elementary",94621
"682",1,61259,110189,9,2012,31,8.57009345794392,"McClymonds High",94607
"683",1,61259,110189,9,2012,111,11.9459459459459,"McClymonds High",94607
"684",1,61259,110189,10,2012,31,9.70813397129187,"McClymonds High",94607
"685",1,61259,110189,10,2012,111,0,"McClymonds High",94607
"686",1,61259,110189,11,2012,31,6.61467889908257,"McClymonds High",94607
"687",1,61259,110189,11,2012,111,5.60344827586207,"McClymonds High",94607
"688",1,61259,110247,2,2012,31,58,"Manzanita SEED Elementary",94601
"689",1,61259,110247,2,2012,111,78,"Manzanita SEED Elementary",94601
"690",1,61259,110247,3,2012,31,44.8709677419355,"Manzanita SEED Elementary",94601
"691",1,61259,110247,3,2012,111,77.1714285714286,"Manzanita SEED Elementary",94601
"692",1,61259,110247,4,2012,31,60.5,"Manzanita SEED Elementary",94601
"693",1,61259,110247,4,2012,111,84,"Manzanita SEED Elementary",94601
"694",1,61259,110247,5,2012,31,71.6666666666667,"Manzanita SEED Elementary",94601
"695",1,61259,110247,5,2012,111,62,"Manzanita SEED Elementary",94601
"696",1,61259,111476,4,2012,31,75.5,"Achieve Academy",94621
"697",1,61259,111476,5,2012,31,44.6666666666667,"Achieve Academy",94621
"698",1,61259,112797,6,2012,31,23.5,"Coliseum College Prep Academy",94621
"699",1,61259,112797,6,2012,111,27.5,"Coliseum College Prep Academy",94621
"700",1,61259,112797,7,2012,31,32,"Coliseum College Prep Academy",94621
"701",1,61259,112797,7,2012,111,40.5,"Coliseum College Prep Academy",94621
"702",1,61259,112797,8,2012,31,33.2380952380952,"Coliseum College Prep Academy",94621
"703",1,61259,112797,8,2012,111,31.92,"Coliseum College Prep Academy",94621
"704",1,61259,112797,9,2012,31,23.2424242424242,"Coliseum College Prep Academy",94621
"705",1,61259,112797,9,2012,111,21.0909090909091,"Coliseum College Prep Academy",94621
"706",1,61259,112797,10,2012,31,15.2616279069767,"Coliseum College Prep Academy",94621
"707",1,61259,112797,10,2012,111,11.3,"Coliseum College Prep Academy",94621
"708",1,61259,112797,11,2012,31,9.5948275862069,"Coliseum College Prep Academy",94621
"709",1,61259,112797,11,2012,111,14.7042253521127,"Coliseum College Prep Academy",94621
"710",1,61259,115238,9,2012,31,16.4615384615385,"ARISE High",94601
"711",1,61259,115238,9,2012,111,11,"ARISE High",94601
"712",1,61259,115238,10,2012,31,4.65771812080537,"ARISE High",94601
"713",1,61259,115238,10,2012,111,4.84172661870504,"ARISE High",94601
"714",1,61259,115238,11,2012,31,10.5217391304348,"ARISE High",94601
"715",1,61259,115238,11,2012,111,4.58823529411765,"ARISE High",94601
"716",1,61259,115576,2,2012,31,9.5,"Futures Elementary",94621
"717",1,61259,115576,2,2012,111,10,"Futures Elementary",94621
"718",1,61259,115576,3,2012,31,23,"Futures Elementary",94621
"719",1,61259,115576,3,2012,111,41.5,"Futures Elementary",94621
"720",1,61259,115576,4,2012,31,38.6774193548387,"Futures Elementary",94621
"721",1,61259,115576,4,2012,111,50,"Futures Elementary",94621
"722",1,61259,115576,5,2012,31,11.6103896103896,"Futures Elementary",94621
"723",1,61259,115576,5,2012,111,11,"Futures Elementary",94621
"724",1,61259,115592,2,2012,31,38,"Learning Without Limits",94601
"725",1,61259,115592,2,2012,111,55.5,"Learning Without Limits",94601
"726",1,61259,115592,3,2012,31,48.5,"Learning Without Limits",94601
"727",1,61259,115592,3,2012,111,58,"Learning Without Limits",94601
"728",1,61259,115592,4,2012,31,42,"Learning Without Limits",94601
"729",1,61259,115592,4,2012,111,34.8571428571429,"Learning Without Limits",94601
"730",1,61259,115592,5,2012,31,50.6666666666667,"Learning Without Limits",94601
"731",1,61259,115592,5,2012,111,54,"Learning Without Limits",94601
"732",1,61259,115600,2,2012,31,36,"East Oakland Pride Elementary",94621
"733",1,61259,115600,2,2012,111,58.5,"East Oakland Pride Elementary",94621
"734",1,61259,115600,3,2012,31,19,"East Oakland Pride Elementary",94621
"735",1,61259,115600,3,2012,111,12.5,"East Oakland Pride Elementary",94621
"736",1,61259,115600,4,2012,31,37.5,"East Oakland Pride Elementary",94621
"737",1,61259,115600,4,2012,111,43,"East Oakland Pride Elementary",94621
"738",1,61259,115600,5,2012,31,39,"East Oakland Pride Elementary",94621
"739",1,61259,115600,5,2012,111,60,"East Oakland Pride Elementary",94621
"740",1,61259,115626,6,2012,31,9,"West Oakland Middle",94607
"741",1,61259,115626,6,2012,111,15.5,"West Oakland Middle",94607
"742",1,61259,115626,7,2012,31,8,"West Oakland Middle",94607
"743",1,61259,115626,7,2012,111,7,"West Oakland Middle",94607
"744",1,61259,115626,8,2012,31,7.80645161290323,"West Oakland Middle",94607
"745",1,61259,115626,8,2012,111,13.1529411764706,"West Oakland Middle",94607
"746",1,61259,115667,9,2012,31,1,"Oakland International High",94609
"747",1,61259,115667,9,2012,111,0,"Oakland International High",94609
"748",1,61259,115667,10,2012,31,1.16666666666667,"Oakland International High",94609
"749",1,61259,115667,10,2012,111,1.44094488188976,"Oakland International High",94609
"750",1,61259,115667,11,2012,31,1.2760736196319,"Oakland International High",94609
"751",1,61259,115667,11,2012,111,1.88679245283019,"Oakland International High",94609
"752",1,61259,125161,9,2012,31,11.6565934065934,"Castlemont High",94605
"753",1,61259,125161,9,2012,111,4.33333333333333,"Castlemont High",94605
"754",1,61259,130575,9,2012,31,28.3093525179856,"LIFE Academy",94601
"755",1,61259,130575,9,2012,111,50,"LIFE Academy",94601
"756",1,61259,130575,10,2012,31,42.7041420118343,"LIFE Academy",94601
"757",1,61259,130575,10,2012,111,53.625,"LIFE Academy",94601
"758",1,61259,130575,11,2012,31,15.3153846153846,"LIFE Academy",94601
"759",1,61259,130575,11,2012,111,13.1803278688525,"LIFE Academy",94601
"760",1,61259,135905,9,2012,31,24.5105882352941,"Oakland High",94610
"761",1,61259,135905,9,2012,111,22.1103448275862,"Oakland High",94610
"762",1,61259,135905,10,2012,31,20.6372745490982,"Oakland High",94610
"763",1,61259,135905,10,2012,111,26.16,"Oakland High",94610
"764",1,61259,135905,11,2012,31,21.5139888089528,"Oakland High",94610
"765",1,61259,135905,11,2012,111,19.7554347826087,"Oakland High",94610
"766",1,61259,136051,9,2012,31,36.0049504950495,"Oakland Technical High",94611
"767",1,61259,136051,9,2012,111,68.7296849087894,"Oakland Technical High",94611
"768",1,61259,136051,10,2012,31,24.2667179093005,"Oakland Technical High",94611
"769",1,61259,136051,10,2012,111,65.0618672665917,"Oakland Technical High",94611
"770",1,61259,136051,11,2012,31,24.3407407407407,"Oakland Technical High",94611
"771",1,61259,136051,11,2012,111,54.9594202898551,"Oakland Technical High",94611
"772",1,61259,137943,9,2012,31,28.4931693989071,"Skyline High",94619
"773",1,61259,137943,9,2012,111,38.2673796791444,"Skyline High",94619
"774",1,61259,137943,10,2012,31,24.2455871066769,"Skyline High",94619
"775",1,61259,137943,10,2012,111,37.2285714285714,"Skyline High",94619
"776",1,61259,137943,11,2012,31,26.335635359116,"Skyline High",94619
"777",1,61259,137943,11,2012,111,33.5328798185941,"Skyline High",94619
"778",1,61259,3030772,6,2012,31,57,"Oakland School for the Arts",94612
"779",1,61259,3030772,6,2012,111,81.5,"Oakland School for the Arts",94612
"780",1,61259,3030772,7,2012,31,51.5172413793103,"Oakland School for the Arts",94612
"781",1,61259,3030772,7,2012,111,67.2896551724138,"Oakland School for the Arts",94612
"782",1,61259,3030772,8,2012,31,68.5,"Oakland School for the Arts",94612
"783",1,61259,3030772,8,2012,111,75.3174603174603,"Oakland School for the Arts",94612
"784",1,61259,3030772,9,2012,31,64.5483870967742,"Oakland School for the Arts",94612
"785",1,61259,3030772,9,2012,111,68.1271186440678,"Oakland School for the Arts",94612
"786",1,61259,3030772,10,2012,31,64,"Oakland School for the Arts",94612
"787",1,61259,3030772,10,2012,111,58.4811320754717,"Oakland School for the Arts",94612
"788",1,61259,3030772,11,2012,111,29.7254098360656,"Oakland School for the Arts",94612
"789",1,61259,6001630,2,2012,31,54.5,"Allendale Elementary",94619
"790",1,61259,6001630,3,2012,31,25.0537634408602,"Allendale Elementary",94619
"791",1,61259,6001630,4,2012,31,35.4505494505495,"Allendale Elementary",94619
"792",1,61259,6001630,5,2012,31,32.3333333333333,"Allendale Elementary",94619
"793",1,61259,6001648,2,2012,111,90.5,"Chabot Elementary",94618
"794",1,61259,6001648,3,2012,31,80.741935483871,"Chabot Elementary",94618
"795",1,61259,6001648,3,2012,111,84,"Chabot Elementary",94618
"796",1,61259,6001648,4,2012,31,64,"Chabot Elementary",94618
"797",1,61259,6001648,4,2012,111,90,"Chabot Elementary",94618
"798",1,61259,6001648,5,2012,111,93.6779661016949,"Chabot Elementary",94618
"799",1,61259,6001655,2,2012,31,66,"Bella Vista Elementary",94610
"800",1,61259,6001655,2,2012,111,84.5,"Bella Vista Elementary",94610
"801",1,61259,6001655,3,2012,31,67.5,"Bella Vista Elementary",94610
"802",1,61259,6001655,3,2012,111,83,"Bella Vista Elementary",94610
"803",1,61259,6001655,4,2012,31,78.5,"Bella Vista Elementary",94610
"804",1,61259,6001655,4,2012,111,83.5,"Bella Vista Elementary",94610
"805",1,61259,6001655,5,2012,31,64.6666666666667,"Bella Vista Elementary",94610
"806",1,61259,6001655,5,2012,111,61,"Bella Vista Elementary",94610
"807",1,61259,6001663,2,2012,31,39,"Brookfield Elementary",94603
"808",1,61259,6001663,3,2012,31,43,"Brookfield Elementary",94603
"809",1,61259,6001663,4,2012,31,26.5,"Brookfield Elementary",94603
"810",1,61259,6001689,2,2012,31,37.5,"Burckhalter Elementary",94605
"811",1,61259,6001689,5,2012,31,90.6666666666667,"Burckhalter Elementary",94605
"812",1,61259,6001697,2,2012,31,42.5,"Carl B. Munck Elementary",94619
"813",1,61259,6001697,2,2012,111,60.5,"Carl B. Munck Elementary",94619
"814",1,61259,6001697,3,2012,31,61,"Carl B. Munck Elementary",94619
"815",1,61259,6001697,3,2012,111,69,"Carl B. Munck Elementary",94619
"816",1,61259,6001697,4,2012,31,70.6274509803922,"Carl B. Munck Elementary",94619
"817",1,61259,6001697,4,2012,111,77.5,"Carl B. Munck Elementary",94619
"818",1,61259,6001697,5,2012,31,67.3333333333333,"Carl B. Munck Elementary",94619
"819",1,61259,6001739,2,2012,31,87.5,"Cleveland Elementary",94606
"820",1,61259,6001739,2,2012,111,82.5,"Cleveland Elementary",94606
"821",1,61259,6001739,3,2012,31,73.5,"Cleveland Elementary",94606
"822",1,61259,6001739,3,2012,111,83,"Cleveland Elementary",94606
"823",1,61259,6001739,4,2012,31,81,"Cleveland Elementary",94606
"824",1,61259,6001739,4,2012,111,82,"Cleveland Elementary",94606
"825",1,61259,6001739,5,2012,31,82.9823008849557,"Cleveland Elementary",94606
"826",1,61259,6001754,2,2012,111,94,"Crocker Highlands Elementary",94610
"827",1,61259,6001754,3,2012,111,92.5315315315315,"Crocker Highlands Elementary",94610
"828",1,61259,6001754,4,2012,111,93.5,"Crocker Highlands Elementary",94610
"829",1,61259,6001754,5,2012,111,91.031847133758,"Crocker Highlands Elementary",94610
"830",1,61259,6001812,2,2012,31,57.5,"Emerson Elementary",94609
"831",1,61259,6001812,3,2012,31,42,"Emerson Elementary",94609
"832",1,61259,6001812,3,2012,111,50,"Emerson Elementary",94609
"833",1,61259,6001812,4,2012,31,40,"Emerson Elementary",94609
"834",1,61259,6001812,4,2012,111,29.962962962963,"Emerson Elementary",94609
"835",1,61259,6001812,5,2012,31,30.7846153846154,"Emerson Elementary",94609
"836",1,61259,6001812,5,2012,111,38.6818181818182,"Emerson Elementary",94609
"837",1,61259,6001820,2,2012,31,60,"Franklin Elementary",94606
"838",1,61259,6001820,2,2012,111,72.5,"Franklin Elementary",94606
"839",1,61259,6001820,3,2012,31,45.5,"Franklin Elementary",94606
"840",1,61259,6001820,3,2012,111,51,"Franklin Elementary",94606
"841",1,61259,6001820,4,2012,31,63.5,"Franklin Elementary",94606
"842",1,61259,6001820,4,2012,111,60.5,"Franklin Elementary",94606
"843",1,61259,6001820,5,2012,31,54.6666666666667,"Franklin Elementary",94606
"844",1,61259,6001820,5,2012,111,48.3307692307692,"Franklin Elementary",94606
"845",1,61259,6001838,2,2012,31,39.5,"Fruitvale Elementary",94602
"846",1,61259,6001838,2,2012,111,48,"Fruitvale Elementary",94602
"847",1,61259,6001838,3,2012,31,40.5,"Fruitvale Elementary",94602
"848",1,61259,6001838,3,2012,111,48.5,"Fruitvale Elementary",94602
"849",1,61259,6001838,4,2012,31,52,"Fruitvale Elementary",94602
"850",1,61259,6001838,4,2012,111,50,"Fruitvale Elementary",94602
"851",1,61259,6001838,5,2012,31,47.0076923076923,"Fruitvale Elementary",94602
"852",1,61259,6001838,5,2012,111,51.3333333333333,"Fruitvale Elementary",94602
"853",1,61259,6001846,2,2012,31,48.4276729559748,"Garfield Elementary",94606
"854",1,61259,6001846,3,2012,31,35.9272727272727,"Garfield Elementary",94606
"855",1,61259,6001846,4,2012,31,37.0839694656489,"Garfield Elementary",94606
"856",1,61259,6001846,4,2012,111,38.0689655172414,"Garfield Elementary",94606
"857",1,61259,6001846,5,2012,31,43.3862660944206,"Garfield Elementary",94606
"858",1,61259,6001853,2,2012,31,59,"Glenview Elementary",94602
"859",1,61259,6001853,2,2012,111,83.008,"Glenview Elementary",94602
"860",1,61259,6001853,3,2012,31,63,"Glenview Elementary",94602
"861",1,61259,6001853,3,2012,111,78.5,"Glenview Elementary",94602
"862",1,61259,6001853,4,2012,31,64.5,"Glenview Elementary",94602
"863",1,61259,6001853,4,2012,111,82,"Glenview Elementary",94602
"864",1,61259,6001853,5,2012,31,63,"Glenview Elementary",94602
"865",1,61259,6001853,5,2012,111,71.6666666666667,"Glenview Elementary",94602
"866",1,61259,6001879,2,2012,31,35,"Grass Valley Elementary",94605
"867",1,61259,6001879,2,2012,111,82,"Grass Valley Elementary",94605
"868",1,61259,6001879,3,2012,31,40.5,"Grass Valley Elementary",94605
"869",1,61259,6001879,3,2012,111,23.5,"Grass Valley Elementary",94605
"870",1,61259,6001879,4,2012,31,50,"Grass Valley Elementary",94605
"871",1,61259,6001879,4,2012,111,62,"Grass Valley Elementary",94605
"872",1,61259,6001879,5,2012,31,44.3333333333333,"Grass Valley Elementary",94605
"873",1,61259,6001879,5,2012,111,62,"Grass Valley Elementary",94605
"874",1,61259,6001929,2,2012,31,39,"Horace Mann Elementary",94601
"875",1,61259,6001929,2,2012,111,52.5,"Horace Mann Elementary",94601
"876",1,61259,6001929,3,2012,31,57,"Horace Mann Elementary",94601
"877",1,61259,6001929,3,2012,111,55.5,"Horace Mann Elementary",94601
"878",1,61259,6001929,4,2012,31,67,"Horace Mann Elementary",94601
"879",1,61259,6001929,4,2012,111,67.265306122449,"Horace Mann Elementary",94601
"880",1,61259,6001929,5,2012,31,57.9736842105263,"Horace Mann Elementary",94601
"881",1,61259,6001929,5,2012,111,44.3333333333333,"Horace Mann Elementary",94601
"882",1,61259,6001945,2,2012,111,91,"Joaquin Miller Elementary",94611
"883",1,61259,6001945,3,2012,111,89.5463917525773,"Joaquin Miller Elementary",94611
"884",1,61259,6001945,4,2012,111,92.3366336633663,"Joaquin Miller Elementary",94611
"885",1,61259,6001945,5,2012,111,86.3376623376623,"Joaquin Miller Elementary",94611
"886",1,61259,6001994,2,2012,31,55,"Laurel Elementary",94619
"887",1,61259,6001994,2,2012,111,66.5,"Laurel Elementary",94619
"888",1,61259,6001994,3,2012,31,55,"Laurel Elementary",94619
"889",1,61259,6001994,3,2012,111,60,"Laurel Elementary",94619
"890",1,61259,6001994,4,2012,31,58.4857142857143,"Laurel Elementary",94619
"891",1,61259,6001994,4,2012,111,71.9375,"Laurel Elementary",94619
"892",1,61259,6001994,5,2012,31,68.5773195876289,"Laurel Elementary",94619
"893",1,61259,6001994,5,2012,111,62.425,"Laurel Elementary",94619
"894",1,61259,6002018,2,2012,31,92,"Lincoln Elementary",94607
"895",1,61259,6002018,2,2012,111,96.5,"Lincoln Elementary",94607
"896",1,61259,6002018,3,2012,31,84.5,"Lincoln Elementary",94607
"897",1,61259,6002018,3,2012,111,83.5,"Lincoln Elementary",94607
"898",1,61259,6002018,4,2012,31,93.5074626865672,"Lincoln Elementary",94607
"899",1,61259,6002018,4,2012,111,96,"Lincoln Elementary",94607
"900",1,61259,6002018,5,2012,31,94,"Lincoln Elementary",94607
"901",1,61259,6002018,5,2012,111,100,"Lincoln Elementary",94607
"902",1,61259,6002059,2,2012,31,34,"Markham Elementary",94605
"903",1,61259,6002059,3,2012,31,50,"Markham Elementary",94605
"904",1,61259,6002059,4,2012,31,56,"Markham Elementary",94605
"905",1,61259,6002059,5,2012,31,51,"Markham Elementary",94605
"906",1,61259,6002083,2,2012,111,94,"Montclair Elementary",94611
"907",1,61259,6002083,3,2012,111,85.5,"Montclair Elementary",94611
"908",1,61259,6002083,4,2012,111,96.5,"Montclair Elementary",94611
"909",1,61259,6002083,5,2012,111,96.3333333333333,"Montclair Elementary",94611
"910",1,61259,6002109,2,2012,31,80,"Peralta Elementary",94609
"911",1,61259,6002109,2,2012,111,94.5,"Peralta Elementary",94609
"912",1,61259,6002109,3,2012,31,79.5,"Peralta Elementary",94609
"913",1,61259,6002109,3,2012,111,98,"Peralta Elementary",94609
"914",1,61259,6002109,4,2012,31,84.5,"Peralta Elementary",94609
"915",1,61259,6002109,4,2012,111,100,"Peralta Elementary",94609
"916",1,61259,6002109,5,2012,31,79.6666666666667,"Peralta Elementary",94609
"917",1,61259,6002109,5,2012,111,94.6666666666667,"Peralta Elementary",94609
"918",1,61259,6002117,2,2012,31,74,"Piedmont Avenue Elementary",94611
"919",1,61259,6002117,2,2012,111,67.5,"Piedmont Avenue Elementary",94611
"920",1,61259,6002117,3,2012,31,60,"Piedmont Avenue Elementary",94611
"921",1,61259,6002117,3,2012,111,59.5,"Piedmont Avenue Elementary",94611
"922",1,61259,6002117,4,2012,31,68.5,"Piedmont Avenue Elementary",94611
"923",1,61259,6002117,4,2012,111,86,"Piedmont Avenue Elementary",94611
"924",1,61259,6002117,5,2012,31,41,"Piedmont Avenue Elementary",94611
"925",1,61259,6002117,5,2012,111,59.6666666666667,"Piedmont Avenue Elementary",94611
"926",1,61259,6002141,2,2012,111,69,"Redwood Heights Elementary",94619
"927",1,61259,6002141,3,2012,111,86.4266666666667,"Redwood Heights Elementary",94619
"928",1,61259,6002141,4,2012,111,85.5670103092783,"Redwood Heights Elementary",94619
"929",1,61259,6002141,5,2012,111,97.3333333333333,"Redwood Heights Elementary",94619
"930",1,61259,6002174,2,2012,31,42.5,"Sequoia Elementary",94602
"931",1,61259,6002174,2,2012,111,82,"Sequoia Elementary",94602
"932",1,61259,6002174,3,2012,31,24,"Sequoia Elementary",94602
"933",1,61259,6002174,3,2012,111,71.5,"Sequoia Elementary",94602
"934",1,61259,6002174,4,2012,31,77.9830508474576,"Sequoia Elementary",94602
"935",1,61259,6002174,4,2012,111,77,"Sequoia Elementary",94602
"936",1,61259,6002190,2,2012,31,45,"Esperanza Elementary",94603
"937",1,61259,6002190,2,2012,111,39.5,"Esperanza Elementary",94603
"938",1,61259,6002190,3,2012,31,46,"Esperanza Elementary",94603
"939",1,61259,6002190,3,2012,111,53,"Esperanza Elementary",94603
"940",1,61259,6002190,4,2012,31,42.5,"Esperanza Elementary",94603
"941",1,61259,6002190,4,2012,111,45.5,"Esperanza Elementary",94603
"942",1,61259,6002190,5,2012,31,64,"Esperanza Elementary",94603
"943",1,61259,6002190,5,2012,111,53.320987654321,"Esperanza Elementary",94603
"944",1,61259,6002216,2,2012,111,88,"Thornhill Elementary",94611
"945",1,61259,6002216,3,2012,111,87.5,"Thornhill Elementary",94611
"946",1,61259,6002216,4,2012,111,90,"Thornhill Elementary",94611
"947",1,61259,6002216,5,2012,111,90.6666666666667,"Thornhill Elementary",94611
"948",1,61259,6002273,2,2012,31,50,"ACORN Woodland Elementary",94621
"949",1,61259,6002273,2,2012,111,69.5,"ACORN Woodland Elementary",94621
"950",1,61259,6002273,3,2012,31,62,"ACORN Woodland Elementary",94621
"951",1,61259,6002273,3,2012,111,62.8888888888889,"ACORN Woodland Elementary",94621
"952",1,61259,6002273,4,2012,31,90.9090909090909,"ACORN Woodland Elementary",94621
"953",1,61259,6002273,4,2012,111,85,"ACORN Woodland Elementary",94621
"954",1,61259,6002273,5,2012,31,68.2631578947368,"ACORN Woodland Elementary",94621
"955",1,61259,6002273,5,2012,111,70.6666666666667,"ACORN Woodland Elementary",94621
"956",1,61259,6057004,6,2012,31,20.4701986754967,"Claremont Middle",94618
"957",1,61259,6057004,6,2012,111,52.5,"Claremont Middle",94618
"958",1,61259,6057004,7,2012,31,33.3988764044944,"Claremont Middle",94618
"959",1,61259,6057004,7,2012,111,58.7391304347826,"Claremont Middle",94618
"960",1,61259,6057004,8,2012,31,22.8753799392097,"Claremont Middle",94618
"961",1,61259,6057004,8,2012,111,44.6116504854369,"Claremont Middle",94618
"962",1,61259,6057046,2,2012,31,47.5,"Hoover Elementary",94608
"963",1,61259,6057046,3,2012,31,39.6923076923077,"Hoover Elementary",94608
"964",1,61259,6057046,4,2012,31,41.1176470588235,"Hoover Elementary",94608
"965",1,61259,6057046,5,2012,31,36.3333333333333,"Hoover Elementary",94608
"966",1,61259,6057061,6,2012,31,52.4924924924925,"Edna Brewer Middle",94610
"967",1,61259,6057061,6,2012,111,73,"Edna Brewer Middle",94610
"968",1,61259,6057061,7,2012,31,57,"Edna Brewer Middle",94610
"969",1,61259,6057061,7,2012,111,80.0438596491228,"Edna Brewer Middle",94610
"970",1,61259,6057061,8,2012,31,65.7464788732394,"Edna Brewer Middle",94610
"971",1,61259,6057061,8,2012,111,78.271375464684,"Edna Brewer Middle",94610
"972",1,61259,6057079,6,2012,31,35.5,"Montera Middle",94611
"973",1,61259,6057079,6,2012,111,75.4897959183673,"Montera Middle",94611
"974",1,61259,6057079,7,2012,31,39.6307692307692,"Montera Middle",94611
"975",1,61259,6057079,7,2012,111,74.3283582089552,"Montera Middle",94611
"976",1,61259,6057079,8,2012,31,39.0969827586207,"Montera Middle",94611
"977",1,61259,6057079,8,2012,111,73.1976744186046,"Montera Middle",94611
"978",1,61259,6057087,6,2012,31,30.518115942029,"Roosevelt Middle",94606
"979",1,61259,6057087,6,2012,111,40,"Roosevelt Middle",94606
"980",1,61259,6057087,7,2012,31,28.6179775280899,"Roosevelt Middle",94606
"981",1,61259,6057087,7,2012,111,40.3943661971831,"Roosevelt Middle",94606
"982",1,61259,6057087,8,2012,31,31.8126036484245,"Roosevelt Middle",94606
"983",1,61259,6057087,8,2012,111,28.8853211009174,"Roosevelt Middle",94606
"984",1,61259,6057095,6,2012,31,39.4827586206897,"Westlake Middle",94612
"985",1,61259,6057095,6,2012,111,40.5,"Westlake Middle",94612
"986",1,61259,6057095,7,2012,31,29.4108280254777,"Westlake Middle",94612
"987",1,61259,6057095,7,2012,111,49.4929577464789,"Westlake Middle",94612
"988",1,61259,6057095,8,2012,31,33.6868008948546,"Westlake Middle",94612
"989",1,61259,6057095,8,2012,111,30.828025477707,"Westlake Middle",94612
"990",1,61259,6111660,6,2012,31,49.5,"Oakland Charter Academy",94601
"991",1,61259,6111660,7,2012,31,89,"Oakland Charter Academy",94601
"992",1,61259,6111660,8,2012,31,78,"Oakland Charter Academy",94601
"993",1,61259,6118640,2,2012,111,62.5,"Melrose Leadership Academy",94619
"994",1,61259,6118640,6,2012,31,13.5,"Melrose Leadership Academy",94619
"995",1,61259,6118640,6,2012,111,23.5,"Melrose Leadership Academy",94619
"996",1,61259,6118640,7,2012,31,47,"Melrose Leadership Academy",94619
"997",1,61259,6118640,7,2012,111,45,"Melrose Leadership Academy",94619
"998",1,61259,6118640,8,2012,31,7.46218487394958,"Melrose Leadership Academy",94619
"999",1,61259,6118640,8,2012,111,21.4,"Melrose Leadership Academy",94619
"1000",1,61275,136515,9,2012,111,79.0799347471452,"Piedmont High",94611
"1001",1,61275,136515,10,2012,111,82.24231678487,"Piedmont High",94611
"1002",1,61275,136515,11,2012,111,81.9199395770393,"Piedmont High",94611
"1003",1,61275,6002299,2,2012,111,90.5,"Havens Elementary",94611
"1004",1,61275,6002299,3,2012,111,90,"Havens Elementary",94611
"1005",1,61275,6002299,4,2012,111,89.4829545454545,"Havens Elementary",94611
"1006",1,61275,6002299,5,2012,111,94,"Havens Elementary",94611
"1007",1,61275,6002307,2,2012,111,86.5,"Wildwood Elementary",94611
"1008",1,61275,6002307,3,2012,111,89.5,"Wildwood Elementary",94611
"1009",1,61275,6002307,4,2012,111,90.0217391304348,"Wildwood Elementary",94611
"1010",1,61275,6002307,5,2012,111,98.3175355450237,"Wildwood Elementary",94611
"1011",1,61275,6066492,6,2012,111,91.9919571045576,"Piedmont Middle",94611
"1012",1,61275,6066492,7,2012,111,94.6981132075472,"Piedmont Middle",94611
"1013",1,61275,6066492,8,2012,111,93.1212976022567,"Piedmont Middle",94611
"1014",1,61291,134528,11,2012,31,3.83962264150943,"Lincoln High (Continuation)",94579
"1015",1,61291,6002414,2,2012,31,70.5,"Madison Elementary",94579
"1016",1,61291,6002414,2,2012,111,83,"Madison Elementary",94579
"1017",1,61291,6002414,3,2012,31,66.7894736842105,"Madison Elementary",94579
"1018",1,61291,6002414,3,2012,111,81.0886075949367,"Madison Elementary",94579
"1019",1,61291,6002414,4,2012,31,61.5,"Madison Elementary",94579
"1020",1,61291,6002414,4,2012,111,78,"Madison Elementary",94579
"1021",1,61291,6002414,5,2012,31,57.3676470588235,"Madison Elementary",94579
"1022",1,61291,6002414,5,2012,111,78.3333333333333,"Madison Elementary",94579
"1023",1,61309,101212,5,2012,31,83.2763819095477,"KIPP Summit Academy",94580
"1024",1,61309,101212,5,2012,111,91.3333333333333,"KIPP Summit Academy",94580
"1025",1,61309,101212,6,2012,31,67,"KIPP Summit Academy",94580
"1026",1,61309,101212,6,2012,111,81.5,"KIPP Summit Academy",94580
"1027",1,61309,101212,7,2012,31,78,"KIPP Summit Academy",94580
"1028",1,61309,101212,7,2012,111,87.5,"KIPP Summit Academy",94580
"1029",1,61309,101212,8,2012,31,84.2745762711864,"KIPP Summit Academy",94580
"1030",1,61309,101212,8,2012,111,81,"KIPP Summit Academy",94580
"1031",1,61309,114421,9,2012,31,65.216,"KIPP King Collegiate High",94580
"1032",1,61309,114421,9,2012,111,77.4019607843137,"KIPP King Collegiate High",94580
"1033",1,61309,114421,10,2012,31,55.622641509434,"KIPP King Collegiate High",94580
"1034",1,61309,114421,10,2012,111,73.9703703703704,"KIPP King Collegiate High",94580
"1035",1,61309,114421,11,2012,31,47.2608695652174,"KIPP King Collegiate High",94580
"1036",1,61309,114421,11,2012,111,60.2365591397849,"KIPP King Collegiate High",94580
"1037",1,61309,130849,9,2012,31,45.8523364485981,"Arroyo High",94580
"1038",1,61309,130849,9,2012,111,52.3212735166425,"Arroyo High",94580
"1039",1,61309,130849,10,2012,31,54.8338068181818,"Arroyo High",94580
"1040",1,61309,130849,10,2012,111,56.8541510845176,"Arroyo High",94580
"1041",1,61309,130849,11,2012,31,45.2532588454376,"Arroyo High",94580
"1042",1,61309,130849,11,2012,111,44.9265967588179,"Arroyo High",94580
"1043",1,61309,137745,11,2012,31,7.50602409638554,"Royal Sunset (Continuation)",94541
"1044",1,61309,137745,11,2012,111,2.5974025974026,"Royal Sunset (Continuation)",94541
"1045",1,61309,137810,9,2012,31,29.3262260127932,"San Lorenzo High",94580
"1046",1,61309,137810,9,2012,111,32.3241106719368,"San Lorenzo High",94580
"1047",1,61309,137810,10,2012,31,33.0610837438424,"San Lorenzo High",94580
"1048",1,61309,137810,10,2012,111,33.7431077694236,"San Lorenzo High",94580
"1049",1,61309,137810,11,2012,31,22.5880452342488,"San Lorenzo High",94580
"1050",1,61309,137810,11,2012,111,21.3715710723192,"San Lorenzo High",94580
"1051",1,61309,6002505,2,2012,31,73,"Bay Elementary",94580
"1052",1,61309,6002505,2,2012,111,70.5,"Bay Elementary",94580
"1053",1,61309,6002505,3,2012,31,49.6631578947368,"Bay Elementary",94580
"1054",1,61309,6002505,3,2012,111,53.0756302521008,"Bay Elementary",94580
"1055",1,61309,6002505,4,2012,31,57.8144329896907,"Bay Elementary",94580
"1056",1,61309,6002505,4,2012,111,67.5,"Bay Elementary",94580
"1057",1,61309,6002505,5,2012,31,44.4814814814815,"Bay Elementary",94580
"1058",1,61309,6002505,5,2012,111,58.6666666666667,"Bay Elementary",94580
"1059",1,61309,6002513,6,2012,31,34,"Bohannon Middle",94580
"1060",1,61309,6002513,6,2012,111,39.5,"Bohannon Middle",94580
"1061",1,61309,6002513,7,2012,31,42,"Bohannon Middle",94580
"1062",1,61309,6002513,7,2012,111,56.5154185022026,"Bohannon Middle",94580
"1063",1,61309,6002513,8,2012,31,41.1608579088472,"Bohannon Middle",94580
"1064",1,61309,6002513,8,2012,111,46.7251461988304,"Bohannon Middle",94580
"1065",1,61309,6002521,2,2012,31,39.5,"Colonial Acres Elementary",94541
"1066",1,61309,6002521,2,2012,111,59.5,"Colonial Acres Elementary",94541
"1067",1,61309,6002521,3,2012,31,33.2317073170732,"Colonial Acres Elementary",94541
"1068",1,61309,6002521,3,2012,111,48,"Colonial Acres Elementary",94541
"1069",1,61309,6002521,4,2012,31,57.5,"Colonial Acres Elementary",94541
"1070",1,61309,6002521,5,2012,31,29.9467455621302,"Colonial Acres Elementary",94541
"1071",1,61309,6002521,5,2012,111,19.6829268292683,"Colonial Acres Elementary",94541
"1072",1,61309,6002539,2,2012,31,52.5,"Corvallis Elementary",94579
"1073",1,61309,6002539,2,2012,111,56,"Corvallis Elementary",94579
"1074",1,61309,6002539,3,2012,31,67.109243697479,"Corvallis Elementary",94579
"1075",1,61309,6002539,3,2012,111,67.5,"Corvallis Elementary",94579
"1076",1,61309,6002539,4,2012,31,57.5,"Corvallis Elementary",94579
"1077",1,61309,6002539,4,2012,111,62.5,"Corvallis Elementary",94579
"1078",1,61309,6002539,5,2012,31,49,"Corvallis Elementary",94579
"1079",1,61309,6002539,5,2012,111,56.3333333333333,"Corvallis Elementary",94579
"1080",1,61309,6002547,2,2012,31,40,"Dayton Elementary",94579
"1081",1,61309,6002547,2,2012,111,56,"Dayton Elementary",94579
"1082",1,61309,6002547,3,2012,31,47.5,"Dayton Elementary",94579
"1083",1,61309,6002547,3,2012,111,58.5,"Dayton Elementary",94579
"1084",1,61309,6002547,4,2012,31,68.5,"Dayton Elementary",94579
"1085",1,61309,6002547,4,2012,111,63,"Dayton Elementary",94579
"1086",1,61309,6002547,5,2012,31,46.7758620689655,"Dayton Elementary",94579
"1087",1,61309,6002547,5,2012,111,66.6965517241379,"Dayton Elementary",94579
"1088",1,61309,6002554,2,2012,31,38,"Del Rey Elementary",94580
"1089",1,61309,6002554,2,2012,111,59,"Del Rey Elementary",94580
"1090",1,61309,6002554,3,2012,31,35,"Del Rey Elementary",94580
"1091",1,61309,6002554,3,2012,111,52.2266666666667,"Del Rey Elementary",94580
"1092",1,61309,6002554,4,2012,31,64.5494505494506,"Del Rey Elementary",94580
"1093",1,61309,6002554,4,2012,111,68.5,"Del Rey Elementary",94580
"1094",1,61309,6002554,5,2012,31,47.6666666666667,"Del Rey Elementary",94580
"1095",1,61309,6002554,5,2012,111,48,"Del Rey Elementary",94580
"1096",1,61309,6002562,6,2012,31,17.4766355140187,"Edendale Middle",94580
"1097",1,61309,6002562,6,2012,111,29,"Edendale Middle",94580
"1098",1,61309,6002562,7,2012,31,20.2263374485597,"Edendale Middle",94580
"1099",1,61309,6002562,7,2012,111,36.015625,"Edendale Middle",94580
"1100",1,61309,6002562,8,2012,31,20.6189376443418,"Edendale Middle",94580
"1101",1,61309,6002562,8,2012,111,25.7325581395349,"Edendale Middle",94580
"1102",1,61309,6002604,2,2012,31,38,"Grant Elementary",94580
"1103",1,61309,6002604,2,2012,111,65.5,"Grant Elementary",94580
"1104",1,61309,6002604,3,2012,31,44.2786885245902,"Grant Elementary",94580
"1105",1,61309,6002604,3,2012,111,56.5,"Grant Elementary",94580
"1106",1,61309,6002604,4,2012,31,57.5,"Grant Elementary",94580
"1107",1,61309,6002604,4,2012,111,82.2352941176471,"Grant Elementary",94580
"1108",1,61309,6002604,5,2012,31,56.4432989690722,"Grant Elementary",94580
"1109",1,61309,6002604,5,2012,111,79.6585365853659,"Grant Elementary",94580
"1110",1,61309,6002612,2,2012,31,48.5,"Hesperian Elementary",94580
"1111",1,61309,6002612,2,2012,111,75.5,"Hesperian Elementary",94580
"1112",1,61309,6002612,3,2012,31,35,"Hesperian Elementary",94580
"1113",1,61309,6002612,3,2012,111,57,"Hesperian Elementary",94580
"1114",1,61309,6002612,4,2012,31,46.488188976378,"Hesperian Elementary",94580
"1115",1,61309,6002612,4,2012,111,64,"Hesperian Elementary",94580
"1116",1,61309,6002612,5,2012,31,27.6666666666667,"Hesperian Elementary",94580
"1117",1,61309,6002612,5,2012,111,32.6666666666667,"Hesperian Elementary",94580
"1118",1,61309,6002620,2,2012,31,28.5,"Hillside Elementary",94578
"1119",1,61309,6002620,2,2012,111,31,"Hillside Elementary",94578
"1120",1,61309,6002620,3,2012,31,34.5,"Hillside Elementary",94578
"1121",1,61309,6002620,3,2012,111,39,"Hillside Elementary",94578
"1122",1,61309,6002620,4,2012,31,31,"Hillside Elementary",94578
"1123",1,61309,6002620,4,2012,111,27.5,"Hillside Elementary",94578
"1124",1,61309,6002620,5,2012,31,25.6666666666667,"Hillside Elementary",94578
"1125",1,61309,6002620,5,2012,111,21.7454545454545,"Hillside Elementary",94578
"1126",1,61309,6002653,2,2012,31,24.5,"Lorenzo Manor Elementary",94541
"1127",1,61309,6002653,2,2012,111,41.5,"Lorenzo Manor Elementary",94541
"1128",1,61309,6002653,3,2012,31,50.8521739130435,"Lorenzo Manor Elementary",94541
"1129",1,61309,6002653,3,2012,111,50.7341772151899,"Lorenzo Manor Elementary",94541
"1130",1,61309,6002653,4,2012,31,51.510067114094,"Lorenzo Manor Elementary",94541
"1131",1,61309,6002653,4,2012,111,61.4,"Lorenzo Manor Elementary",94541
"1132",1,61309,6002653,5,2012,31,55.3586956521739,"Lorenzo Manor Elementary",94541
"1133",1,61309,6002653,5,2012,111,61,"Lorenzo Manor Elementary",94541
"1134",1,61309,6002703,6,2012,31,44.5020080321285,"Washington Manor Middle",94579
"1135",1,61309,6002703,6,2012,111,55.4703389830508,"Washington Manor Middle",94579
"1136",1,61309,6002703,7,2012,31,44.3905579399142,"Washington Manor Middle",94579
"1137",1,61309,6002703,7,2012,111,62.0516129032258,"Washington Manor Middle",94579
"1138",1,61309,6002703,8,2012,31,53.5401174168297,"Washington Manor Middle",94579
"1139",1,61309,6002703,8,2012,111,54.6425855513308,"Washington Manor Middle",94579
"1140",1,75093,108571,6,2012,31,71,"Eleanor Murray Fallon",94568
"1141",1,75093,108571,6,2012,111,82.5,"Eleanor Murray Fallon",94568
"1142",1,75093,108571,7,2012,31,44.5,"Eleanor Murray Fallon",94568
"1143",1,75093,108571,7,2012,111,89.089156626506,"Eleanor Murray Fallon",94568
"1144",1,75093,108571,8,2012,31,63.5633802816901,"Eleanor Murray Fallon",94568
"1145",1,75093,108571,8,2012,111,84.9641909814324,"Eleanor Murray Fallon",94568
"1146",1,75093,114579,2,2012,111,94,"John Green Elementary",94568
"1147",1,75093,114579,3,2012,111,89,"John Green Elementary",94568
"1148",1,75093,114579,4,2012,111,97.0048780487805,"John Green Elementary",94568
"1149",1,75093,114579,5,2012,111,87.6578171091445,"John Green Elementary",94568
"1150",1,75093,123935,2,2012,31,67,"Harold William Kolb",94568
"1151",1,75093,123935,2,2012,111,90.5,"Harold William Kolb",94568
"1152",1,75093,123935,3,2012,111,76.5,"Harold William Kolb",94568
"1153",1,75093,123935,4,2012,31,68,"Harold William Kolb",94568
"1154",1,75093,123935,4,2012,111,88,"Harold William Kolb",94568
"1155",1,75093,123935,5,2012,111,91,"Harold William Kolb",94568
"1156",1,75093,132704,9,2012,31,48.4931506849315,"Dublin High",94568
"1157",1,75093,132704,9,2012,111,71.8617391304348,"Dublin High",94568
"1158",1,75093,132704,10,2012,31,61.1341463414634,"Dublin High",94568
"1159",1,75093,132704,10,2012,111,70.80750137893,"Dublin High",94568
"1160",1,75093,132704,11,2012,31,50.8934426229508,"Dublin High",94568
"1161",1,75093,132704,11,2012,111,70.8895567242675,"Dublin High",94568
"1162",1,75093,138453,10,2012,111,18.5348837209302,"Valley High (Continuation)",94568
"1163",1,75093,138453,11,2012,31,10.5,"Valley High (Continuation)",94568
"1164",1,75093,138453,11,2012,111,28.4347826086957,"Valley High (Continuation)",94568
"1165",1,75093,6001374,2,2012,111,91.5,"Dublin Elementary",94568
"1166",1,75093,6001374,3,2012,111,76.5,"Dublin Elementary",94568
"1167",1,75093,6001374,4,2012,111,88,"Dublin Elementary",94568
"1168",1,75093,6001374,5,2012,31,69.3333333333333,"Dublin Elementary",94568
"1169",1,75093,6001374,5,2012,111,86.6473214285714,"Dublin Elementary",94568
"1170",1,75093,6001390,2,2012,31,79,"Frederiksen Elementary",94568
"1171",1,75093,6001390,2,2012,111,81.5,"Frederiksen Elementary",94568
"1172",1,75093,6001390,3,2012,31,59.7142857142857,"Frederiksen Elementary",94568
"1173",1,75093,6001390,3,2012,111,73.5,"Frederiksen Elementary",94568
"1174",1,75093,6001390,4,2012,111,90,"Frederiksen Elementary",94568
"1175",1,75093,6001390,5,2012,31,60.3333333333333,"Frederiksen Elementary",94568
"1176",1,75093,6001390,5,2012,111,77.3388429752066,"Frederiksen Elementary",94568
"1177",1,75093,6001424,2,2012,31,32,"Murray Elementary",94568
"1178",1,75093,6001424,2,2012,111,62.5,"Murray Elementary",94568
"1179",1,75093,6001424,3,2012,31,67,"Murray Elementary",94568
"1180",1,75093,6001424,3,2012,111,77.9159663865546,"Murray Elementary",94568
"1181",1,75093,6001424,4,2012,31,38.5,"Murray Elementary",94568
"1182",1,75093,6001424,4,2012,111,82,"Murray Elementary",94568
"1183",1,75093,6001424,5,2012,111,87.3312101910828,"Murray Elementary",94568
"1184",1,75093,6066484,6,2012,31,47,"Wells Middle",94568
"1185",1,75093,6066484,6,2012,111,73.4424778761062,"Wells Middle",94568
"1186",1,75093,6066484,7,2012,31,55.6271186440678,"Wells Middle",94568
"1187",1,75093,6066484,7,2012,111,81.2265193370166,"Wells Middle",94568
"1188",1,75093,6066484,8,2012,31,43.6044776119403,"Wells Middle",94568
"1189",1,75093,6066484,8,2012,111,68.6739974126779,"Wells Middle",94568
"1190",1,75093,6118038,2,2012,111,90,"James Dougherty Elementary",94568
"1191",1,75093,6118038,3,2012,111,89,"James Dougherty Elementary",94568
"1192",1,75093,6118038,4,2012,111,91,"James Dougherty Elementary",94568
"1193",1,75093,6118038,5,2012,111,89.6666666666667,"James Dougherty Elementary",94568
"1194",1,75101,130096,9,2012,31,43.0952380952381,"Foothill High",94588
"1195",1,75101,130096,9,2012,111,73.602658788774,"Foothill High",94588
"1196",1,75101,130096,10,2012,31,42.2348993288591,"Foothill High",94588
"1197",1,75101,130096,10,2012,111,77.5367166474433,"Foothill High",94588
"1198",1,75101,130096,11,2012,31,59.9875,"Foothill High",94588
"1199",1,75101,130096,11,2012,111,68.5672823218997,"Foothill High",94588
"1200",1,75101,130252,10,2012,111,21.984375,"Village High",94566
"1201",1,75101,130252,11,2012,31,21.7826086956522,"Village High",94566
"1202",1,75101,130252,11,2012,111,32.4805194805195,"Village High",94566
"1203",1,75101,130583,9,2012,31,54.9647058823529,"Amador Valley High",94566
"1204",1,75101,130583,9,2012,111,79.9630526953362,"Amador Valley High",94566
"1205",1,75101,130583,10,2012,31,51.8235294117647,"Amador Valley High",94566
"1206",1,75101,130583,10,2012,111,79.244430093639,"Amador Valley High",94566
"1207",1,75101,130583,11,2012,31,34.4444444444444,"Amador Valley High",94566
"1208",1,75101,130583,11,2012,111,73.4713403880071,"Amador Valley High",94566
"1209",1,75101,6001366,2,2012,111,88,"Donlon Elementary",94588
"1210",1,75101,6001366,3,2012,111,79.5269709543568,"Donlon Elementary",94588
"1211",1,75101,6001366,4,2012,111,86.5,"Donlon Elementary",94588
"1212",1,75101,6001366,5,2012,111,82.6666666666667,"Donlon Elementary",94588
"1213",1,75101,6001416,2,2012,111,77.5,"Lydiksen Elementary",94588
"1214",1,75101,6001416,3,2012,111,82.5384615384615,"Lydiksen Elementary",94588
"1215",1,75101,6001416,4,2012,111,89.5,"Lydiksen Elementary",94588
"1216",1,75101,6001416,5,2012,111,90.6348773841962,"Lydiksen Elementary",94588
"1217",1,75101,6002315,2,2012,31,45,"Alisal Elementary",94566
"1218",1,75101,6002315,2,2012,111,86,"Alisal Elementary",94566
"1219",1,75101,6002315,3,2012,111,84.5,"Alisal Elementary",94566
"1220",1,75101,6002315,4,2012,31,76.5,"Alisal Elementary",94566
"1221",1,75101,6002315,4,2012,111,89,"Alisal Elementary",94566
"1222",1,75101,6002315,5,2012,111,86.3333333333333,"Alisal Elementary",94566
"1223",1,75101,6002323,2,2012,111,89.5,"Fairlands Elementary",94588
"1224",1,75101,6002323,3,2012,111,89.030303030303,"Fairlands Elementary",94588
"1225",1,75101,6002323,4,2012,111,96.5,"Fairlands Elementary",94588
"1226",1,75101,6002323,5,2012,31,67,"Fairlands Elementary",94588
"1227",1,75101,6002323,5,2012,111,85.3518987341772,"Fairlands Elementary",94588
"1228",1,75101,6002349,2,2012,31,50,"Valley View Elementary",94566
"1229",1,75101,6002349,2,2012,111,84.5,"Valley View Elementary",94566
"1230",1,75101,6002349,3,2012,31,48.9811320754717,"Valley View Elementary",94566
"1231",1,75101,6002349,3,2012,111,83.5132275132275,"Valley View Elementary",94566
"1232",1,75101,6002349,4,2012,31,48.4054054054054,"Valley View Elementary",94566
"1233",1,75101,6002349,4,2012,111,85,"Valley View Elementary",94566
"1234",1,75101,6002349,5,2012,31,37.3333333333333,"Valley View Elementary",94566
"1235",1,75101,6002349,5,2012,111,94.6750902527076,"Valley View Elementary",94566
"1236",1,75101,6002356,2,2012,111,87.5,"Walnut Grove Elementary",94566
"1237",1,75101,6002356,3,2012,111,85,"Walnut Grove Elementary",94566
"1238",1,75101,6002356,4,2012,111,92.5151515151515,"Walnut Grove Elementary",94566
"1239",1,75101,6002356,5,2012,111,88,"Walnut Grove Elementary",94566
"1240",1,75101,6066500,6,2012,31,69.5,"Harvest Park Middle",94566
"1241",1,75101,6066500,6,2012,111,88.9987063389392,"Harvest Park Middle",94566
"1242",1,75101,6066500,7,2012,31,55.2553191489362,"Harvest Park Middle",94566
"1243",1,75101,6066500,7,2012,111,86.9972899728997,"Harvest Park Middle",94566
"1244",1,75101,6066500,8,2012,31,42.989010989011,"Harvest Park Middle",94566
"1245",1,75101,6066500,8,2012,111,87.712729748128,"Harvest Park Middle",94566
"1246",1,75101,6089361,2,2012,111,92,"Vintage Hills Elementary",94566
"1247",1,75101,6089361,3,2012,111,78.5,"Vintage Hills Elementary",94566
"1248",1,75101,6089361,4,2012,111,95.981308411215,"Vintage Hills Elementary",94566
"1249",1,75101,6089361,5,2012,111,84.6320474777448,"Vintage Hills Elementary",94566
"1250",1,75101,6108971,6,2012,31,64,"Pleasanton Middle",94566
"1251",1,75101,6108971,6,2012,111,93.0126582278481,"Pleasanton Middle",94566
"1252",1,75101,6108971,7,2012,31,63.0547945205479,"Pleasanton Middle",94566
"1253",1,75101,6108971,7,2012,111,90.3039073806078,"Pleasanton Middle",94566
"1254",1,75101,6108971,8,2012,31,46.4026845637584,"Pleasanton Middle",94566
"1255",1,75101,6108971,8,2012,111,84.8323108384458,"Pleasanton Middle",94566
"1256",1,75119,6002711,2,2012,111,98.5,"Sunol Glen Elementary",94586
"1257",1,75119,6002711,3,2012,111,79.5,"Sunol Glen Elementary",94586
"1258",1,75119,6002711,4,2012,111,92,"Sunol Glen Elementary",94586
"1259",1,75119,6002711,5,2012,111,86,"Sunol Glen Elementary",94586
"1260",1,75119,6002711,6,2012,111,79,"Sunol Glen Elementary",94586
"1261",1,75119,6002711,7,2012,111,86.1176470588235,"Sunol Glen Elementary",94586
"1262",1,75119,6002711,8,2012,111,83.9659090909091,"Sunol Glen Elementary",94586
"1263",3,73981,330753,9,2012,31,39.962962962963,"Amador High",95685
"1264",3,73981,330753,9,2012,111,62.6406779661017,"Amador High",95685
"1265",3,73981,330753,10,2012,31,37.4918699186992,"Amador High",95685
"1266",3,73981,330753,10,2012,111,62.2601279317697,"Amador High",95685
"1267",3,73981,330753,11,2012,31,38.741935483871,"Amador High",95685
"1268",3,73981,330753,11,2012,111,50.8706624605678,"Amador High",95685
"1269",3,73981,334755,9,2012,31,27.038961038961,"Argonaut High",95642
"1270",3,73981,334755,9,2012,111,51.7316176470588,"Argonaut High",95642
"1271",3,73981,334755,10,2012,31,37.9139784946237,"Argonaut High",95642
"1272",3,73981,334755,10,2012,111,51.84375,"Argonaut High",95642
"1273",3,73981,334755,11,2012,31,37.2803738317757,"Argonaut High",95642
"1274",3,73981,334755,11,2012,111,54.0114503816794,"Argonaut High",95642
"1275",3,73981,6002810,2,2012,31,53,"Ione Elementary",95640
"1276",3,73981,6002810,2,2012,111,76.5,"Ione Elementary",95640
"1277",3,73981,6002810,3,2012,31,55,"Ione Elementary",95640
"1278",3,73981,6002810,3,2012,111,66,"Ione Elementary",95640
"1279",3,73981,6002810,4,2012,31,59.9733333333333,"Ione Elementary",95640
"1280",3,73981,6002810,4,2012,111,63,"Ione Elementary",95640
"1281",3,73981,6002810,5,2012,31,58.6451612903226,"Ione Elementary",95640
"1282",3,73981,6002810,5,2012,111,65.6666666666667,"Ione Elementary",95640
"1283",3,73981,6002828,2,2012,31,39,"Jackson Elementary",95642
"1284",3,73981,6002828,2,2012,111,62.5,"Jackson Elementary",95642
"1285",3,73981,6002828,3,2012,31,38.1454545454545,"Jackson Elementary",95642
"1286",3,73981,6002828,3,2012,111,71.5,"Jackson Elementary",95642
"1287",3,73981,6002828,4,2012,31,64.4237288135593,"Jackson Elementary",95642
"1288",3,73981,6002828,4,2012,111,84.5,"Jackson Elementary",95642
"1289",3,73981,6002828,5,2012,31,51.6666666666667,"Jackson Elementary",95642
"1290",3,73981,6002828,5,2012,111,55.6666666666667,"Jackson Elementary",95642
"1291",3,73981,6107387,6,2012,31,45,"Jackson Junior High",95642
"1292",3,73981,6107387,6,2012,111,55.5,"Jackson Junior High",95642
"1293",3,73981,6107387,7,2012,31,60.6229508196721,"Jackson Junior High",95642
"1294",3,73981,6107387,7,2012,111,79.0583941605839,"Jackson Junior High",95642
"1295",3,73981,6107387,8,2012,31,67.1739130434783,"Jackson Junior High",95642
"1296",3,73981,6107387,8,2012,111,82.1906779661017,"Jackson Junior High",95642
"1297",3,73981,6107395,6,2012,31,38.4615384615385,"Ione Junior High",95642
"1298",3,73981,6107395,6,2012,111,63.5,"Ione Junior High",95642
"1299",3,73981,6107395,7,2012,31,64.4842105263158,"Ione Junior High",95642
"1300",3,73981,6107395,7,2012,111,75,"Ione Junior High",95642
"1301",3,73981,6107395,8,2012,31,57.7159763313609,"Ione Junior High",95642
"1302",3,73981,6107395,8,2012,111,59.8173374613003,"Ione Junior High",95642
"1303",4,61408,430827,9,2012,31,20.5454545454545,"Biggs High",95917
"1304",4,61408,430827,10,2012,31,46.1171171171171,"Biggs High",95917
"1305",4,61408,430827,10,2012,111,41.3275862068966,"Biggs High",95917
"1306",4,61408,430827,11,2012,31,26.1290322580645,"Biggs High",95917
"1307",4,61408,430827,11,2012,111,36.1724137931034,"Biggs High",95917
"1308",4,61408,6002943,2,2012,31,46,"Biggs Elementary",95917
"1309",4,61408,6002943,2,2012,111,46,"Biggs Elementary",95917
"1310",4,61408,6002943,3,2012,31,23,"Biggs Elementary",95917
"1311",4,61408,6002943,4,2012,31,28.5,"Biggs Elementary",95917
"1312",4,61408,6002943,5,2012,31,41.041095890411,"Biggs Elementary",95917
"1313",4,61408,6002943,5,2012,111,69.6666666666667,"Biggs Elementary",95917
"1314",4,61408,6002943,6,2012,31,16.5,"Biggs Elementary",95917
"1315",4,61408,6002943,7,2012,31,44.9795918367347,"Biggs Elementary",95917
"1316",4,61408,6002943,8,2012,31,35.027027027027,"Biggs Elementary",95917
"1317",4,61424,110551,2,2012,31,76.5,"Nord Country",95973
"1318",4,61424,110551,3,2012,31,16.5,"Nord Country",95973
"1319",4,61424,110551,4,2012,31,42.5,"Nord Country",95973
"1320",4,61424,110551,5,2012,31,37.3333333333333,"Nord Country",95973
"1321",4,61424,110551,6,2012,31,25,"Nord Country",95973
"1322",4,61424,118042,2,2012,31,75,"Forest Ranch Charter",95942
"1323",4,61424,431502,9,2012,31,9.77777777777778,"Fair View High (Continuation)",95926
"1324",4,61424,431502,10,2012,31,4.82323232323232,"Fair View High (Continuation)",95926
"1325",4,61424,431502,11,2012,31,6.82625482625483,"Fair View High (Continuation)",95926
"1326",4,61424,431502,11,2012,111,12.4642857142857,"Fair View High (Continuation)",95926
"1327",4,61424,431676,9,2012,31,39.2709163346614,"Chico High",95926
"1328",4,61424,431676,9,2012,111,69.8523131672598,"Chico High",95926
"1329",4,61424,431676,10,2012,31,34.5019255455712,"Chico High",95926
"1330",4,61424,431676,10,2012,111,60.2849794238683,"Chico High",95926
"1331",4,61424,431676,11,2012,31,31.7992277992278,"Chico High",95926
"1332",4,61424,431676,11,2012,111,56.3524590163934,"Chico High",95926
"1333",4,61424,437558,9,2012,31,42.0478723404255,"Pleasant Valley High",95926
"1334",4,61424,437558,9,2012,111,65.0026007802341,"Pleasant Valley High",95926
"1335",4,61424,437558,10,2012,31,49.5553846153846,"Pleasant Valley High",95926
"1336",4,61424,437558,10,2012,111,67.3299933199733,"Pleasant Valley High",95926
"1337",4,61424,437558,11,2012,31,53.662192393736,"Pleasant Valley High",95926
"1338",4,61424,437558,11,2012,111,58.788062283737,"Pleasant Valley High",95926
"1339",4,61424,6002968,2,2012,31,49,"Chapman Elementary",95928
"1340",4,61424,6002968,3,2012,31,33,"Chapman Elementary",95928
"1341",4,61424,6002968,4,2012,31,64,"Chapman Elementary",95928
"1342",4,61424,6002968,5,2012,31,47.6666666666667,"Chapman Elementary",95928
"1343",4,61424,6002968,6,2012,31,39,"Chapman Elementary",95928
"1344",4,61424,6002976,2,2012,31,20,"Citrus Avenue Elementary",95926
"1345",4,61424,6002976,3,2012,31,36.6065573770492,"Citrus Avenue Elementary",95926
"1346",4,61424,6002976,4,2012,31,51,"Citrus Avenue Elementary",95926
"1347",4,61424,6002976,5,2012,31,29.6666666666667,"Citrus Avenue Elementary",95926
"1348",4,61424,6002976,6,2012,31,35.0412371134021,"Citrus Avenue Elementary",95926
"1349",4,61424,6003008,2,2012,31,42.5,"Hooker Oak Elementary",95926
"1350",4,61424,6003008,2,2012,111,69,"Hooker Oak Elementary",95926
"1351",4,61424,6003008,3,2012,31,64.5,"Hooker Oak Elementary",95926
"1352",4,61424,6003008,3,2012,111,63,"Hooker Oak Elementary",95926
"1353",4,61424,6003008,4,2012,31,41.4827586206897,"Hooker Oak Elementary",95926
"1354",4,61424,6003008,4,2012,111,70.5,"Hooker Oak Elementary",95926
"1355",4,61424,6003008,5,2012,31,49.5882352941176,"Hooker Oak Elementary",95926
"1356",4,61424,6003008,5,2012,111,77.3404255319149,"Hooker Oak Elementary",95926
"1357",4,61424,6003008,6,2012,31,36,"Hooker Oak Elementary",95926
"1358",4,61424,6003008,6,2012,111,65,"Hooker Oak Elementary",95926
"1359",4,61424,6003024,2,2012,31,43,"McManus (John A.) Elementary",95926
"1360",4,61424,6003024,2,2012,111,77.5,"McManus (John A.) Elementary",95926
"1361",4,61424,6003024,3,2012,31,34.2970297029703,"McManus (John A.) Elementary",95926
"1362",4,61424,6003024,3,2012,111,58.7948717948718,"McManus (John A.) Elementary",95926
"1363",4,61424,6003024,4,2012,31,31.8148148148148,"McManus (John A.) Elementary",95926
"1364",4,61424,6003024,5,2012,31,48.3333333333333,"McManus (John A.) Elementary",95926
"1365",4,61424,6003024,5,2012,111,60,"McManus (John A.) Elementary",95926
"1366",4,61424,6003024,6,2012,31,40.4444444444444,"McManus (John A.) Elementary",95926
"1367",4,61424,6003024,6,2012,111,44.5,"McManus (John A.) Elementary",95926
"1368",4,61424,6003032,2,2012,31,41,"Marigold Elementary",95926
"1369",4,61424,6003032,2,2012,111,68,"Marigold Elementary",95926
"1370",4,61424,6003032,3,2012,31,46,"Marigold Elementary",95926
"1371",4,61424,6003032,3,2012,111,59,"Marigold Elementary",95926
"1372",4,61424,6003032,4,2012,31,59.5,"Marigold Elementary",95926
"1373",4,61424,6003032,4,2012,111,84,"Marigold Elementary",95926
"1374",4,61424,6003032,5,2012,31,64.3333333333333,"Marigold Elementary",95926
"1375",4,61424,6003032,5,2012,111,77.3333333333333,"Marigold Elementary",95926
"1376",4,61424,6003032,6,2012,31,60.5,"Marigold Elementary",95926
"1377",4,61424,6003032,6,2012,111,76,"Marigold Elementary",95926
"1378",4,61424,6003040,2,2012,31,41.5,"Neal Dow Elementary",95926
"1379",4,61424,6003040,2,2012,111,80,"Neal Dow Elementary",95926
"1380",4,61424,6003040,3,2012,31,53,"Neal Dow Elementary",95926
"1381",4,61424,6003040,3,2012,111,47.9259259259259,"Neal Dow Elementary",95926
"1382",4,61424,6003040,4,2012,31,45.6136363636364,"Neal Dow Elementary",95926
"1383",4,61424,6003040,4,2012,111,81.9638554216867,"Neal Dow Elementary",95926
"1384",4,61424,6003040,5,2012,31,52.3333333333333,"Neal Dow Elementary",95926
"1385",4,61424,6003040,5,2012,111,65.9756097560976,"Neal Dow Elementary",95926
"1386",4,61424,6003040,6,2012,31,56.9811320754717,"Neal Dow Elementary",95926
"1387",4,61424,6003040,6,2012,111,71.5,"Neal Dow Elementary",95926
"1388",4,61424,6003073,2,2012,31,21.5,"Parkview Elementary",95928
"1389",4,61424,6003073,3,2012,31,36.9795918367347,"Parkview Elementary",95928
"1390",4,61424,6003073,3,2012,111,86,"Parkview Elementary",95928
"1391",4,61424,6003073,4,2012,31,50,"Parkview Elementary",95928
"1392",4,61424,6003073,4,2012,111,83.5,"Parkview Elementary",95928
"1393",4,61424,6003073,5,2012,31,52,"Parkview Elementary",95928
"1394",4,61424,6003073,5,2012,111,74.6666666666667,"Parkview Elementary",95928
"1395",4,61424,6003073,6,2012,31,40,"Parkview Elementary",95928
"1396",4,61424,6003081,2,2012,31,19.5,"Rosedale Elementary",95928
"1397",4,61424,6003081,2,2012,111,74,"Rosedale Elementary",95928
"1398",4,61424,6003081,3,2012,31,39,"Rosedale Elementary",95928
"1399",4,61424,6003081,3,2012,111,87.0649350649351,"Rosedale Elementary",95928
"1400",4,61424,6003081,4,2012,31,34.5,"Rosedale Elementary",95928
"1401",4,61424,6003081,4,2012,111,82,"Rosedale Elementary",95928
"1402",4,61424,6003081,5,2012,31,58.3495145631068,"Rosedale Elementary",95928
"1403",4,61424,6003081,5,2012,111,85.3333333333333,"Rosedale Elementary",95928
"1404",4,61424,6003081,6,2012,31,39.5,"Rosedale Elementary",95928
"1405",4,61424,6003081,6,2012,111,71.5,"Rosedale Elementary",95928
"1406",4,61424,6003099,2,2012,31,44.4153846153846,"Shasta Elementary",95926
"1407",4,61424,6003099,2,2012,111,77,"Shasta Elementary",95926
"1408",4,61424,6003099,3,2012,31,50.5942028985507,"Shasta Elementary",95926
"1409",4,61424,6003099,3,2012,111,75.5,"Shasta Elementary",95926
"1410",4,61424,6003099,4,2012,31,52.5,"Shasta Elementary",95926
"1411",4,61424,6003099,4,2012,111,77.9569892473118,"Shasta Elementary",95926
"1412",4,61424,6003099,5,2012,31,74.2584269662921,"Shasta Elementary",95926
"1413",4,61424,6003099,5,2012,111,86.3417085427136,"Shasta Elementary",95926
"1414",4,61424,6003099,6,2012,31,33.0579710144928,"Shasta Elementary",95926
"1415",4,61424,6003099,6,2012,111,81.991452991453,"Shasta Elementary",95926
"1416",4,61424,6003107,2,2012,31,55.8222222222222,"Sierra View Elementary",95926
"1417",4,61424,6003107,2,2012,111,82.5,"Sierra View Elementary",95926
"1418",4,61424,6003107,3,2012,31,68.5,"Sierra View Elementary",95926
"1419",4,61424,6003107,3,2012,111,83.04,"Sierra View Elementary",95926
"1420",4,61424,6003107,4,2012,31,67,"Sierra View Elementary",95926
"1421",4,61424,6003107,4,2012,111,82,"Sierra View Elementary",95926
"1422",4,61424,6003107,5,2012,31,81.6279069767442,"Sierra View Elementary",95926
"1423",4,61424,6003107,5,2012,111,88.3333333333333,"Sierra View Elementary",95926
"1424",4,61424,6003107,6,2012,31,47,"Sierra View Elementary",95926
"1425",4,61424,6003107,6,2012,111,74.9082568807339,"Sierra View Elementary",95926
"1426",4,61424,6057129,7,2012,31,45.6891891891892,"Bidwell Junior High",95926
"1427",4,61424,6057129,7,2012,111,67.3486842105263,"Bidwell Junior High",95926
"1428",4,61424,6057129,8,2012,31,44.9327433628319,"Bidwell Junior High",95926
"1429",4,61424,6057129,8,2012,111,64.1930379746835,"Bidwell Junior High",95926
"1430",4,61424,6057137,7,2012,31,54.2612244897959,"Chico Junior High",95926
"1431",4,61424,6057137,7,2012,111,85.79296875,"Chico Junior High",95926
"1432",4,61424,6057137,8,2012,31,48.8701298701299,"Chico Junior High",95926
"1433",4,61424,6057137,8,2012,111,75.7978533094812,"Chico Junior High",95926
"1434",4,61424,6113773,2,2012,111,63,"Chico Country Day",95928
"1435",4,61424,6113773,3,2012,111,80,"Chico Country Day",95928
"1436",4,61424,6113773,4,2012,31,69,"Chico Country Day",95928
"1437",4,61424,6113773,4,2012,111,89.5,"Chico Country Day",95928
"1438",4,61424,6113773,5,2012,31,61.3333333333333,"Chico Country Day",95928
"1439",4,61424,6113773,5,2012,111,80.2535211267606,"Chico Country Day",95928
"1440",4,61424,6113773,6,2012,111,82.9,"Chico Country Day",95928
"1441",4,61424,6113773,7,2012,111,71.9176470588235,"Chico Country Day",95928
"1442",4,61424,6113773,8,2012,111,70.625,"Chico Country Day",95928
"1443",4,61424,6116610,7,2012,31,50,"Marsh (Harry M.) Junior High",95928
"1444",4,61424,6116610,7,2012,111,81.2255192878338,"Marsh (Harry M.) Junior High",95928
"1445",4,61424,6116610,8,2012,31,47.9555555555556,"Marsh (Harry M.) Junior High",95928
"1446",4,61424,6116610,8,2012,111,70.9077380952381,"Marsh (Harry M.) Junior High",95928
"1447",4,61424,6119523,2,2012,31,43.6603773584906,"Blue Oak Charter",95926
"1448",4,61424,6119523,2,2012,111,57.5,"Blue Oak Charter",95926
"1449",4,61424,6119523,3,2012,31,39.5849056603774,"Blue Oak Charter",95926
"1450",4,61424,6119523,3,2012,111,48.9230769230769,"Blue Oak Charter",95926
"1451",4,61424,6119523,4,2012,31,76.4285714285714,"Blue Oak Charter",95926
"1452",4,61424,6119523,4,2012,111,64,"Blue Oak Charter",95926
"1453",4,61424,6119523,5,2012,31,61.8157894736842,"Blue Oak Charter",95926
"1454",4,61424,6119523,5,2012,111,66.6666666666667,"Blue Oak Charter",95926
"1455",4,61424,6119523,6,2012,31,57.3333333333333,"Blue Oak Charter",95926
"1456",4,61424,6119523,6,2012,111,80,"Blue Oak Charter",95926
"1457",4,61424,6119523,7,2012,31,57.7272727272727,"Blue Oak Charter",95926
"1458",4,61424,6119523,7,2012,111,71.5,"Blue Oak Charter",95926
"1459",4,61424,6119523,8,2012,31,18,"Blue Oak Charter",95926
"1460",4,61432,433201,9,2012,31,30.3253012048193,"Durham High",95938
"1461",4,61432,433201,9,2012,111,58.828125,"Durham High",95938
"1462",4,61432,433201,10,2012,31,33.2347826086957,"Durham High",95938
"1463",4,61432,433201,10,2012,111,59.8893442622951,"Durham High",95938
"1464",4,61432,433201,11,2012,31,32.8,"Durham High",95938
"1465",4,61432,433201,11,2012,111,55.0300751879699,"Durham High",95938
"1466",4,61432,6003115,2,2012,31,31,"Durham Elementary",95938
"1467",4,61432,6003115,2,2012,111,75,"Durham Elementary",95938
"1468",4,61432,6003115,3,2012,31,45,"Durham Elementary",95938
"1469",4,61432,6003115,3,2012,111,59.5,"Durham Elementary",95938
"1470",4,61432,6003115,4,2012,31,69.9824561403509,"Durham Elementary",95938
"1471",4,61432,6003115,4,2012,111,93,"Durham Elementary",95938
"1472",4,61432,6003115,5,2012,31,54.6666666666667,"Durham Elementary",95938
"1473",4,61432,6003115,5,2012,111,80,"Durham Elementary",95938
"1474",4,61432,6105761,5,2012,111,94,"Durham Intermediate",95938
"1475",4,61432,6105761,6,2012,31,44.5,"Durham Intermediate",95938
"1476",4,61432,6105761,6,2012,111,64,"Durham Intermediate",95938
"1477",4,61432,6105761,7,2012,31,34.6567164179104,"Durham Intermediate",95938
"1478",4,61432,6105761,7,2012,111,58.5,"Durham Intermediate",95938
"1479",4,61432,6105761,8,2012,31,41.0229007633588,"Durham Intermediate",95938
"1480",4,61432,6105761,8,2012,111,59.7209302325581,"Durham Intermediate",95938
"1481",4,61457,6003131,8,2012,31,18,"Concow Elementary",95965
"1482",4,61499,6003198,2,2012,31,79.5,"Manzanita Elementary",95948
"1483",4,61499,6003198,2,2012,111,75,"Manzanita Elementary",95948
"1484",4,61499,6003198,3,2012,31,36,"Manzanita Elementary",95948
"1485",4,61499,6003198,3,2012,111,67,"Manzanita Elementary",95948
"1486",4,61499,6003198,4,2012,31,83.5,"Manzanita Elementary",95948
"1487",4,61499,6003198,4,2012,111,97,"Manzanita Elementary",95948
"1488",4,61499,6003198,5,2012,31,77.3333333333333,"Manzanita Elementary",95948
"1489",4,61499,6003198,5,2012,111,89.6666666666667,"Manzanita Elementary",95948
"1490",4,61499,6003198,6,2012,31,46.5,"Manzanita Elementary",95948
"1491",4,61499,6003198,6,2012,111,83.5,"Manzanita Elementary",95948
"1492",4,61499,6003198,7,2012,111,83.2222222222222,"Manzanita Elementary",95948
"1493",4,61499,6003198,8,2012,31,73,"Manzanita Elementary",95948
"1494",4,61499,6003198,8,2012,111,77.379746835443,"Manzanita Elementary",95948
"1495",4,61507,110072,6,2012,31,50.5,"Ishi Hills Middle",95966
"1496",4,61507,110072,6,2012,111,60.5,"Ishi Hills Middle",95966
"1497",4,61507,110072,7,2012,31,55,"Ishi Hills Middle",95966
"1498",4,61507,110072,7,2012,111,68.96,"Ishi Hills Middle",95966
"1499",4,61507,110072,8,2012,31,49.4941176470588,"Ishi Hills Middle",95966
"1500",4,61507,110072,8,2012,111,58.135593220339,"Ishi Hills Middle",95966
"1501",4,61507,6003230,7,2012,31,31,"Central Middle",95966
"1502",4,61507,6003230,7,2012,111,74.6363636363636,"Central Middle",95966
"1503",4,61507,6003230,8,2012,31,39.5090180360721,"Central Middle",95966
"1504",4,61507,6003230,8,2012,111,59.2256097560976,"Central Middle",95966
"1505",4,61507,6003255,2,2012,31,36,"Oakdale Heights Elementary",95966
"1506",4,61507,6003255,3,2012,31,19.9473684210526,"Oakdale Heights Elementary",95966
"1507",4,61507,6003263,2,2012,31,53,"Ophir Elementary",95966
"1508",4,61507,6003263,2,2012,111,80.5,"Ophir Elementary",95966
"1509",4,61507,6003263,3,2012,31,64.3978494623656,"Ophir Elementary",95966
"1510",4,61507,6003263,3,2012,111,70.5,"Ophir Elementary",95966
"1511",4,61507,6003263,4,2012,31,48.5,"Ophir Elementary",95966
"1512",4,61507,6003263,4,2012,111,75.5,"Ophir Elementary",95966
"1513",4,61507,6003263,5,2012,31,62,"Ophir Elementary",95966
"1514",4,61507,6003263,5,2012,111,78.9081632653061,"Ophir Elementary",95966
"1515",4,61507,6003263,6,2012,31,48.5,"Ophir Elementary",95966
"1516",4,61507,6003263,6,2012,111,71.5,"Ophir Elementary",95966
"1517",4,61507,6003271,2,2012,31,40.5,"Stanford Avenue Elementary",95966
"1518",4,61507,6003271,3,2012,31,40.125,"Stanford Avenue Elementary",95966
"1519",4,61507,6003271,3,2012,111,58.5,"Stanford Avenue Elementary",95966
"1520",4,61507,6003271,4,2012,31,60,"Stanford Avenue Elementary",95966
"1521",4,61507,6003271,4,2012,111,62.5,"Stanford Avenue Elementary",95966
"1522",4,61507,6003271,5,2012,31,53.6666666666667,"Stanford Avenue Elementary",95966
"1523",4,61507,6003271,5,2012,111,78.6666666666667,"Stanford Avenue Elementary",95966
"1524",4,61507,6003271,6,2012,31,48,"Stanford Avenue Elementary",95966
"1525",4,61507,6003271,6,2012,111,48.2727272727273,"Stanford Avenue Elementary",95966
"1526",4,61515,434803,9,2012,31,38.5927152317881,"Las Plumas High",95966
"1527",4,61515,434803,9,2012,111,45.1117021276596,"Las Plumas High",95966
"1528",4,61515,434803,10,2012,31,29.6755852842809,"Las Plumas High",95966
"1529",4,61515,434803,10,2012,111,43.7769423558897,"Las Plumas High",95966
"1530",4,61515,434803,11,2012,31,36.3815551537071,"Las Plumas High",95966
"1531",4,61515,434803,11,2012,111,55.8164794007491,"Las Plumas High",95966
"1532",4,61515,435602,9,2012,31,40.9647435897436,"Oroville High",95966
"1533",4,61515,435602,9,2012,111,52.3501259445844,"Oroville High",95966
"1534",4,61515,435602,10,2012,31,38.8333333333333,"Oroville High",95966
"1535",4,61515,435602,10,2012,111,52.6577669902913,"Oroville High",95966
"1536",4,61515,435602,11,2012,31,33.6279491833031,"Oroville High",95966
"1537",4,61515,435602,11,2012,111,44.6737288135593,"Oroville High",95966
"1538",4,61515,437566,10,2012,31,0,"Prospect High (Continuation)",95965
"1539",4,61515,437566,11,2012,31,6.95918367346939,"Prospect High (Continuation)",95965
"1540",4,61515,437566,11,2012,111,17.5,"Prospect High (Continuation)",95965
"1541",4,61523,110510,4,2012,31,49.5,"Golden Hills Elementary",95966
"1542",4,61523,110510,4,2012,111,82.5,"Golden Hills Elementary",95966
"1543",4,61523,110510,5,2012,31,50.6666666666667,"Golden Hills Elementary",95966
"1544",4,61523,110510,5,2012,111,70.0821917808219,"Golden Hills Elementary",95966
"1545",4,61523,6003289,2,2012,31,55.9871244635193,"Helen M. Wilcox Elementary",95966
"1546",4,61523,6003289,2,2012,111,62.5,"Helen M. Wilcox Elementary",95966
"1547",4,61523,6003289,3,2012,31,50.5,"Helen M. Wilcox Elementary",95966
"1548",4,61523,6003289,3,2012,111,73.5,"Helen M. Wilcox Elementary",95966
"1549",4,61523,6003297,6,2012,31,45,"Palermo",95968
"1550",4,61523,6003297,6,2012,111,60,"Palermo",95968
"1551",4,61523,6003297,7,2012,31,61,"Palermo",95968
"1552",4,61523,6003297,7,2012,111,62.5,"Palermo",95968
"1553",4,61523,6003297,8,2012,31,41.6035805626598,"Palermo",95968
"1554",4,61523,6003297,8,2012,111,58,"Palermo",95968
"1555",4,61531,432856,10,2012,31,10.5625,"Ridgeview High (Continuation)",95954
"1556",4,61531,432856,11,2012,31,17.864406779661,"Ridgeview High (Continuation)",95954
"1557",4,61531,432856,11,2012,111,8.47826086956522,"Ridgeview High (Continuation)",95954
"1558",4,61531,437350,9,2012,31,38.7459677419355,"Paradise Senior High",95969
"1559",4,61531,437350,9,2012,111,58.443579766537,"Paradise Senior High",95969
"1560",4,61531,437350,10,2012,31,42.3209677419355,"Paradise Senior High",95969
"1561",4,61531,437350,10,2012,111,60.4006069802731,"Paradise Senior High",95969
"1562",4,61531,437350,11,2012,31,41.8698347107438,"Paradise Senior High",95969
"1563",4,61531,437350,11,2012,111,52.511811023622,"Paradise Senior High",95969
"1564",4,61531,6003313,2,2012,31,44.4961240310078,"Paradise Elementary",95969
"1565",4,61531,6003313,2,2012,111,63.5,"Paradise Elementary",95969
"1566",4,61531,6003313,3,2012,31,45.5,"Paradise Elementary",95969
"1567",4,61531,6003313,3,2012,111,62,"Paradise Elementary",95969
"1568",4,61531,6003313,4,2012,31,48.4867256637168,"Paradise Elementary",95969
"1569",4,61531,6003313,4,2012,111,72.5,"Paradise Elementary",95969
"1570",4,61531,6003313,5,2012,31,38.3491124260355,"Paradise Elementary",95969
"1571",4,61531,6003313,5,2012,111,62.436974789916,"Paradise Elementary",95969
"1572",4,61531,6003339,2,2012,31,58,"Ponderosa Elementary",95969
"1573",4,61531,6003339,2,2012,111,82.5,"Ponderosa Elementary",95969
"1574",4,61531,6003339,3,2012,31,47,"Ponderosa Elementary",95969
"1575",4,61531,6003339,3,2012,111,76,"Ponderosa Elementary",95969
"1576",4,61531,6003339,4,2012,31,56.5060240963855,"Ponderosa Elementary",95969
"1577",4,61531,6003339,4,2012,111,84.5,"Ponderosa Elementary",95969
"1578",4,61531,6003339,5,2012,31,43.6666666666667,"Ponderosa Elementary",95969
"1579",4,61531,6003339,5,2012,111,79.3333333333333,"Ponderosa Elementary",95969
"1580",4,61531,6105522,2,2012,31,77,"Pine Ridge",95954
"1581",4,61531,6105522,3,2012,31,57,"Pine Ridge",95954
"1582",4,61531,6105522,4,2012,31,60.5,"Pine Ridge",95954
"1583",4,61531,6105522,5,2012,31,48.3333333333333,"Pine Ridge",95954
"1584",4,61531,6105522,5,2012,111,89,"Pine Ridge",95954
"1585",4,61531,6105522,6,2012,31,42.0947368421053,"Pine Ridge",95954
"1586",4,61531,6105522,6,2012,111,54,"Pine Ridge",95954
"1587",4,61531,6105522,7,2012,31,38.5,"Pine Ridge",95954
"1588",4,61531,6105522,7,2012,111,59.3783783783784,"Pine Ridge",95954
"1589",4,61531,6105522,8,2012,31,46.5070422535211,"Pine Ridge",95954
"1590",4,61531,6105522,8,2012,111,60.1555555555556,"Pine Ridge",95954
"1591",4,61531,6113526,2,2012,31,68.5,"Cedarwood Elementary",95954
"1592",4,61531,6113526,2,2012,111,100,"Cedarwood Elementary",95954
"1593",4,61531,6113526,3,2012,31,43.46875,"Cedarwood Elementary",95954
"1594",4,61531,6113526,4,2012,31,73.7142857142857,"Cedarwood Elementary",95954
"1595",4,61531,6113765,2,2012,111,55.5,"Children's Community Charter",95969
"1596",4,61531,6113765,3,2012,111,45.5,"Children's Community Charter",95969
"1597",4,61531,6113765,4,2012,111,63,"Children's Community Charter",95969
"1598",4,61531,6113765,5,2012,111,74,"Children's Community Charter",95969
"1599",4,61531,6113765,6,2012,111,52.5,"Children's Community Charter",95969
"1600",4,61531,6113765,7,2012,111,58.4838709677419,"Children's Community Charter",95969
"1601",4,61531,6113765,8,2012,111,53.6865671641791,"Children's Community Charter",95969
"1602",4,61549,102327,2,2012,31,62.5,"Plumas Avenue Elementary",95965
"1603",4,61549,102327,3,2012,31,60.1395348837209,"Plumas Avenue Elementary",95965
"1604",4,61549,102327,4,2012,31,65.7560975609756,"Plumas Avenue Elementary",95965
"1605",4,61549,102327,5,2012,31,43.3333333333333,"Plumas Avenue Elementary",95965
"1606",4,61549,6003354,6,2012,31,36.5,"Nelson Avenue Middle",95965
"1607",4,61549,6003354,6,2012,111,41.1025641025641,"Nelson Avenue Middle",95965
"1608",4,61549,6003354,7,2012,31,43.5229357798165,"Nelson Avenue Middle",95965
"1609",4,61549,6003354,7,2012,111,55.5,"Nelson Avenue Middle",95965
"1610",4,61549,6003354,8,2012,31,43.882226980728,"Nelson Avenue Middle",95965
"1611",4,61549,6003354,8,2012,111,48.6363636363636,"Nelson Avenue Middle",95965
"1612",4,61549,6003362,2,2012,31,31.5,"Poplar Avenue Elementary",95965
"1613",4,61549,6003362,3,2012,31,36.5,"Poplar Avenue Elementary",95965
"1614",4,61549,6003362,4,2012,31,83.5,"Poplar Avenue Elementary",95965
"1615",4,61549,6003362,5,2012,31,54,"Poplar Avenue Elementary",95965
"1616",4,61549,6003370,2,2012,31,48.5,"Sierra Avenue Elementary",95965
"1617",4,61549,6003370,3,2012,31,43.5,"Sierra Avenue Elementary",95965
"1618",4,61549,6003370,4,2012,31,56,"Sierra Avenue Elementary",95965
"1619",4,61549,6003370,5,2012,31,63.6300578034682,"Sierra Avenue Elementary",95965
"1620",4,75507,433946,11,2012,31,0,"Esperanza High (Continuation)",95948
"1621",4,75507,433953,9,2012,31,37.4431137724551,"Gridley High",95948
"1622",4,75507,433953,9,2012,111,64.8759124087591,"Gridley High",95948
"1623",4,75507,433953,10,2012,31,41.3128834355828,"Gridley High",95948
"1624",4,75507,433953,10,2012,111,55.1037735849057,"Gridley High",95948
"1625",4,75507,433953,11,2012,31,41.3858267716535,"Gridley High",95948
"1626",4,75507,433953,11,2012,111,50.1318181818182,"Gridley High",95948
"1627",4,75507,6003164,6,2012,31,45.9849246231156,"Sycamore Middle",95948
"1628",4,75507,6003164,6,2012,111,73,"Sycamore Middle",95948
"1629",4,75507,6003164,7,2012,31,49.2535885167464,"Sycamore Middle",95948
"1630",4,75507,6003164,7,2012,111,72.231884057971,"Sycamore Middle",95948
"1631",4,75507,6003164,8,2012,31,42.2167832167832,"Sycamore Middle",95948
"1632",4,75507,6003164,8,2012,111,73.7196261682243,"Sycamore Middle",95948
"1633",4,75507,6003172,2,2012,31,61.5,"Wilson Elementary",95948
"1634",4,75507,6003172,2,2012,111,67.5,"Wilson Elementary",95948
"1635",4,75507,6003172,3,2012,31,49.5766129032258,"Wilson Elementary",95948
"1636",4,75507,6003172,3,2012,111,77,"Wilson Elementary",95948
"1637",4,75507,6003172,4,2012,31,77.5394736842105,"Wilson Elementary",95948
"1638",4,75507,6003172,4,2012,111,91,"Wilson Elementary",95948
"1639",4,75507,6003172,5,2012,31,61.6531365313653,"Wilson Elementary",95948
"1640",4,75507,6003172,5,2012,111,78.3495145631068,"Wilson Elementary",95948
"1641",5,10058,530048,9,2012,31,12,"Calaveras River Academy",95249
"1642",5,10058,530048,11,2012,31,4.5,"Calaveras River Academy",95249
"1643",5,10058,530154,4,2012,111,63.5,"Mountain Oaks",95249
"1644",5,10058,530154,6,2012,111,32,"Mountain Oaks",95249
"1645",5,10058,530154,7,2012,31,58.5,"Mountain Oaks",95249
"1646",5,10058,530154,7,2012,111,60.4285714285714,"Mountain Oaks",95249
"1647",5,10058,530154,8,2012,31,19.051724137931,"Mountain Oaks",95249
"1648",5,10058,530154,8,2012,111,35.3030303030303,"Mountain Oaks",95249
"1649",5,10058,530154,9,2012,31,42.5084745762712,"Mountain Oaks",95249
"1650",5,10058,530154,9,2012,111,50,"Mountain Oaks",95249
"1651",5,10058,530154,10,2012,31,18.5555555555556,"Mountain Oaks",95249
"1652",5,10058,530154,10,2012,111,40.8813559322034,"Mountain Oaks",95249
"1653",5,10058,530154,11,2012,31,30.7878787878788,"Mountain Oaks",95249
"1654",5,10058,530154,11,2012,111,28,"Mountain Oaks",95249
"1655",5,61556,532507,9,2012,31,38.7267441860465,"Bret Harte Union High",95221
"1656",5,61556,532507,9,2012,111,65.5723076923077,"Bret Harte Union High",95221
"1657",5,61556,532507,10,2012,31,43.8202247191011,"Bret Harte Union High",95221
"1658",5,61556,532507,10,2012,111,60.8295454545455,"Bret Harte Union High",95221
"1659",5,61556,532507,11,2012,31,43.4747474747475,"Bret Harte Union High",95221
"1660",5,61556,532507,11,2012,111,56.5277777777778,"Bret Harte Union High",95221
"1661",5,61564,531509,9,2012,31,32.6058394160584,"Calaveras High",95249
"1662",5,61564,531509,9,2012,111,50.2082429501085,"Calaveras High",95249
"1663",5,61564,531509,10,2012,31,38.4836272040302,"Calaveras High",95249
"1664",5,61564,531509,10,2012,111,48.04,"Calaveras High",95249
"1665",5,61564,531509,11,2012,31,42.6025641025641,"Calaveras High",95249
"1666",5,61564,531509,11,2012,111,53.8303747534517,"Calaveras High",95249
"1667",5,61564,6003404,2,2012,31,27,"Mokelumne Hill Elementary",95245
"1668",5,61564,6003404,6,2012,111,73,"Mokelumne Hill Elementary",95245
"1669",5,61564,6003438,2,2012,31,30,"San Andreas Elementary",95249
"1670",5,61564,6003438,2,2012,111,50,"San Andreas Elementary",95249
"1671",5,61564,6003438,3,2012,31,43.5,"San Andreas Elementary",95249
"1672",5,61564,6003438,3,2012,111,68.5,"San Andreas Elementary",95249
"1673",5,61564,6003438,4,2012,31,65.5,"San Andreas Elementary",95249
"1674",5,61564,6003438,4,2012,111,100,"San Andreas Elementary",95249
"1675",5,61564,6003438,6,2012,31,62,"San Andreas Elementary",95249
"1676",5,61564,6003438,6,2012,111,79,"San Andreas Elementary",95249
"1677",5,61564,6003446,2,2012,31,44.5,"Valley Springs Elementary",95252
"1678",5,61564,6003446,2,2012,111,50,"Valley Springs Elementary",95252
"1679",5,61564,6003446,3,2012,31,36.5,"Valley Springs Elementary",95252
"1680",5,61564,6003446,3,2012,111,58.5,"Valley Springs Elementary",95252
"1681",5,61564,6003446,4,2012,31,56.5,"Valley Springs Elementary",95252
"1682",5,61564,6003446,4,2012,111,83,"Valley Springs Elementary",95252
"1683",5,61564,6003446,5,2012,31,56.6666666666667,"Valley Springs Elementary",95252
"1684",5,61564,6003446,5,2012,111,69.6666666666667,"Valley Springs Elementary",95252
"1685",5,61564,6003446,6,2012,31,45,"Valley Springs Elementary",95252
"1686",5,61564,6003446,6,2012,111,73,"Valley Springs Elementary",95252
"1687",5,61564,6003453,2,2012,31,38.5,"West Point Elementary",95255
"1688",5,61564,6003453,6,2012,31,37.5,"West Point Elementary",95255
"1689",5,61564,6105431,7,2012,31,55.9799196787149,"Toyon Middle",95252
"1690",5,61564,6105431,7,2012,111,71.992277992278,"Toyon Middle",95252
"1691",5,61564,6105431,8,2012,31,49.9216710182768,"Toyon Middle",95252
"1692",5,61564,6105431,8,2012,111,66.1531100478469,"Toyon Middle",95252
"1693",5,61572,6003388,2,2012,31,65,"Copperopolis Elementary",95228
"1694",5,61572,6003388,3,2012,31,54,"Copperopolis Elementary",95228
"1695",5,61572,6003388,3,2012,111,64.8285714285714,"Copperopolis Elementary",95228
"1696",5,61572,6003388,4,2012,31,76.5,"Copperopolis Elementary",95228
"1697",5,61572,6003388,4,2012,111,91.5,"Copperopolis Elementary",95228
"1698",5,61572,6003388,5,2012,31,52.6666666666667,"Copperopolis Elementary",95228
"1699",5,61572,6003388,5,2012,111,59.1875,"Copperopolis Elementary",95228
"1700",5,61572,6003388,6,2012,31,50,"Copperopolis Elementary",95228
"1701",5,61572,6003388,6,2012,111,60,"Copperopolis Elementary",95228
"1702",5,61572,6003461,2,2012,31,56,"Mark Twain Elementary",95222
"1703",5,61572,6003461,2,2012,111,84.5,"Mark Twain Elementary",95222
"1704",5,61572,6003461,3,2012,31,54,"Mark Twain Elementary",95222
"1705",5,61572,6003461,3,2012,111,69.5,"Mark Twain Elementary",95222
"1706",5,61572,6003461,4,2012,31,53,"Mark Twain Elementary",95222
"1707",5,61572,6003461,4,2012,111,65,"Mark Twain Elementary",95222
"1708",5,61572,6003461,5,2012,31,50,"Mark Twain Elementary",95222
"1709",5,61572,6003461,5,2012,111,68.3333333333333,"Mark Twain Elementary",95222
"1710",5,61572,6003461,6,2012,31,48.5,"Mark Twain Elementary",95222
"1711",5,61572,6003461,6,2012,111,57,"Mark Twain Elementary",95222
"1712",5,61572,6003461,7,2012,31,54.495145631068,"Mark Twain Elementary",95222
"1713",5,61572,6003461,7,2012,111,68,"Mark Twain Elementary",95222
"1714",5,61572,6003461,8,2012,31,68.09375,"Mark Twain Elementary",95222
"1715",5,61572,6003461,8,2012,111,73.051948051948,"Mark Twain Elementary",95222
"1716",5,61580,6111884,6,2012,31,63.8723404255319,"Avery Middle",95224
"1717",5,61580,6111884,6,2012,111,75.5368421052632,"Avery Middle",95224
"1718",5,61580,6111884,7,2012,31,58.4857142857143,"Avery Middle",95224
"1719",5,61580,6111884,7,2012,111,81.6760563380282,"Avery Middle",95224
"1720",5,61580,6111884,8,2012,31,54.5859375,"Avery Middle",95224
"1721",5,61580,6111884,8,2012,111,74.1207729468599,"Avery Middle",95224
"1722",6,61598,631259,9,2012,31,33.4715447154472,"Colusa High",95932
"1723",6,61598,631259,9,2012,111,65.1111111111111,"Colusa High",95932
"1724",6,61598,631259,10,2012,31,30.2135416666667,"Colusa High",95932
"1725",6,61598,631259,10,2012,111,63.9148936170213,"Colusa High",95932
"1726",6,61598,631259,11,2012,31,31.3053435114504,"Colusa High",95932
"1727",6,61598,631259,11,2012,111,40.0366972477064,"Colusa High",95932
"1728",6,61598,6003495,2,2012,31,38.5,"James M. Burchfield Primary",95932
"1729",6,61598,6003495,2,2012,111,82,"James M. Burchfield Primary",95932
"1730",6,61598,6003495,3,2012,31,38.5,"James M. Burchfield Primary",95932
"1731",6,61598,6003495,3,2012,111,57,"James M. Burchfield Primary",95932
"1732",6,61598,6057152,4,2012,31,48.5,"George T. Egling Middle",95932
"1733",6,61598,6057152,4,2012,111,79,"George T. Egling Middle",95932
"1734",6,61598,6057152,5,2012,31,29.3436123348018,"George T. Egling Middle",95932
"1735",6,61598,6057152,5,2012,111,68.4146341463415,"George T. Egling Middle",95932
"1736",6,61598,6057152,6,2012,31,35.469387755102,"George T. Egling Middle",95932
"1737",6,61598,6057152,6,2012,111,53,"George T. Egling Middle",95932
"1738",6,61598,6057152,7,2012,31,44.5,"George T. Egling Middle",95932
"1739",6,61598,6057152,7,2012,111,65.5,"George T. Egling Middle",95932
"1740",6,61598,6057152,8,2012,31,32.0840336134454,"George T. Egling Middle",95932
"1741",6,61598,6057152,8,2012,111,65.1521739130435,"George T. Egling Middle",95932
"1742",6,61606,6003503,2,2012,31,27,"Maxwell Elementary",95955
"1743",6,61606,6003503,2,2012,111,45.5,"Maxwell Elementary",95955
"1744",6,61606,6003503,3,2012,31,55.5,"Maxwell Elementary",95955
"1745",6,61606,6003503,4,2012,31,35,"Maxwell Elementary",95955
"1746",6,61606,6003503,5,2012,31,52.16,"Maxwell Elementary",95955
"1747",6,61606,6003503,6,2012,31,35.6,"Maxwell Elementary",95955
"1748",6,61606,6003503,7,2012,31,54,"Maxwell Elementary",95955
"1749",6,61606,6003503,7,2012,111,77.5,"Maxwell Elementary",95955
"1750",6,61606,6003503,8,2012,31,25.7272727272727,"Maxwell Elementary",95955
"1751",6,61606,6003503,8,2012,111,60,"Maxwell Elementary",95955
"1752",6,61614,635250,9,2012,31,27.6099290780142,"Pierce High",95912
"1753",6,61614,635250,9,2012,111,58.7931034482759,"Pierce High",95912
"1754",6,61614,635250,10,2012,31,37.2210526315789,"Pierce High",95912
"1755",6,61614,635250,10,2012,111,66.2027027027027,"Pierce High",95912
"1756",6,61614,635250,11,2012,31,34.1678321678322,"Pierce High",95912
"1757",6,61614,635250,11,2012,111,60.1230769230769,"Pierce High",95912
"1758",6,61614,6003511,2,2012,31,38,"Arbuckle Elementary",95912
"1759",6,61614,6003511,2,2012,111,70,"Arbuckle Elementary",95912
"1760",6,61614,6003511,3,2012,31,55.5,"Arbuckle Elementary",95912
"1761",6,61614,6003511,3,2012,111,90,"Arbuckle Elementary",95912
"1762",6,61614,6003511,4,2012,31,48.7014925373134,"Arbuckle Elementary",95912
"1763",6,61614,6003511,4,2012,111,76.5,"Arbuckle Elementary",95912
"1764",6,61614,6003511,5,2012,31,39.6666666666667,"Arbuckle Elementary",95912
"1765",6,61614,6003511,5,2012,111,78.3333333333333,"Arbuckle Elementary",95912
"1766",6,61614,6003537,5,2012,31,15,"Grand Island Elementary",95950
"1767",6,61622,118729,4,2012,31,73,"Williams Upper Elementary",95987
"1768",6,61622,118729,4,2012,111,73.5,"Williams Upper Elementary",95987
"1769",6,61622,118729,5,2012,31,36.0220264317181,"Williams Upper Elementary",95987
"1770",6,61622,118729,5,2012,111,45.6666666666667,"Williams Upper Elementary",95987
"1771",6,61622,118729,6,2012,31,37.5,"Williams Upper Elementary",95987
"1772",6,61622,6003552,2,2012,31,53.5,"Williams Primary Elementary",95987
"1773",6,61622,6003552,3,2012,31,60,"Williams Primary Elementary",95987
"1774",7,10074,114470,5,2012,31,57.6666666666667,"Making Waves Academy",94806
"1775",7,10074,114470,6,2012,31,49,"Making Waves Academy",94806
"1776",7,10074,114470,7,2012,31,56.5,"Making Waves Academy",94806
"1777",7,10074,114470,8,2012,31,58.3492063492063,"Making Waves Academy",94806
"1778",7,10074,114470,9,2012,31,63.8314606741573,"Making Waves Academy",94806
"1779",7,10074,120444,9,2012,31,17,"Mt. McKinley",94553
"1780",7,10074,120444,9,2012,111,0,"Mt. McKinley",94553
"1781",7,10074,120444,11,2012,31,11.7647058823529,"Mt. McKinley",94553
"1782",7,61630,730283,9,2012,111,86.5594339622642,"Acalanes High",94549
"1783",7,61630,730283,10,2012,111,83.064012490242,"Acalanes High",94549
"1784",7,61630,730283,11,2012,31,53.5,"Acalanes High",94549
"1785",7,61630,730283,11,2012,111,74.1181217901687,"Acalanes High",94549
"1786",7,61630,731125,9,2012,111,85.3708791208791,"Campolindo High",94556
"1787",7,61630,731125,10,2012,111,81.7714776632302,"Campolindo High",94556
"1788",7,61630,731125,11,2012,111,78.4453376205788,"Campolindo High",94556
"1789",7,61630,733725,9,2012,31,53.0506329113924,"Las Lomas High",94596
"1790",7,61630,733725,9,2012,111,75.4982547993019,"Las Lomas High",94596
"1791",7,61630,733725,10,2012,31,56.1,"Las Lomas High",94596
"1792",7,61630,733725,10,2012,111,75.8230994152047,"Las Lomas High",94596
"1793",7,61630,733725,11,2012,31,27.3972602739726,"Las Lomas High",94596
"1794",7,61630,733725,11,2012,111,69.7399403874814,"Las Lomas High",94596
"1795",7,61630,734244,9,2012,111,90.317277486911,"Miramonte High",94563
"1796",7,61630,734244,10,2012,111,84.7911073825503,"Miramonte High",94563
"1797",7,61630,734244,11,2012,31,91,"Miramonte High",94563
"1798",7,61630,734244,11,2012,111,84.1341341341341,"Miramonte High",94563
"1799",7,61648,100461,2,2012,31,48,"Lone Tree Elementary",94531
"1800",7,61648,100461,2,2012,111,74,"Lone Tree Elementary",94531
"1801",7,61648,100461,3,2012,31,44.0780141843972,"Lone Tree Elementary",94531
"1802",7,61648,100461,3,2012,111,71.6060606060606,"Lone Tree Elementary",94531
"1803",7,61648,100461,4,2012,31,74.508064516129,"Lone Tree Elementary",94531
"1804",7,61648,100461,4,2012,111,85,"Lone Tree Elementary",94531
"1805",7,61648,100461,5,2012,31,38.7280334728033,"Lone Tree Elementary",94531
"1806",7,61648,100461,5,2012,111,68,"Lone Tree Elementary",94531
"1807",7,61648,100479,6,2012,31,44.9651972157773,"Dallas Ranch Middle",94531
"1808",7,61648,100479,6,2012,111,72.5,"Dallas Ranch Middle",94531
"1809",7,61648,100479,7,2012,31,43.0864197530864,"Dallas Ranch Middle",94531
"1810",7,61648,100479,7,2012,111,56.7464114832536,"Dallas Ranch Middle",94531
"1811",7,61648,100479,8,2012,31,39.0746089049338,"Dallas Ranch Middle",94531
"1812",7,61648,100479,8,2012,111,65.8325074331021,"Dallas Ranch Middle",94531
"1813",7,61648,106583,2,2012,31,51,"Carmen Dragon Elementary",94531
"1814",7,61648,106583,2,2012,111,77.5,"Carmen Dragon Elementary",94531
"1815",7,61648,106583,3,2012,31,49.3052631578947,"Carmen Dragon Elementary",94531
"1816",7,61648,106583,3,2012,111,60.5,"Carmen Dragon Elementary",94531
"1817",7,61648,106583,4,2012,31,47.0434782608696,"Carmen Dragon Elementary",94531
"1818",7,61648,106583,4,2012,111,68.3859649122807,"Carmen Dragon Elementary",94531
"1819",7,61648,106583,5,2012,31,34.5714285714286,"Carmen Dragon Elementary",94531
"1820",7,61648,106583,5,2012,111,53.6666666666667,"Carmen Dragon Elementary",94531
"1821",7,61648,110494,11,2012,31,4.95238095238095,"Bidwell Continuation High",94509
"1822",7,61648,110494,11,2012,111,11,"Bidwell Continuation High",94509
"1823",7,61648,113761,2,2012,31,63,"Orchard Park",94561
"1824",7,61648,113761,2,2012,111,68,"Orchard Park",94561
"1825",7,61648,113761,3,2012,31,37,"Orchard Park",94561
"1826",7,61648,113761,3,2012,111,62,"Orchard Park",94561
"1827",7,61648,113761,4,2012,31,48.4415584415584,"Orchard Park",94561
"1828",7,61648,113761,4,2012,111,83,"Orchard Park",94561
"1829",7,61648,113761,5,2012,31,54.89,"Orchard Park",94561
"1830",7,61648,113761,5,2012,111,57.9577464788732,"Orchard Park",94561
"1831",7,61648,113761,6,2012,31,60.3088235294118,"Orchard Park",94561
"1832",7,61648,113761,6,2012,111,72,"Orchard Park",94561
"1833",7,61648,113761,7,2012,31,62.015873015873,"Orchard Park",94561
"1834",7,61648,113761,7,2012,111,68.0512820512821,"Orchard Park",94561
"1835",7,61648,113761,8,2012,31,45.9736842105263,"Orchard Park",94561
"1836",7,61648,113761,8,2012,111,52.6464646464646,"Orchard Park",94561
"1837",7,61648,115063,2,2012,111,72,"Antioch Charter Academy II",94509
"1838",7,61648,115063,3,2012,111,45.5,"Antioch Charter Academy II",94509
"1839",7,61648,115063,4,2012,111,70.5,"Antioch Charter Academy II",94509
"1840",7,61648,115063,5,2012,111,51.1891891891892,"Antioch Charter Academy II",94509
"1841",7,61648,115063,6,2012,111,64.8260869565217,"Antioch Charter Academy II",94509
"1842",7,61648,115063,7,2012,111,46,"Antioch Charter Academy II",94509
"1843",7,61648,117218,9,2012,31,47.9318181818182,"Dozier-Libbey Medical High",94531
"1844",7,61648,117218,9,2012,111,55.5179282868526,"Dozier-Libbey Medical High",94531
"1845",7,61648,117218,10,2012,31,29.3534031413613,"Dozier-Libbey Medical High",94531
"1846",7,61648,117218,10,2012,111,52.2626506024096,"Dozier-Libbey Medical High",94531
"1847",7,61648,117218,11,2012,31,46.1434782608696,"Dozier-Libbey Medical High",94531
"1848",7,61648,117218,11,2012,111,59.3660130718954,"Dozier-Libbey Medical High",94531
"1849",7,61648,730101,11,2012,31,11.1428571428571,"Live Oak High (Continuation)",94509
"1850",7,61648,730101,11,2012,111,8.43243243243243,"Live Oak High (Continuation)",94509
"1851",7,61648,730259,7,2012,111,30.5,"Prospects High (Alternative)",94509
"1852",7,61648,730259,9,2012,31,25.225,"Prospects High (Alternative)",94509
"1853",7,61648,730259,9,2012,111,55,"Prospects High (Alternative)",94509
"1854",7,61648,730259,11,2012,31,13.4526315789474,"Prospects High (Alternative)",94509
"1855",7,61648,730259,11,2012,111,12.9245283018868,"Prospects High (Alternative)",94509
"1856",7,61648,730465,9,2012,31,30.2724458204334,"Deer Valley High",94531
"1857",7,61648,730465,9,2012,111,47.306420233463,"Deer Valley High",94531
"1858",7,61648,730465,10,2012,31,25.7150297619048,"Deer Valley High",94531
"1859",7,61648,730465,10,2012,111,45.5156345800123,"Deer Valley High",94531
"1860",7,61648,730465,11,2012,31,28.4860022396417,"Deer Valley High",94531
"1861",7,61648,730465,11,2012,111,46.2387312186978,"Deer Valley High",94531
"1862",7,61648,730861,9,2012,31,23.6185958254269,"Antioch High",94509
"1863",7,61648,730861,9,2012,111,42.5148514851485,"Antioch High",94509
"1864",7,61648,730861,10,2012,31,27.4180685358255,"Antioch High",94509
"1865",7,61648,730861,10,2012,111,44.1743725231176,"Antioch High",94509
"1866",7,61648,730861,11,2012,31,22.3545034642032,"Antioch High",94509
"1867",7,61648,730861,11,2012,111,35.8591549295775,"Antioch High",94509
"1868",7,61648,6003578,2,2012,31,47.5,"Belshaw Elementary",94509
"1869",7,61648,6003578,2,2012,111,56,"Belshaw Elementary",94509
"1870",7,61648,6003578,3,2012,31,43.5,"Belshaw Elementary",94509
"1871",7,61648,6003578,3,2012,111,53.5,"Belshaw Elementary",94509
"1872",7,61648,6003578,4,2012,31,61.5,"Belshaw Elementary",94509
"1873",7,61648,6003578,4,2012,111,67.5,"Belshaw Elementary",94509
"1874",7,61648,6003578,5,2012,31,34.2908163265306,"Belshaw Elementary",94509
"1875",7,61648,6003578,5,2012,111,49.3333333333333,"Belshaw Elementary",94509
"1876",7,61648,6003594,2,2012,31,51.9509202453988,"Fremont Elementary",94509
"1877",7,61648,6003594,3,2012,31,39.0769230769231,"Fremont Elementary",94509
"1878",7,61648,6003594,4,2012,31,48,"Fremont Elementary",94509
"1879",7,61648,6003594,5,2012,31,33.0607287449393,"Fremont Elementary",94509
"1880",7,61648,6003602,2,2012,31,47.5,"Kimball Elementary",94509
"1881",7,61648,6003602,2,2012,111,65.5,"Kimball Elementary",94509
"1882",7,61648,6003602,3,2012,31,34.6291390728477,"Kimball Elementary",94509
"1883",7,61648,6003602,4,2012,31,59.5,"Kimball Elementary",94509
"1884",7,61648,6003602,4,2012,111,62,"Kimball Elementary",94509
"1885",7,61648,6003602,5,2012,31,36.3333333333333,"Kimball Elementary",94509
"1886",7,61648,6003610,2,2012,31,44.5,"Marsh Elementary",94509
"1887",7,61648,6003610,3,2012,31,29.5851851851852,"Marsh Elementary",94509
"1888",7,61648,6003610,4,2012,31,49.5454545454545,"Marsh Elementary",94509
"1889",7,61648,6003610,5,2012,31,24.9901477832512,"Marsh Elementary",94509
"1890",7,61648,6003628,2,2012,31,61,"Sutter Elementary",94509
"1891",7,61648,6003628,2,2012,111,71.5,"Sutter Elementary",94509
"1892",7,61648,6003628,3,2012,31,48.5670103092784,"Sutter Elementary",94509
"1893",7,61648,6003628,3,2012,111,61,"Sutter Elementary",94509
"1894",7,61648,6003628,4,2012,31,53.4842105263158,"Sutter Elementary",94509
"1895",7,61648,6003628,4,2012,111,72.5538461538462,"Sutter Elementary",94509
"1896",7,61648,6003628,5,2012,31,41.9108280254777,"Sutter Elementary",94509
"1897",7,61648,6003628,5,2012,111,64.6299212598425,"Sutter Elementary",94509
"1898",7,61648,6003636,2,2012,31,49,"Turner Elementary",94509
"1899",7,61648,6003636,2,2012,111,57,"Turner Elementary",94509
"1900",7,61648,6003636,3,2012,31,28,"Turner Elementary",94509
"1901",7,61648,6003636,4,2012,31,52,"Turner Elementary",94509
"1902",7,61648,6003636,5,2012,31,36.3333333333333,"Turner Elementary",94509
"1903",7,61648,6057178,6,2012,31,25.4642857142857,"Antioch Middle",94509
"1904",7,61648,6057178,6,2012,111,30.6060606060606,"Antioch Middle",94509
"1905",7,61648,6057178,7,2012,31,41.1805929919137,"Antioch Middle",94509
"1906",7,61648,6057178,7,2012,111,45.0724637681159,"Antioch Middle",94509
"1907",7,61648,6057178,8,2012,31,35.0762711864407,"Antioch Middle",94509
"1908",7,61648,6057178,8,2012,111,42.2884615384615,"Antioch Middle",94509
"1909",7,61648,6061154,6,2012,31,39.9789473684211,"Park Middle",94509
"1910",7,61648,6061154,6,2012,111,61.5,"Park Middle",94509
"1911",7,61648,6061154,7,2012,31,42.0598290598291,"Park Middle",94509
"1912",7,61648,6061154,7,2012,111,60.1551724137931,"Park Middle",94509
"1913",7,61648,6061154,8,2012,31,36.1455026455026,"Park Middle",94509
"1914",7,61648,6061154,8,2012,111,48.0109589041096,"Park Middle",94509
"1915",7,61648,6084941,2,2012,31,54,"Mission Elementary",94509
"1916",7,61648,6084941,2,2012,111,57.5,"Mission Elementary",94509
"1917",7,61648,6084941,3,2012,31,51.4502923976608,"Mission Elementary",94509
"1918",7,61648,6084941,3,2012,111,54.7272727272727,"Mission Elementary",94509
"1919",7,61648,6084941,4,2012,31,55.0276243093923,"Mission Elementary",94509
"1920",7,61648,6084941,4,2012,111,79.5,"Mission Elementary",94509
"1921",7,61648,6084941,5,2012,31,43.4155844155844,"Mission Elementary",94509
"1922",7,61648,6084941,5,2012,111,48.3333333333333,"Mission Elementary",94509
"1923",7,61648,6108989,2,2012,31,52,"Muir (John) Elementary",94509
"1924",7,61648,6108989,2,2012,111,72.5,"Muir (John) Elementary",94509
"1925",7,61648,6108989,3,2012,31,40.5,"Muir (John) Elementary",94509
"1926",7,61648,6108989,3,2012,111,59.5,"Muir (John) Elementary",94509
"1927",7,61648,6108989,4,2012,31,68.4747474747475,"Muir (John) Elementary",94509
"1928",7,61648,6108989,4,2012,111,85,"Muir (John) Elementary",94509
"1929",7,61648,6108989,5,2012,31,42.3435582822086,"Muir (John) Elementary",94509
"1930",7,61648,6108989,5,2012,111,74.6666666666667,"Muir (John) Elementary",94509
"1931",7,61648,6113104,6,2012,31,33,"Black Diamond Middle",94531
"1932",7,61648,6113104,6,2012,111,58,"Black Diamond Middle",94531
"1933",7,61648,6113104,7,2012,31,43.6704545454545,"Black Diamond Middle",94531
"1934",7,61648,6113104,7,2012,111,60.9333333333333,"Black Diamond Middle",94531
"1935",7,61648,6113104,8,2012,31,37.8549618320611,"Black Diamond Middle",94531
"1936",7,61648,6113104,8,2012,111,63.5706319702602,"Black Diamond Middle",94531
"1937",7,61648,6115703,2,2012,111,27.5,"Antioch Charter Academy",94509
"1938",7,61648,6115703,3,2012,111,43,"Antioch Charter Academy",94509
"1939",7,61648,6115703,4,2012,111,63,"Antioch Charter Academy",94509
"1940",7,61648,6115703,5,2012,111,68.6666666666667,"Antioch Charter Academy",94509
"1941",7,61648,6115703,6,2012,111,64,"Antioch Charter Academy",94509
"1942",7,61648,6115703,7,2012,111,69,"Antioch Charter Academy",94509
"1943",7,61648,6115703,8,2012,111,87.88,"Antioch Charter Academy",94509
"1944",7,61648,6117501,2,2012,31,43,"Diablo Vista Elementary",94531
"1945",7,61648,6117501,2,2012,111,58,"Diablo Vista Elementary",94531
"1946",7,61648,6117501,3,2012,31,50.6543209876543,"Diablo Vista Elementary",94531
"1947",7,61648,6117501,3,2012,111,72.4173913043478,"Diablo Vista Elementary",94531
"1948",7,61648,6117501,4,2012,31,75.5289256198347,"Diablo Vista Elementary",94531
"1949",7,61648,6117501,4,2012,111,84.3734939759036,"Diablo Vista Elementary",94531
"1950",7,61648,6117501,5,2012,31,51.3333333333333,"Diablo Vista Elementary",94531
"1951",7,61648,6117501,5,2012,111,73.1842105263158,"Diablo Vista Elementary",94531
"1952",7,61655,102376,2,2012,31,37.5,"Pioneer Elementary",94513
"1953",7,61655,102376,2,2012,111,70,"Pioneer Elementary",94513
"1954",7,61655,102376,3,2012,31,38.2413793103448,"Pioneer Elementary",94513
"1955",7,61655,102376,3,2012,111,69.5,"Pioneer Elementary",94513
"1956",7,61655,102376,4,2012,31,54,"Pioneer Elementary",94513
"1957",7,61655,102376,4,2012,111,82,"Pioneer Elementary",94513
"1958",7,61655,102376,5,2012,31,44.2822580645161,"Pioneer Elementary",94513
"1959",7,61655,102376,5,2012,111,72.0532544378698,"Pioneer Elementary",94513
"1960",7,61655,108019,2,2012,31,44.5,"Marsh Creek Elementary",94513
"1961",7,61655,108019,2,2012,111,69.5,"Marsh Creek Elementary",94513
"1962",7,61655,108019,3,2012,31,32.0485436893204,"Marsh Creek Elementary",94513
"1963",7,61655,108019,3,2012,111,66.5,"Marsh Creek Elementary",94513
"1964",7,61655,108019,4,2012,31,57.9838709677419,"Marsh Creek Elementary",94513
"1965",7,61655,108019,4,2012,111,81.5,"Marsh Creek Elementary",94513
"1966",7,61655,108019,5,2012,31,35.1176470588235,"Marsh Creek Elementary",94513
"1967",7,61655,108019,5,2012,111,67.6280487804878,"Marsh Creek Elementary",94513
"1968",7,61655,110528,6,2012,31,61,"Adams (J. Douglas) Middle",94513
"1969",7,61655,110528,6,2012,111,84,"Adams (J. Douglas) Middle",94513
"1970",7,61655,110528,7,2012,31,65.4634146341463,"Adams (J. Douglas) Middle",94513
"1971",7,61655,110528,7,2012,111,78.0701754385965,"Adams (J. Douglas) Middle",94513
"1972",7,61655,110528,8,2012,31,65.7077625570776,"Adams (J. Douglas) Middle",94513
"1973",7,61655,110528,8,2012,111,80.5613346418057,"Adams (J. Douglas) Middle",94513
"1974",7,61655,6003644,2,2012,31,46.5,"Brentwood Elementary",94513
"1975",7,61655,6003644,2,2012,111,78,"Brentwood Elementary",94513
"1976",7,61655,6003644,3,2012,31,48.7142857142857,"Brentwood Elementary",94513
"1977",7,61655,6003644,3,2012,111,68.0310559006211,"Brentwood Elementary",94513
"1978",7,61655,6003644,4,2012,31,54.4285714285714,"Brentwood Elementary",94513
"1979",7,61655,6003644,4,2012,111,82.5109489051095,"Brentwood Elementary",94513
"1980",7,61655,6003644,5,2012,31,29.6753246753247,"Brentwood Elementary",94513
"1981",7,61655,6003644,5,2012,111,60.3564356435644,"Brentwood Elementary",94513
"1982",7,61655,6003651,6,2012,31,57.5073170731707,"Edna Hill Middle",94513
"1983",7,61655,6003651,6,2012,111,74.4864130434783,"Edna Hill Middle",94513
"1984",7,61655,6003651,7,2012,31,57,"Edna Hill Middle",94513
"1985",7,61655,6003651,7,2012,111,75.2664359861592,"Edna Hill Middle",94513
"1986",7,61655,6003651,8,2012,31,60.3757700205339,"Edna Hill Middle",94513
"1987",7,61655,6003651,8,2012,111,77.3494152046784,"Edna Hill Middle",94513
"1988",7,61655,6070981,2,2012,31,46.9923664122137,"Garin Elementary",94513
"1989",7,61655,6070981,2,2012,111,74.5,"Garin Elementary",94513
"1990",7,61655,6070981,3,2012,31,50,"Garin Elementary",94513
"1991",7,61655,6070981,3,2012,111,80.589928057554,"Garin Elementary",94513
"1992",7,61655,6070981,4,2012,31,57.1020408163265,"Garin Elementary",94513
"1993",7,61655,6070981,4,2012,111,90,"Garin Elementary",94513
"1994",7,61655,6070981,5,2012,31,42.9771428571429,"Garin Elementary",94513
"1995",7,61655,6070981,5,2012,111,68,"Garin Elementary",94513
"1996",7,61655,6109730,2,2012,31,61,"Ron Nunn Elementary",94513
"1997",7,61655,6109730,2,2012,111,81.5,"Ron Nunn Elementary",94513
"1998",7,61655,6109730,3,2012,31,60.1379310344828,"Ron Nunn Elementary",94513
"1999",7,61655,6109730,3,2012,111,72.1851851851852,"Ron Nunn Elementary",94513
"2000",7,61655,6109730,4,2012,31,61.4090909090909,"Ron Nunn Elementary",94513
"2001",7,61655,6109730,4,2012,111,79,"Ron Nunn Elementary",94513
"2002",7,61655,6109730,5,2012,31,49.2857142857143,"Ron Nunn Elementary",94513
"2003",7,61655,6109730,5,2012,111,77.283422459893,"Ron Nunn Elementary",94513
"2004",7,61655,6112718,6,2012,31,54,"William B. Bristow Middle",94513
"2005",7,61655,6112718,6,2012,111,74.4909819639279,"William B. Bristow Middle",94513
"2006",7,61655,6112718,7,2012,31,54.2366863905325,"William B. Bristow Middle",94513
"2007",7,61655,6112718,7,2012,111,78.3850364963504,"William B. Bristow Middle",94513
"2008",7,61655,6112718,8,2012,31,44.5973597359736,"William B. Bristow Middle",94513
"2009",7,61655,6112718,8,2012,111,71.0038240917782,"William B. Bristow Middle",94513
"2010",7,61655,6117410,2,2012,111,86.5,"Loma Vista Elementary",94513
"2011",7,61655,6117410,3,2012,31,47.5,"Loma Vista Elementary",94513
"2012",7,61655,6117410,3,2012,111,59.5,"Loma Vista Elementary",94513
"2013",7,61655,6117410,4,2012,31,53.5,"Loma Vista Elementary",94513
"2014",7,61655,6117410,4,2012,111,83.5,"Loma Vista Elementary",94513
"2015",7,61655,6117410,5,2012,31,51.6379310344828,"Loma Vista Elementary",94513
"2016",7,61655,6117410,5,2012,111,74.996644295302,"Loma Vista Elementary",94513
"2017",7,61655,6119754,2,2012,31,53.5,"R. Paul Krey Elementary",94513
"2018",7,61655,6119754,2,2012,111,73.5,"R. Paul Krey Elementary",94513
"2019",7,61655,6119754,3,2012,31,68.5,"R. Paul Krey Elementary",94513
"2020",7,61655,6119754,3,2012,111,78,"R. Paul Krey Elementary",94513
"2021",7,61655,6119754,4,2012,31,54,"R. Paul Krey Elementary",94513
"2022",7,61655,6119754,4,2012,111,83.5,"R. Paul Krey Elementary",94513
"2023",7,61655,6119754,5,2012,31,51.5,"R. Paul Krey Elementary",94513
"2024",7,61655,6119754,5,2012,111,84.3300970873786,"R. Paul Krey Elementary",94513
"2025",7,61663,6003669,6,2012,31,38.5,"Excelsior Middle",94514
"2026",7,61663,6003669,6,2012,111,52.5,"Excelsior Middle",94514
"2027",7,61663,6003669,7,2012,31,39.6147540983607,"Excelsior Middle",94514
"2028",7,61663,6003669,7,2012,111,67.5330882352941,"Excelsior Middle",94514
"2029",7,61663,6003669,8,2012,31,50.2857142857143,"Excelsior Middle",94514
"2030",7,61663,6003669,8,2012,111,55.3876811594203,"Excelsior Middle",94514
"2031",7,61663,6101943,2,2012,31,48,"Discovery Bay Elementary",94505
"2032",7,61663,6101943,2,2012,111,82,"Discovery Bay Elementary",94505
"2033",7,61663,6101943,3,2012,31,62,"Discovery Bay Elementary",94505
"2034",7,61663,6101943,3,2012,111,87,"Discovery Bay Elementary",94505
"2035",7,61663,6101943,4,2012,31,62,"Discovery Bay Elementary",94505
"2036",7,61663,6101943,4,2012,111,91,"Discovery Bay Elementary",94505
"2037",7,61663,6101943,5,2012,31,79,"Discovery Bay Elementary",94505
"2038",7,61663,6101943,5,2012,111,94.3333333333333,"Discovery Bay Elementary",94505
"2039",7,61697,737023,9,2012,31,33.4848484848485,"John Swett High",94525
"2040",7,61697,737023,9,2012,111,56.3796296296296,"John Swett High",94525
"2041",7,61697,737023,10,2012,31,46.0514705882353,"John Swett High",94525
"2042",7,61697,737023,10,2012,111,56.8125,"John Swett High",94525
"2043",7,61697,737023,11,2012,31,28.0555555555556,"John Swett High",94525
"2044",7,61697,737023,11,2012,111,42.2769230769231,"John Swett High",94525
"2045",7,61697,6003685,6,2012,31,40.4630872483221,"Carquinez Middle",94525
"2046",7,61697,6003685,6,2012,111,56.8615384615385,"Carquinez Middle",94525
"2047",7,61697,6003685,7,2012,31,51.5,"Carquinez Middle",94525
"2048",7,61697,6003685,7,2012,111,64.1188118811881,"Carquinez Middle",94525
"2049",7,61697,6003685,8,2012,31,51.4748201438849,"Carquinez Middle",94525
"2050",7,61697,6003685,8,2012,111,59.5860215053763,"Carquinez Middle",94525
"2051",7,61697,6003701,2,2012,31,38.9147286821705,"Rodeo Hills Elementary",94572
"2052",7,61697,6003701,2,2012,111,73,"Rodeo Hills Elementary",94572
"2053",7,61697,6003701,3,2012,31,25.5,"Rodeo Hills Elementary",94572
"2054",7,61697,6003701,3,2012,111,49.2857142857143,"Rodeo Hills Elementary",94572
"2055",7,61697,6003701,4,2012,31,46.0629370629371,"Rodeo Hills Elementary",94572
"2056",7,61697,6003701,4,2012,111,79.5568181818182,"Rodeo Hills Elementary",94572
"2057",7,61697,6003701,5,2012,31,41.9852941176471,"Rodeo Hills Elementary",94572
"2058",7,61697,6003701,5,2012,111,71.7064220183486,"Rodeo Hills Elementary",94572
"2059",7,61705,6003719,2,2012,31,21.5,"Knightsen Elementary",94548
"2060",7,61705,6003719,2,2012,111,79,"Knightsen Elementary",94548
"2061",7,61705,6003719,3,2012,31,42,"Knightsen Elementary",94548
"2062",7,61705,6003719,3,2012,111,65.5,"Knightsen Elementary",94548
"2063",7,61705,6003719,4,2012,31,63.5,"Knightsen Elementary",94548
"2064",7,61705,6003719,4,2012,111,81.6086956521739,"Knightsen Elementary",94548
"2065",7,61705,6003719,5,2012,31,68.5857142857143,"Knightsen Elementary",94548
"2066",7,61705,6003719,5,2012,111,79,"Knightsen Elementary",94548
"2067",7,61705,6003719,6,2012,31,43.76,"Knightsen Elementary",94548
"2068",7,61705,6003719,6,2012,111,76,"Knightsen Elementary",94548
"2069",7,61705,6003719,7,2012,31,50,"Knightsen Elementary",94548
"2070",7,61705,6003719,7,2012,111,76,"Knightsen Elementary",94548
"2071",7,61705,6003719,8,2012,31,34.6206896551724,"Knightsen Elementary",94548
"2072",7,61705,6003719,8,2012,111,77.5,"Knightsen Elementary",94548
"2073",7,61713,6003727,2,2012,111,77.5,"Burton Valley Elementary",94549
"2074",7,61713,6003727,3,2012,111,81.9051724137931,"Burton Valley Elementary",94549
"2075",7,61713,6003727,4,2012,111,89.9957081545064,"Burton Valley Elementary",94549
"2076",7,61713,6003727,5,2012,111,92.3295454545455,"Burton Valley Elementary",94549
"2077",7,61713,6003743,2,2012,111,93,"Happy Valley Elementary",94549
"2078",7,61713,6003743,3,2012,111,93,"Happy Valley Elementary",94549
"2079",7,61713,6003743,4,2012,111,96.5,"Happy Valley Elementary",94549
"2080",7,61713,6003743,5,2012,111,97.3333333333333,"Happy Valley Elementary",94549
"2081",7,61713,6003750,2,2012,111,89.5,"Lafayette Elementary",94549
"2082",7,61713,6003750,3,2012,111,88.5606936416185,"Lafayette Elementary",94549
"2083",7,61713,6003750,4,2012,111,94.4675324675325,"Lafayette Elementary",94549
"2084",7,61713,6003750,5,2012,111,90.6666666666667,"Lafayette Elementary",94549
"2085",7,61713,6003792,2,2012,111,85.5,"Springhill Elementary",94549
"2086",7,61713,6003792,3,2012,111,80.9346405228758,"Springhill Elementary",94549
"2087",7,61713,6003792,4,2012,111,97.5,"Springhill Elementary",94549
"2088",7,61713,6003792,5,2012,111,89.3571428571429,"Springhill Elementary",94549
"2089",7,61721,107797,9,2012,31,55.2361623616236,"Heritage High",94513
"2090",7,61721,107797,9,2012,111,64.8128342245989,"Heritage High",94513
"2091",7,61721,107797,10,2012,31,48.6328671328671,"Heritage High",94513
"2092",7,61721,107797,10,2012,111,62.8837312113174,"Heritage High",94513
"2093",7,61721,107797,11,2012,31,52.2743362831858,"Heritage High",94513
"2094",7,61721,107797,11,2012,111,55.590006844627,"Heritage High",94513
"2095",7,61721,730457,9,2012,31,37.3031496062992,"Freedom High",94561
"2096",7,61721,730457,9,2012,111,56.5574272588055,"Freedom High",94561
"2097",7,61721,730457,10,2012,31,42.4859154929577,"Freedom High",94561
"2098",7,61721,730457,10,2012,111,52.157919182536,"Freedom High",94561
"2099",7,61721,730457,11,2012,31,33.6419098143236,"Freedom High",94561
"2100",7,61721,730457,11,2012,111,48.3153791637137,"Freedom High",94561
"2101",7,61721,730572,9,2012,31,16.5,"Independence High",94513
"2102",7,61721,730572,9,2012,111,37.551724137931,"Independence High",94513
"2103",7,61721,730572,10,2012,31,30.8352941176471,"Independence High",94513
"2104",7,61721,730572,10,2012,111,24.3594470046083,"Independence High",94513
"2105",7,61721,730572,11,2012,31,19,"Independence High",94513
"2106",7,61721,730572,11,2012,111,27.3055555555556,"Independence High",94513
"2107",7,61721,733980,9,2012,31,45.5305263157895,"Liberty High",94513
"2108",7,61721,733980,9,2012,111,60.7328699106256,"Liberty High",94513
"2109",7,61721,733980,10,2012,31,34.5879120879121,"Liberty High",94513
"2110",7,61721,733980,10,2012,111,50.403785488959,"Liberty High",94513
"2111",7,61721,733980,11,2012,31,30.1460674157303,"Liberty High",94513
"2112",7,61721,733980,11,2012,111,39.9062754686227,"Liberty High",94513
"2113",7,61721,733998,10,2012,31,2.425,"La Paloma High (Continuation)",94513
"2114",7,61721,733998,10,2012,111,9.09090909090909,"La Paloma High (Continuation)",94513
"2115",7,61721,733998,11,2012,31,5.5,"La Paloma High (Continuation)",94513
"2116",7,61721,733998,11,2012,111,15.9791666666667,"La Paloma High (Continuation)",94513
"2117",7,61739,730440,10,2012,31,28.5,"Vicente Martinez High",94553
"2118",7,61739,730440,10,2012,111,6.8,"Vicente Martinez High",94553
"2119",7,61739,730440,11,2012,31,2.89855072463768,"Vicente Martinez High",94553
"2120",7,61739,730440,11,2012,111,8.96551724137931,"Vicente Martinez High",94553
"2121",7,61739,730473,10,2012,111,10,"Briones (Alternative)",94553
"2122",7,61739,730473,11,2012,111,36.5,"Briones (Alternative)",94553
"2123",7,61739,730549,9,2012,31,57.0925925925926,"Alhambra Senior High",94553
"2124",7,61739,730549,9,2012,111,77.6223021582734,"Alhambra Senior High",94553
"2125",7,61739,730549,10,2012,31,30.1748878923767,"Alhambra Senior High",94553
"2126",7,61739,730549,10,2012,111,69.4520295202952,"Alhambra Senior High",94553
"2127",7,61739,730549,11,2012,31,44.1360544217687,"Alhambra Senior High",94553
"2128",7,61739,730549,11,2012,111,60.6807297605473,"Alhambra Senior High",94553
"2129",7,61739,6003834,2,2012,111,78.5,"John Swett Elementary",94553
"2130",7,61739,6003834,3,2012,31,58.5,"John Swett Elementary",94553
"2131",7,61739,6003834,3,2012,111,88.5,"John Swett Elementary",94553
"2132",7,61739,6003834,4,2012,111,85.9823008849557,"John Swett Elementary",94553
"2133",7,61739,6003834,5,2012,111,86,"John Swett Elementary",94553
"2134",7,61739,6003842,2,2012,31,48.5,"Las Juntas Elementary",94553
"2135",7,61739,6003842,2,2012,111,61.5,"Las Juntas Elementary",94553
"2136",7,61739,6003842,3,2012,31,59,"Las Juntas Elementary",94553
"2137",7,61739,6003842,3,2012,111,69.1454545454545,"Las Juntas Elementary",94553
"2138",7,61739,6003842,4,2012,31,78.5,"Las Juntas Elementary",94553
"2139",7,61739,6003842,4,2012,111,85.5,"Las Juntas Elementary",94553
"2140",7,61739,6003842,5,2012,31,47.9886363636364,"Las Juntas Elementary",94553
"2141",7,61739,6003842,5,2012,111,60,"Las Juntas Elementary",94553
"2142",7,61739,6003875,2,2012,31,86.5,"Morello Park Elementary",94553
"2143",7,61739,6003875,2,2012,111,80.5,"Morello Park Elementary",94553
"2144",7,61739,6003875,3,2012,31,89.1481481481482,"Morello Park Elementary",94553
"2145",7,61739,6003875,3,2012,111,96.0201342281879,"Morello Park Elementary",94553
"2146",7,61739,6003875,4,2012,111,93.9302325581395,"Morello Park Elementary",94553
"2147",7,61739,6003875,5,2012,31,64.0212765957447,"Morello Park Elementary",94553
"2148",7,61739,6003875,5,2012,111,81.3639846743295,"Morello Park Elementary",94553
"2149",7,61739,6057186,6,2012,31,43.5,"Martinez Junior High",94553
"2150",7,61739,6057186,6,2012,111,73.986301369863,"Martinez Junior High",94553
"2151",7,61739,6057186,7,2012,31,50.5276073619632,"Martinez Junior High",94553
"2152",7,61739,6057186,7,2012,111,82.7035040431267,"Martinez Junior High",94553
"2153",7,61739,6057186,8,2012,31,55.4915254237288,"Martinez Junior High",94553
"2154",7,61739,6057186,8,2012,111,76.5485074626866,"Martinez Junior High",94553
"2155",7,61747,6003909,2,2012,111,93,"Camino Pablo Elementary",94556
"2156",7,61747,6003909,3,2012,111,92.5,"Camino Pablo Elementary",94556
"2157",7,61747,6003909,4,2012,111,94.4460431654676,"Camino Pablo Elementary",94556
"2158",7,61747,6003909,5,2012,111,94.3362068965517,"Camino Pablo Elementary",94556
"2159",7,61747,6003925,6,2012,111,94.5,"Joaquin Moraga Intermediate",94556
"2160",7,61747,6003925,7,2012,111,92.6625310173697,"Joaquin Moraga Intermediate",94556
"2161",7,61747,6003925,8,2012,111,86.8095238095238,"Joaquin Moraga Intermediate",94556
"2162",7,61747,6003933,2,2012,111,91,"Los Perales Elementary",94556
"2163",7,61747,6003933,3,2012,111,91.4965986394558,"Los Perales Elementary",94556
"2164",7,61747,6003933,4,2012,111,94,"Los Perales Elementary",94556
"2165",7,61747,6003933,5,2012,111,96,"Los Perales Elementary",94556
"2166",7,61754,106088,2,2012,31,46.5,"Delta View Elementary",94565
"2167",7,61754,106088,2,2012,111,81.5,"Delta View Elementary",94565
"2168",7,61754,106088,3,2012,31,50,"Delta View Elementary",94565
"2169",7,61754,106088,3,2012,111,72.1685393258427,"Delta View Elementary",94565
"2170",7,61754,106088,4,2012,31,64.5099337748344,"Delta View Elementary",94565
"2171",7,61754,106088,4,2012,111,86.0275229357798,"Delta View Elementary",94565
"2172",7,61754,106088,5,2012,31,67.875,"Delta View Elementary",94565
"2173",7,61754,106088,5,2012,111,89.6666666666667,"Delta View Elementary",94565
"2174",7,61754,730044,9,2012,31,27.7627118644068,"Northgate High",94598
"2175",7,61754,730044,9,2012,111,76.7000973709834,"Northgate High",94598
"2176",7,61754,730044,10,2012,31,44.3116883116883,"Northgate High",94598
"2177",7,61754,730044,10,2012,111,67.9446808510638,"Northgate High",94598
"2178",7,61754,730044,11,2012,31,45.258064516129,"Northgate High",94598
"2179",7,61754,730044,11,2012,111,66.3453744493392,"Northgate High",94598
"2180",7,61754,730358,11,2012,31,9,"Prospect High (Continuation)",94523
"2181",7,61754,730358,11,2012,111,27.5,"Prospect High (Continuation)",94523
"2182",7,61754,731646,9,2012,31,50.1258741258741,"College Park High",94523
"2183",7,61754,731646,9,2012,111,66.4204980842912,"College Park High",94523
"2184",7,61754,731646,10,2012,31,28.7553444180523,"College Park High",94523
"2185",7,61754,731646,10,2012,111,56.4417744916821,"College Park High",94523
"2186",7,61754,731646,11,2012,31,46.0172413793103,"College Park High",94523
"2187",7,61754,731646,11,2012,111,59.5152190051967,"College Park High",94523
"2188",7,61754,731836,9,2012,31,29.2598752598753,"Concord High",94521
"2189",7,61754,731836,9,2012,111,55.1718494271686,"Concord High",94521
"2190",7,61754,731836,10,2012,31,25.5977496483826,"Concord High",94521
"2191",7,61754,731836,10,2012,111,47.5486631016043,"Concord High",94521
"2192",7,61754,731836,11,2012,31,29.8132678132678,"Concord High",94521
"2193",7,61754,731836,11,2012,111,53.3661784287616,"Concord High",94521
"2194",7,61754,734566,9,2012,31,23.9541160593792,"Mt. Diablo High",94520
"2195",7,61754,734566,9,2012,111,45.3559322033898,"Mt. Diablo High",94520
"2196",7,61754,734566,10,2012,31,17.7688311688312,"Mt. Diablo High",94520
"2197",7,61754,734566,10,2012,111,36.6890243902439,"Mt. Diablo High",94520
"2198",7,61754,734566,11,2012,31,26.4943538268507,"Mt. Diablo High",94520
"2199",7,61754,734566,11,2012,111,44.010067114094,"Mt. Diablo High",94520
"2200",7,61754,737809,9,2012,31,22.4003021148036,"Ygnacio Valley High",94518
"2201",7,61754,737809,9,2012,111,45.1759259259259,"Ygnacio Valley High",94518
"2202",7,61754,737809,10,2012,31,18.402752293578,"Ygnacio Valley High",94518
"2203",7,61754,737809,10,2012,111,46.8359133126935,"Ygnacio Valley High",94518
"2204",7,61754,737809,11,2012,31,16.8604294478528,"Ygnacio Valley High",94518
"2205",7,61754,737809,11,2012,111,45.5816618911175,"Ygnacio Valley High",94518
"2206",7,61754,6003958,2,2012,31,37,"Ayers Elementary",94521
"2207",7,61754,6003958,2,2012,111,78,"Ayers Elementary",94521
"2208",7,61754,6003958,3,2012,31,48.8181818181818,"Ayers Elementary",94521
"2209",7,61754,6003958,3,2012,111,74.5,"Ayers Elementary",94521
"2210",7,61754,6003958,4,2012,31,78.3783783783784,"Ayers Elementary",94521
"2211",7,61754,6003958,4,2012,111,78,"Ayers Elementary",94521
"2212",7,61754,6003958,5,2012,31,67.8928571428571,"Ayers Elementary",94521
"2213",7,61754,6003958,5,2012,111,77.3333333333333,"Ayers Elementary",94521
"2214",7,61754,6003966,2,2012,31,50,"Bancroft Elementary",94598
"2215",7,61754,6003966,2,2012,111,86.5,"Bancroft Elementary",94598
"2216",7,61754,6003966,3,2012,31,50,"Bancroft Elementary",94598
"2217",7,61754,6003966,3,2012,111,82.5,"Bancroft Elementary",94598
"2218",7,61754,6003966,4,2012,111,96.5,"Bancroft Elementary",94598
"2219",7,61754,6003966,5,2012,111,74.3246073298429,"Bancroft Elementary",94598
"2220",7,61754,6003974,2,2012,31,36.5,"Bel Air Elementary",94565
"2221",7,61754,6003974,3,2012,31,51.5,"Bel Air Elementary",94565
"2222",7,61754,6003974,4,2012,31,35.4414414414414,"Bel Air Elementary",94565
"2223",7,61754,6003974,5,2012,31,33.8058823529412,"Bel Air Elementary",94565
"2224",7,61754,6003982,2,2012,31,51,"Cambridge Elementary",94520
"2225",7,61754,6003982,3,2012,31,46.2058823529412,"Cambridge Elementary",94520
"2226",7,61754,6003982,4,2012,31,44,"Cambridge Elementary",94520
"2227",7,61754,6003982,5,2012,31,58.3813229571984,"Cambridge Elementary",94520
"2228",7,61754,6004030,6,2012,31,33.4776119402985,"El Dorado Middle",94521
"2229",7,61754,6004030,6,2012,111,61.5,"El Dorado Middle",94521
"2230",7,61754,6004030,7,2012,31,29.8957816377171,"El Dorado Middle",94521
"2231",7,61754,6004030,7,2012,111,46.6141078838174,"El Dorado Middle",94521
"2232",7,61754,6004030,8,2012,31,35.0939357907253,"El Dorado Middle",94521
"2233",7,61754,6004030,8,2012,111,52.8133874239351,"El Dorado Middle",94521
"2234",7,61754,6004048,2,2012,31,53.979381443299,"El Monte Elementary",94518
"2235",7,61754,6004048,2,2012,111,72,"El Monte Elementary",94518
"2236",7,61754,6004048,3,2012,31,47.5,"El Monte Elementary",94518
"2237",7,61754,6004048,3,2012,111,87.5,"El Monte Elementary",94518
"2238",7,61754,6004048,4,2012,31,66.5,"El Monte Elementary",94518
"2239",7,61754,6004048,4,2012,111,74.1176470588235,"El Monte Elementary",94518
"2240",7,61754,6004048,5,2012,31,55.4459459459459,"El Monte Elementary",94518
"2241",7,61754,6004048,5,2012,111,77.1363636363636,"El Monte Elementary",94518
"2242",7,61754,6004055,2,2012,31,35.5,"Fair Oaks Elementary",94523
"2243",7,61754,6004055,3,2012,31,44.3663366336634,"Fair Oaks Elementary",94523
"2244",7,61754,6004055,4,2012,31,71,"Fair Oaks Elementary",94523
"2245",7,61754,6004055,4,2012,111,87.5,"Fair Oaks Elementary",94523
"2246",7,61754,6004063,6,2012,31,77.5,"Foothill Middle",94598
"2247",7,61754,6004063,6,2012,111,81.9951534733441,"Foothill Middle",94598
"2248",7,61754,6004063,7,2012,31,51.0204081632653,"Foothill Middle",94598
"2249",7,61754,6004063,7,2012,111,81,"Foothill Middle",94598
"2250",7,61754,6004063,8,2012,31,39.7524752475247,"Foothill Middle",94598
"2251",7,61754,6004063,8,2012,111,74.7651821862348,"Foothill Middle",94598
"2252",7,61754,6004097,2,2012,31,48,"Hidden Valley Elementary",94553
"2253",7,61754,6004097,2,2012,111,77.5,"Hidden Valley Elementary",94553
"2254",7,61754,6004097,3,2012,31,70,"Hidden Valley Elementary",94553
"2255",7,61754,6004097,3,2012,111,79,"Hidden Valley Elementary",94553
"2256",7,61754,6004097,4,2012,31,69.4615384615385,"Hidden Valley Elementary",94553
"2257",7,61754,6004097,4,2012,111,87.025,"Hidden Valley Elementary",94553
"2258",7,61754,6004097,5,2012,31,55.7469879518072,"Hidden Valley Elementary",94553
"2259",7,61754,6004097,5,2012,111,82.3333333333333,"Hidden Valley Elementary",94553
"2260",7,61754,6004105,2,2012,31,78,"Highlands Elementary",94521
"2261",7,61754,6004105,2,2012,111,81.5,"Highlands Elementary",94521
"2262",7,61754,6004105,3,2012,31,59.5925925925926,"Highlands Elementary",94521
"2263",7,61754,6004105,3,2012,111,79.1267605633803,"Highlands Elementary",94521
"2264",7,61754,6004105,4,2012,31,58,"Highlands Elementary",94521
"2265",7,61754,6004105,4,2012,111,84.0173410404624,"Highlands Elementary",94521
"2266",7,61754,6004105,5,2012,31,64.3894736842105,"Highlands Elementary",94521
"2267",7,61754,6004105,5,2012,111,88.6037735849057,"Highlands Elementary",94521
"2268",7,61754,6004154,2,2012,31,36.5,"Meadow Homes Elementary",94520
"2269",7,61754,6004154,3,2012,31,39,"Meadow Homes Elementary",94520
"2270",7,61754,6004154,4,2012,31,56.5,"Meadow Homes Elementary",94520
"2271",7,61754,6004154,5,2012,31,36.4183168316832,"Meadow Homes Elementary",94520
"2272",7,61754,6004162,2,2012,31,70,"Monte Gardens Elementary",94519
"2273",7,61754,6004162,2,2012,111,88.5,"Monte Gardens Elementary",94519
"2274",7,61754,6004162,3,2012,31,75.7297297297297,"Monte Gardens Elementary",94519
"2275",7,61754,6004162,3,2012,111,90,"Monte Gardens Elementary",94519
"2276",7,61754,6004162,4,2012,31,82,"Monte Gardens Elementary",94519
"2277",7,61754,6004162,4,2012,111,91.5,"Monte Gardens Elementary",94519
"2278",7,61754,6004162,5,2012,31,66.6666666666667,"Monte Gardens Elementary",94519
"2279",7,61754,6004162,5,2012,111,90,"Monte Gardens Elementary",94519
"2280",7,61754,6004170,2,2012,31,52,"Mountain View Elementary",94521
"2281",7,61754,6004170,2,2012,111,72,"Mountain View Elementary",94521
"2282",7,61754,6004170,3,2012,31,43.0476190476191,"Mountain View Elementary",94521
"2283",7,61754,6004170,3,2012,111,58.8133333333333,"Mountain View Elementary",94521
"2284",7,61754,6004170,5,2012,31,33.4642857142857,"Mountain View Elementary",94521
"2285",7,61754,6004170,5,2012,111,72.8705882352941,"Mountain View Elementary",94521
"2286",7,61754,6004188,2,2012,111,84.5,"Mt. Diablo Elementary",94517
"2287",7,61754,6004188,3,2012,111,84.4822134387352,"Mt. Diablo Elementary",94517
"2288",7,61754,6004188,4,2012,111,94,"Mt. Diablo Elementary",94517
"2289",7,61754,6004188,5,2012,31,87.3333333333333,"Mt. Diablo Elementary",94517
"2290",7,61754,6004188,5,2012,111,86.6634615384615,"Mt. Diablo Elementary",94517
"2291",7,61754,6004196,6,2012,31,21.4423529411765,"Oak Grove Middle",94518
"2292",7,61754,6004196,6,2012,111,16.5,"Oak Grove Middle",94518
"2293",7,61754,6004196,7,2012,31,18.4730077120823,"Oak Grove Middle",94518
"2294",7,61754,6004196,7,2012,111,44.3255813953488,"Oak Grove Middle",94518
"2295",7,61754,6004196,8,2012,31,20.2555910543131,"Oak Grove Middle",94518
"2296",7,61754,6004196,8,2012,111,21.5151515151515,"Oak Grove Middle",94518
"2297",7,61754,6004220,6,2012,31,38.007874015748,"Pine Hollow Middle",94521
"2298",7,61754,6004220,6,2012,111,67.5153583617747,"Pine Hollow Middle",94521
"2299",7,61754,6004220,7,2012,31,42.2335329341317,"Pine Hollow Middle",94521
"2300",7,61754,6004220,7,2012,111,64.0501672240803,"Pine Hollow Middle",94521
"2301",7,61754,6004220,8,2012,31,47.1264367816092,"Pine Hollow Middle",94521
"2302",7,61754,6004220,8,2012,111,48.8112244897959,"Pine Hollow Middle",94521
"2303",7,61754,6004246,2,2012,31,42,"Pleasant Hill Elementary",94523
"2304",7,61754,6004246,2,2012,111,74.5,"Pleasant Hill Elementary",94523
"2305",7,61754,6004246,3,2012,31,70,"Pleasant Hill Elementary",94523
"2306",7,61754,6004246,3,2012,111,89.0331491712707,"Pleasant Hill Elementary",94523
"2307",7,61754,6004246,4,2012,31,52,"Pleasant Hill Elementary",94523
"2308",7,61754,6004246,4,2012,111,94.4961240310078,"Pleasant Hill Elementary",94523
"2309",7,61754,6004246,5,2012,31,47.7313432835821,"Pleasant Hill Elementary",94523
"2310",7,61754,6004246,5,2012,111,80.9617486338798,"Pleasant Hill Elementary",94523
"2311",7,61754,6004253,2,2012,111,94,"Sequoia Elementary",94523
"2312",7,61754,6004253,3,2012,31,59.5,"Sequoia Elementary",94523
"2313",7,61754,6004253,3,2012,111,84.5,"Sequoia Elementary",94523
"2314",7,61754,6004253,4,2012,31,93,"Sequoia Elementary",94523
"2315",7,61754,6004253,4,2012,111,93.4971428571429,"Sequoia Elementary",94523
"2316",7,61754,6004253,5,2012,111,89.3333333333333,"Sequoia Elementary",94523
"2317",7,61754,6004261,6,2012,31,32.5,"Riverview Middle",94565
"2318",7,61754,6004261,6,2012,111,44,"Riverview Middle",94565
"2319",7,61754,6004261,7,2012,31,26.0635838150289,"Riverview Middle",94565
"2320",7,61754,6004261,7,2012,111,20.9090909090909,"Riverview Middle",94565
"2321",7,61754,6004261,8,2012,31,29.3765501691094,"Riverview Middle",94565
"2322",7,61754,6004261,8,2012,111,49.3870967741936,"Riverview Middle",94565
"2323",7,61754,6004295,2,2012,31,41,"Shore Acres Elementary",94565
"2324",7,61754,6004295,3,2012,31,32,"Shore Acres Elementary",94565
"2325",7,61754,6004295,4,2012,31,65.5,"Shore Acres Elementary",94565
"2326",7,61754,6004295,5,2012,31,42.2051282051282,"Shore Acres Elementary",94565
"2327",7,61754,6004303,2,2012,31,40,"Silverwood Elementary",94521
"2328",7,61754,6004303,2,2012,111,76.5,"Silverwood Elementary",94521
"2329",7,61754,6004303,3,2012,31,53.5,"Silverwood Elementary",94521
"2330",7,61754,6004303,3,2012,111,74,"Silverwood Elementary",94521
"2331",7,61754,6004303,4,2012,31,63.5,"Silverwood Elementary",94521
"2332",7,61754,6004303,4,2012,111,82.5147058823529,"Silverwood Elementary",94521
"2333",7,61754,6004303,5,2012,31,62.9041095890411,"Silverwood Elementary",94521
"2334",7,61754,6004303,5,2012,111,75.9718309859155,"Silverwood Elementary",94521
"2335",7,61754,6004311,2,2012,111,92.5,"Strandwood Elementary",94523
"2336",7,61754,6004311,3,2012,31,66.5,"Strandwood Elementary",94523
"2337",7,61754,6004311,3,2012,111,91.4644808743169,"Strandwood Elementary",94523
"2338",7,61754,6004311,4,2012,31,53,"Strandwood Elementary",94523
"2339",7,61754,6004311,4,2012,111,88.953125,"Strandwood Elementary",94523
"2340",7,61754,6004311,5,2012,111,84,"Strandwood Elementary",94523
"2341",7,61754,6004329,2,2012,31,33,"Sun Terrace Elementary",94520
"2342",7,61754,6004329,2,2012,111,47.5,"Sun Terrace Elementary",94520
"2343",7,61754,6004329,3,2012,31,37.6422764227642,"Sun Terrace Elementary",94520
"2344",7,61754,6004329,4,2012,31,38.9803921568627,"Sun Terrace Elementary",94520
"2345",7,61754,6004329,4,2012,111,39.8,"Sun Terrace Elementary",94520
"2346",7,61754,6004329,5,2012,31,48.696261682243,"Sun Terrace Elementary",94520
"2347",7,61754,6004329,5,2012,111,75.6666666666667,"Sun Terrace Elementary",94520
"2348",7,61754,6004337,2,2012,31,52,"Valhalla Elementary",94523
"2349",7,61754,6004337,2,2012,111,81.5,"Valhalla Elementary",94523
"2350",7,61754,6004337,3,2012,111,75.414201183432,"Valhalla Elementary",94523
"2351",7,61754,6004337,4,2012,31,84.1290322580645,"Valhalla Elementary",94523
"2352",7,61754,6004337,4,2012,111,88,"Valhalla Elementary",94523
"2353",7,61754,6004337,5,2012,31,47.3333333333333,"Valhalla Elementary",94523
"2354",7,61754,6004337,5,2012,111,89.3317757009346,"Valhalla Elementary",94523
"2355",7,61754,6004345,2,2012,111,86.5,"Valle Verde Elementary",94598
"2356",7,61754,6004345,3,2012,111,93,"Valle Verde Elementary",94598
"2357",7,61754,6004345,4,2012,111,95,"Valle Verde Elementary",94598
"2358",7,61754,6004345,5,2012,111,87.6666666666667,"Valle Verde Elementary",94598
"2359",7,61754,6004352,6,2012,31,38.0564971751412,"Valley View Middle",94523
"2360",7,61754,6004352,6,2012,111,64.404958677686,"Valley View Middle",94523
"2361",7,61754,6004352,7,2012,31,48.5275590551181,"Valley View Middle",94523
"2362",7,61754,6004352,7,2012,111,72.6967418546366,"Valley View Middle",94523
"2363",7,61754,6004352,8,2012,31,39.2929577464789,"Valley View Middle",94523
"2364",7,61754,6004352,8,2012,111,61.7245409015025,"Valley View Middle",94523
"2365",7,61754,6004360,2,2012,111,86,"Walnut Acres Elementary",94598
"2366",7,61754,6004360,3,2012,111,83.5,"Walnut Acres Elementary",94598
"2367",7,61754,6004360,4,2012,111,96.0229885057471,"Walnut Acres Elementary",94598
"2368",7,61754,6004360,5,2012,31,52.6666666666667,"Walnut Acres Elementary",94598
"2369",7,61754,6004360,5,2012,111,89.9944134078212,"Walnut Acres Elementary",94598
"2370",7,61754,6004378,2,2012,31,15.5,"Westwood Elementary",94521
"2371",7,61754,6004378,2,2012,111,30,"Westwood Elementary",94521
"2372",7,61754,6004378,3,2012,31,39.2881355932203,"Westwood Elementary",94521
"2373",7,61754,6004378,3,2012,111,46,"Westwood Elementary",94521
"2374",7,61754,6004378,4,2012,31,76.9016393442623,"Westwood Elementary",94521
"2375",7,61754,6004378,4,2012,111,87,"Westwood Elementary",94521
"2376",7,61754,6004378,5,2012,31,52.3333333333333,"Westwood Elementary",94521
"2377",7,61754,6004378,5,2012,111,80.6511627906977,"Westwood Elementary",94521
"2378",7,61754,6004394,2,2012,31,48,"Woodside Elementary",94518
"2379",7,61754,6004394,2,2012,111,71,"Woodside Elementary",94518
"2380",7,61754,6004394,3,2012,31,50.8,"Woodside Elementary",94518
"2381",7,61754,6004394,3,2012,111,75.6862745098039,"Woodside Elementary",94518
"2382",7,61754,6004394,4,2012,31,73.5438596491228,"Woodside Elementary",94518
"2383",7,61754,6004394,4,2012,111,82.5531914893617,"Woodside Elementary",94518
"2384",7,61754,6004394,5,2012,31,63,"Woodside Elementary",94518
"2385",7,61754,6004394,5,2012,111,70.3333333333333,"Woodside Elementary",94518
"2386",7,61754,6004402,2,2012,31,36.0661157024793,"Wren Avenue Elementary",94519
"2387",7,61754,6004402,2,2012,111,72.5,"Wren Avenue Elementary",94519
"2388",7,61754,6004402,3,2012,31,32,"Wren Avenue Elementary",94519
"2389",7,61754,6004402,3,2012,111,61.5,"Wren Avenue Elementary",94519
"2390",7,61754,6004402,4,2012,31,51.5,"Wren Avenue Elementary",94519
"2391",7,61754,6004402,4,2012,111,69.4651162790698,"Wren Avenue Elementary",94519
"2392",7,61754,6004402,5,2012,31,56.0578512396694,"Wren Avenue Elementary",94519
"2393",7,61754,6004402,5,2012,111,84.7083333333333,"Wren Avenue Elementary",94519
"2394",7,61754,6004410,2,2012,31,39,"Ygnacio Valley Elementary",94518
"2395",7,61754,6004410,3,2012,31,48.7260273972603,"Ygnacio Valley Elementary",94518
"2396",7,61754,6004410,3,2012,111,61.5,"Ygnacio Valley Elementary",94518
"2397",7,61754,6004410,4,2012,31,65,"Ygnacio Valley Elementary",94518
"2398",7,61754,6004410,4,2012,111,72,"Ygnacio Valley Elementary",94518
"2399",7,61754,6004410,5,2012,31,45.3333333333333,"Ygnacio Valley Elementary",94518
"2400",7,61754,6004410,5,2012,111,74.3333333333333,"Ygnacio Valley Elementary",94518
"2401",7,61754,6096226,2,2012,31,32.5,"Rio Vista Elementary",94565
"2402",7,61754,6096226,3,2012,31,33.6385542168675,"Rio Vista Elementary",94565
"2403",7,61754,6096226,4,2012,31,63.6060606060606,"Rio Vista Elementary",94565
"2404",7,61754,6096226,5,2012,31,44.5952380952381,"Rio Vista Elementary",94565
"2405",7,61754,6105357,6,2012,31,46,"Sequoia Middle",94523
"2406",7,61754,6105357,6,2012,111,79.5,"Sequoia Middle",94523
"2407",7,61754,6105357,7,2012,31,48.4974358974359,"Sequoia Middle",94523
"2408",7,61754,6105357,7,2012,111,75,"Sequoia Middle",94523
"2409",7,61754,6105357,8,2012,31,56.1929824561403,"Sequoia Middle",94523
"2410",7,61754,6105357,8,2012,111,84.7466487935657,"Sequoia Middle",94523
"2411",7,61754,6111504,6,2012,31,53.3866666666667,"Diablo View Middle",94517
"2412",7,61754,6111504,6,2012,111,82,"Diablo View Middle",94517
"2413",7,61754,6111504,7,2012,31,47.5,"Diablo View Middle",94517
"2414",7,61754,6111504,7,2012,111,84.5340599455041,"Diablo View Middle",94517
"2415",7,61754,6111504,8,2012,31,50.9811320754717,"Diablo View Middle",94517
"2416",7,61754,6111504,8,2012,111,73.4723618090452,"Diablo View Middle",94517
"2417",7,61754,6112395,2,2012,31,58.5,"Gregory Gardens Elementary",94523
"2418",7,61754,6112395,2,2012,111,73,"Gregory Gardens Elementary",94523
"2419",7,61754,6112395,3,2012,31,31.5714285714286,"Gregory Gardens Elementary",94523
"2420",7,61754,6112395,3,2012,111,55,"Gregory Gardens Elementary",94523
"2421",7,61754,6112395,4,2012,31,63.4634146341463,"Gregory Gardens Elementary",94523
"2422",7,61754,6112395,4,2012,111,78,"Gregory Gardens Elementary",94523
"2423",7,61754,6112395,5,2012,31,29.3333333333333,"Gregory Gardens Elementary",94523
"2424",7,61754,6112395,5,2012,111,59.5333333333333,"Gregory Gardens Elementary",94523
"2425",7,61754,6114904,6,2012,31,42.9832402234637,"Pleasant Hill Middle",94503
"2426",7,61754,6114904,6,2012,111,78.5140664961637,"Pleasant Hill Middle",94503
"2427",7,61754,6114904,7,2012,31,44.5448275862069,"Pleasant Hill Middle",94503
"2428",7,61754,6114904,7,2012,111,78.2335329341317,"Pleasant Hill Middle",94503
"2429",7,61754,6114904,8,2012,31,33.472049689441,"Pleasant Hill Middle",94503
"2430",7,61754,6114904,8,2012,111,68.0267605633803,"Pleasant Hill Middle",94503
"2431",7,61754,6118087,2,2012,111,75,"Eagle Peak Montessori",94598
"2432",7,61754,6118087,3,2012,111,83,"Eagle Peak Montessori",94598
"2433",7,61754,6118087,4,2012,111,86.3384615384615,"Eagle Peak Montessori",94598
"2434",7,61754,6118087,5,2012,111,91,"Eagle Peak Montessori",94598
"2435",7,61762,110684,2,2012,31,46,"Iron House Elementary",94561
"2436",7,61762,110684,2,2012,111,67.5,"Iron House Elementary",94561
"2437",7,61762,110684,3,2012,31,38.6354166666667,"Iron House Elementary",94561
"2438",7,61762,110684,3,2012,111,56,"Iron House Elementary",94561
"2439",7,61762,110684,4,2012,31,69.7647058823529,"Iron House Elementary",94561
"2440",7,61762,110684,4,2012,111,90,"Iron House Elementary",94561
"2441",7,61762,110684,5,2012,31,65.6666666666667,"Iron House Elementary",94561
"2442",7,61762,110684,5,2012,111,61,"Iron House Elementary",94561
"2443",7,61762,6004428,2,2012,31,49,"Oakley Elementary",94561
"2444",7,61762,6004428,2,2012,111,73,"Oakley Elementary",94561
"2445",7,61762,6004428,3,2012,31,47.2932330827068,"Oakley Elementary",94561
"2446",7,61762,6004428,4,2012,31,63.0388349514563,"Oakley Elementary",94561
"2447",7,61762,6004428,4,2012,111,77.7096774193548,"Oakley Elementary",94561
"2448",7,61762,6004428,5,2012,31,35.6681818181818,"Oakley Elementary",94561
"2449",7,61762,6004428,5,2012,111,53,"Oakley Elementary",94561
"2450",7,61762,6096234,2,2012,31,32,"Gehringer Elementary",94561
"2451",7,61762,6096234,2,2012,111,65.5,"Gehringer Elementary",94561
"2452",7,61762,6096234,3,2012,31,61.1047619047619,"Gehringer Elementary",94561
"2453",7,61762,6096234,3,2012,111,71,"Gehringer Elementary",94561
"2454",7,61762,6096234,4,2012,31,47.96,"Gehringer Elementary",94561
"2455",7,61762,6096234,4,2012,111,82.5,"Gehringer Elementary",94561
"2456",7,61762,6096234,5,2012,31,73.9856115107914,"Gehringer Elementary",94561
"2457",7,61762,6096234,5,2012,111,81.3408071748879,"Gehringer Elementary",94561
"2458",7,61762,6108765,6,2012,31,46.5296610169492,"O'Hara Park Middle",94561
"2459",7,61762,6108765,6,2012,111,63.9305019305019,"O'Hara Park Middle",94561
"2460",7,61762,6108765,7,2012,31,53.0721649484536,"O'Hara Park Middle",94561
"2461",7,61762,6108765,7,2012,111,72.9296875,"O'Hara Park Middle",94561
"2462",7,61762,6108765,8,2012,31,45.1994949494949,"O'Hara Park Middle",94561
"2463",7,61762,6108765,8,2012,111,61.3883333333333,"O'Hara Park Middle",94561
"2464",7,61762,6110803,2,2012,31,58,"Laurel Elementary",94561
"2465",7,61762,6110803,2,2012,111,74,"Laurel Elementary",94561
"2466",7,61762,6110803,3,2012,31,58.4339622641509,"Laurel Elementary",94561
"2467",7,61762,6110803,3,2012,111,77.2181818181818,"Laurel Elementary",94561
"2468",7,61762,6110803,4,2012,31,75.4494382022472,"Laurel Elementary",94561
"2469",7,61762,6110803,4,2012,111,89.018018018018,"Laurel Elementary",94561
"2470",7,61762,6110803,5,2012,31,60.3382352941176,"Laurel Elementary",94561
"2471",7,61762,6110803,5,2012,111,68.3274336283186,"Laurel Elementary",94561
"2472",7,61770,6004444,2,2012,111,90,"Del Rey Elementary",94563
"2473",7,61770,6004444,3,2012,111,89.9597315436242,"Del Rey Elementary",94563
"2474",7,61770,6004444,4,2012,111,96.5109489051095,"Del Rey Elementary",94563
"2475",7,61770,6004444,5,2012,111,95.3318965517241,"Del Rey Elementary",94563
"2476",7,61770,6004451,2,2012,111,92.5,"Glorietta Elementary",94563
"2477",7,61770,6004451,3,2012,111,87.5378151260504,"Glorietta Elementary",94563
"2478",7,61770,6004451,4,2012,111,95.9325842696629,"Glorietta Elementary",94563
"2479",7,61770,6004451,5,2012,111,98.6747572815534,"Glorietta Elementary",94563
"2480",7,61770,6004477,6,2012,111,92.973544973545,"Orinda Intermediate",94563
"2481",7,61770,6004477,7,2012,111,90.8531468531469,"Orinda Intermediate",94563
"2482",7,61770,6004477,8,2012,111,86.0650246305419,"Orinda Intermediate",94563
"2483",7,61770,6004501,2,2012,111,96.5,"Sleepy Hollow Elementary",94563
"2484",7,61770,6004501,3,2012,111,97.5,"Sleepy Hollow Elementary",94563
"2485",7,61770,6004501,4,2012,111,95.5031847133758,"Sleepy Hollow Elementary",94563
"2486",7,61770,6004501,5,2012,111,96,"Sleepy Hollow Elementary",94563
"2487",7,61770,6066583,2,2012,111,92,"Wagner Ranch Elementary",94563
"2488",7,61770,6066583,3,2012,111,86.5916666666667,"Wagner Ranch Elementary",94563
"2489",7,61770,6066583,4,2012,111,93,"Wagner Ranch Elementary",94563
"2490",7,61770,6066583,5,2012,111,99.3317757009346,"Wagner Ranch Elementary",94563
"2491",7,61788,116863,2,2012,31,45,"Marina Vista Elementary",94565
"2492",7,61788,116863,3,2012,31,55.0674846625767,"Marina Vista Elementary",94565
"2493",7,61788,116863,3,2012,111,78,"Marina Vista Elementary",94565
"2494",7,61788,116863,4,2012,31,43,"Marina Vista Elementary",94565
"2495",7,61788,116863,4,2012,111,67.5,"Marina Vista Elementary",94565
"2496",7,61788,116863,5,2012,31,46.0276497695853,"Marina Vista Elementary",94565
"2497",7,61788,116863,5,2012,111,36,"Marina Vista Elementary",94565
"2498",7,61788,735407,9,2012,31,29.2825829383886,"Pittsburg Senior High",94565
"2499",7,61788,735407,9,2012,111,39.8847402597403,"Pittsburg Senior High",94565
"2500",7,61788,735407,10,2012,31,25.9528421052632,"Pittsburg Senior High",94565
"2501",7,61788,735407,10,2012,111,33.9793103448276,"Pittsburg Senior High",94565
"2502",7,61788,735407,11,2012,31,23.6802721088435,"Pittsburg Senior High",94565
"2503",7,61788,735407,11,2012,111,30.1760683760684,"Pittsburg Senior High",94565
"2504",7,61788,6004527,2,2012,31,58,"Heights Elementary",94565
"2505",7,61788,6004527,2,2012,111,71.5,"Heights Elementary",94565
"2506",7,61788,6004527,3,2012,31,56.5,"Heights Elementary",94565
"2507",7,61788,6004527,3,2012,111,75,"Heights Elementary",94565
"2508",7,61788,6004527,4,2012,31,63,"Heights Elementary",94565
"2509",7,61788,6004527,5,2012,31,59,"Heights Elementary",94565
"2510",7,61788,6004527,5,2012,111,80,"Heights Elementary",94565
"2511",7,61788,6004535,2,2012,31,66.9822485207101,"Highlands Elementary",94565
"2512",7,61788,6004535,2,2012,111,77,"Highlands Elementary",94565
"2513",7,61788,6004535,3,2012,31,36.0875,"Highlands Elementary",94565
"2514",7,61788,6004535,3,2012,111,58.5,"Highlands Elementary",94565
"2515",7,61788,6004535,4,2012,31,55.5028571428571,"Highlands Elementary",94565
"2516",7,61788,6004535,4,2012,111,40,"Highlands Elementary",94565
"2517",7,61788,6004535,5,2012,31,40,"Highlands Elementary",94565
"2518",7,61788,6004535,5,2012,111,62.6666666666667,"Highlands Elementary",94565
"2519",7,61788,6004543,2,2012,31,68.5,"Los Medanos Elementary",94565
"2520",7,61788,6004543,2,2012,111,72,"Los Medanos Elementary",94565
"2521",7,61788,6004543,3,2012,31,55.5,"Los Medanos Elementary",94565
"2522",7,61788,6004543,3,2012,111,77,"Los Medanos Elementary",94565
"2523",7,61788,6004543,4,2012,31,79.5431472081218,"Los Medanos Elementary",94565
"2524",7,61788,6004543,4,2012,111,82.5,"Los Medanos Elementary",94565
"2525",7,61788,6004543,5,2012,31,79.7446808510638,"Los Medanos Elementary",94565
"2526",7,61788,6004543,5,2012,111,76.3333333333333,"Los Medanos Elementary",94565
"2527",7,61788,6004568,2,2012,31,70,"Parkside Elementary",94565
"2528",7,61788,6004568,3,2012,31,52.5,"Parkside Elementary",94565
"2529",7,61788,6004568,4,2012,31,48,"Parkside Elementary",94565
"2530",7,61788,6004568,5,2012,31,45.6443514644351,"Parkside Elementary",94565
"2531",7,61788,6004568,5,2012,111,64.3333333333333,"Parkside Elementary",94565
"2532",7,61788,6004576,2,2012,31,40.5,"Willow Cove Elementary",94565
"2533",7,61788,6004576,3,2012,31,52.3968253968254,"Willow Cove Elementary",94565
"2534",7,61788,6004576,3,2012,111,73,"Willow Cove Elementary",94565
"2535",7,61788,6004576,4,2012,31,54.0195121951219,"Willow Cove Elementary",94565
"2536",7,61788,6004576,4,2012,111,66,"Willow Cove Elementary",94565
"2537",7,61788,6004576,5,2012,31,34.3533568904594,"Willow Cove Elementary",94565
"2538",7,61788,6004576,5,2012,111,63.3333333333333,"Willow Cove Elementary",94565
"2539",7,61788,6061162,6,2012,31,35.9578947368421,"Hillview Junior High",94565
"2540",7,61788,6061162,6,2012,111,51.5,"Hillview Junior High",94565
"2541",7,61788,6061162,7,2012,31,39.5950704225352,"Hillview Junior High",94565
"2542",7,61788,6061162,7,2012,111,48.5714285714286,"Hillview Junior High",94565
"2543",7,61788,6061162,8,2012,31,43.3051823416507,"Hillview Junior High",94565
"2544",7,61788,6061162,8,2012,111,50.8465608465608,"Hillview Junior High",94565
"2545",7,61788,6098578,2,2012,31,49,"Foothill Elementary",94565
"2546",7,61788,6098578,2,2012,111,56,"Foothill Elementary",94565
"2547",7,61788,6098578,3,2012,31,52.3589743589744,"Foothill Elementary",94565
"2548",7,61788,6098578,3,2012,111,77.5,"Foothill Elementary",94565
"2549",7,61788,6098578,4,2012,31,63.5,"Foothill Elementary",94565
"2550",7,61788,6098578,4,2012,111,81,"Foothill Elementary",94565
"2551",7,61788,6098578,5,2012,31,55.3333333333333,"Foothill Elementary",94565
"2552",7,61788,6098578,5,2012,111,76.5769230769231,"Foothill Elementary",94565
"2553",7,61788,6109383,2,2012,31,57.5,"Stoneman Elementary",94565
"2554",7,61788,6109383,2,2012,111,67,"Stoneman Elementary",94565
"2555",7,61788,6109383,3,2012,31,51.5409836065574,"Stoneman Elementary",94565
"2556",7,61788,6109383,3,2012,111,62.5,"Stoneman Elementary",94565
"2557",7,61788,6109383,4,2012,31,60.4842105263158,"Stoneman Elementary",94565
"2558",7,61788,6109383,4,2012,111,83.5,"Stoneman Elementary",94565
"2559",7,61788,6109383,5,2012,31,60.1260504201681,"Stoneman Elementary",94565
"2560",7,61796,730291,9,2012,31,74.5675675675676,"Middle College High",94806
"2561",7,61796,730291,9,2012,111,81.5384615384615,"Middle College High",94806
"2562",7,61796,730291,10,2012,31,48.9207920792079,"Middle College High",94806
"2563",7,61796,730291,10,2012,111,58.6949152542373,"Middle College High",94806
"2564",7,61796,730291,11,2012,31,42.956204379562,"Middle College High",94806
"2565",7,61796,730291,11,2012,111,56.4767441860465,"Middle College High",94806
"2566",7,61796,730598,9,2012,31,27.2245614035088,"Hercules High",94547
"2567",7,61796,730598,9,2012,111,49.3325842696629,"Hercules High",94547
"2568",7,61796,730598,10,2012,31,25.0414847161572,"Hercules High",94547
"2569",7,61796,730598,10,2012,111,42.1481028151775,"Hercules High",94547
"2570",7,61796,730598,11,2012,31,23.8,"Hercules High",94547
"2571",7,61796,730598,11,2012,111,37.1068702290076,"Hercules High",94547
"2572",7,61796,735316,9,2012,31,25.9397089397089,"Pinole Valley High",94564
"2573",7,61796,735316,9,2012,111,36.6488549618321,"Pinole Valley High",94564
"2574",7,61796,735316,10,2012,31,22.3139240506329,"Pinole Valley High",94564
"2575",7,61796,735316,10,2012,111,38.9586592178771,"Pinole Valley High",94564
"2576",7,61796,735316,11,2012,31,19.4921875,"Pinole Valley High",94564
"2577",7,61796,735316,11,2012,111,31.3209219858156,"Pinole Valley High",94564
"2578",7,61796,735902,9,2012,31,16.5930962343096,"Richmond High",94804
"2579",7,61796,735902,9,2012,111,17.7260273972603,"Richmond High",94804
"2580",7,61796,735902,10,2012,31,12.8542241855329,"Richmond High",94804
"2581",7,61796,735902,10,2012,111,19.5238095238095,"Richmond High",94804
"2582",7,61796,735902,11,2012,31,17.0307692307692,"Richmond High",94804
"2583",7,61796,735902,11,2012,111,18.75,"Richmond High",94804
"2584",7,61796,6004600,2,2012,31,32,"Bayview Elementary",94806
"2585",7,61796,6004600,3,2012,31,33.0655737704918,"Bayview Elementary",94806
"2586",7,61796,6004600,4,2012,31,34,"Bayview Elementary",94806
"2587",7,61796,6004600,5,2012,31,26.0357142857143,"Bayview Elementary",94806
"2588",7,61796,6004600,6,2012,31,34.5,"Bayview Elementary",94806
"2589",7,61796,6004659,2,2012,31,43,"Collins Elementary",94564
"2590",7,61796,6004659,2,2012,111,69,"Collins Elementary",94564
"2591",7,61796,6004659,3,2012,31,45.5,"Collins Elementary",94564
"2592",7,61796,6004659,3,2012,111,58.5,"Collins Elementary",94564
"2593",7,61796,6004659,4,2012,31,75,"Collins Elementary",94564
"2594",7,61796,6004659,4,2012,111,75,"Collins Elementary",94564
"2595",7,61796,6004659,5,2012,31,34.2087912087912,"Collins Elementary",94564
"2596",7,61796,6004659,5,2012,111,69.6666666666667,"Collins Elementary",94564
"2597",7,61796,6004659,6,2012,31,52.4923076923077,"Collins Elementary",94564
"2598",7,61796,6004659,6,2012,111,65,"Collins Elementary",94564
"2599",7,61796,6004667,2,2012,31,54.5,"Coronado Elementary",94804
"2600",7,61796,6004667,3,2012,31,55,"Coronado Elementary",94804
"2601",7,61796,6004667,4,2012,31,64,"Coronado Elementary",94804
"2602",7,61796,6004667,5,2012,31,51.6488095238095,"Coronado Elementary",94804
"2603",7,61796,6004667,6,2012,31,61.2592592592593,"Coronado Elementary",94804
"2604",7,61796,6004691,2,2012,31,43.5,"Dover Elementary",94806
"2605",7,61796,6004691,3,2012,31,13.5,"Dover Elementary",94806
"2606",7,61796,6004691,3,2012,111,10.5,"Dover Elementary",94806
"2607",7,61796,6004691,4,2012,31,41.5,"Dover Elementary",94806
"2608",7,61796,6004691,5,2012,31,51.718045112782,"Dover Elementary",94806
"2609",7,61796,6004691,6,2012,31,38,"Dover Elementary",94806
"2610",7,61796,6004733,2,2012,31,36,"Ellerhorst Elementary",94564
"2611",7,61796,6004733,2,2012,111,65,"Ellerhorst Elementary",94564
"2612",7,61796,6004733,3,2012,31,51.5813953488372,"Ellerhorst Elementary",94564
"2613",7,61796,6004733,3,2012,111,75.041095890411,"Ellerhorst Elementary",94564
"2614",7,61796,6004733,4,2012,31,38.3076923076923,"Ellerhorst Elementary",94564
"2615",7,61796,6004733,4,2012,111,76.4626865671642,"Ellerhorst Elementary",94564
"2616",7,61796,6004733,5,2012,31,58,"Ellerhorst Elementary",94564
"2617",7,61796,6004733,5,2012,111,79.5588235294118,"Ellerhorst Elementary",94564
"2618",7,61796,6004733,6,2012,31,32.5,"Ellerhorst Elementary",94564
"2619",7,61796,6004733,6,2012,111,67.0655737704918,"Ellerhorst Elementary",94564
"2620",7,61796,6004741,2,2012,31,75.5,"Highland Elementary",94806
"2621",7,61796,6004741,3,2012,31,68.5,"Highland Elementary",94806
"2622",7,61796,6004741,4,2012,31,56.5,"Highland Elementary",94806
"2623",7,61796,6004741,5,2012,31,47.6896551724138,"Highland Elementary",94806
"2624",7,61796,6004741,6,2012,31,62.4851485148515,"Highland Elementary",94806
"2625",7,61796,6004758,2,2012,31,58,"Fairmont Elementary",94530
"2626",7,61796,6004758,2,2012,111,66.5,"Fairmont Elementary",94530
"2627",7,61796,6004758,3,2012,31,32.4285714285714,"Fairmont Elementary",94530
"2628",7,61796,6004758,3,2012,111,65.5,"Fairmont Elementary",94530
"2629",7,61796,6004758,4,2012,31,62.5,"Fairmont Elementary",94530
"2630",7,61796,6004758,4,2012,111,69.5,"Fairmont Elementary",94530
"2631",7,61796,6004758,5,2012,31,41.6666666666667,"Fairmont Elementary",94530
"2632",7,61796,6004758,5,2012,111,74.3333333333333,"Fairmont Elementary",94530
"2633",7,61796,6004758,6,2012,31,43.037037037037,"Fairmont Elementary",94530
"2634",7,61796,6004758,6,2012,111,67,"Fairmont Elementary",94530
"2635",7,61796,6004774,2,2012,31,56.5,"Grant Elementary",94804
"2636",7,61796,6004774,4,2012,31,31,"Grant Elementary",94804
"2637",7,61796,6004774,5,2012,31,41.3125,"Grant Elementary",94804
"2638",7,61796,6004774,6,2012,31,15.5,"Grant Elementary",94804
"2639",7,61796,6004782,2,2012,31,30,"Harding Elementary",94530
"2640",7,61796,6004782,2,2012,111,71,"Harding Elementary",94530
"2641",7,61796,6004782,3,2012,31,59,"Harding Elementary",94530
"2642",7,61796,6004782,3,2012,111,83.5,"Harding Elementary",94530
"2643",7,61796,6004782,5,2012,31,57.6666666666667,"Harding Elementary",94530
"2644",7,61796,6004782,5,2012,111,87.9909090909091,"Harding Elementary",94530
"2645",7,61796,6004808,2,2012,111,92,"Kensington Elementary",94708
"2646",7,61796,6004808,3,2012,111,94.5,"Kensington Elementary",94708
"2647",7,61796,6004808,4,2012,111,94.965034965035,"Kensington Elementary",94708
"2648",7,61796,6004808,5,2012,111,89.6666666666667,"Kensington Elementary",94708
"2649",7,61796,6004808,6,2012,111,80.4301075268817,"Kensington Elementary",94708
"2650",7,61796,6004824,2,2012,31,32.5,"Lake Elementary",94806
"2651",7,61796,6004824,3,2012,31,31.5,"Lake Elementary",94806
"2652",7,61796,6004824,4,2012,31,33.5,"Lake Elementary",94806
"2653",7,61796,6004824,5,2012,31,32,"Lake Elementary",94806
"2654",7,61796,6004824,6,2012,31,23.5,"Lake Elementary",94806
"2655",7,61796,6004832,2,2012,31,44.0353982300885,"Lincoln Elementary",94801
"2656",7,61796,6004832,3,2012,31,34.7403846153846,"Lincoln Elementary",94801
"2657",7,61796,6004832,4,2012,31,55.5,"Lincoln Elementary",94801
"2658",7,61796,6004832,5,2012,31,37.7319587628866,"Lincoln Elementary",94801
"2659",7,61796,6004832,6,2012,31,44.6153846153846,"Lincoln Elementary",94801
"2660",7,61796,6004840,2,2012,31,65.5,"Madera Elementary",94530
"2661",7,61796,6004840,2,2012,111,88.5,"Madera Elementary",94530
"2662",7,61796,6004840,3,2012,31,54.5,"Madera Elementary",94530
"2663",7,61796,6004840,3,2012,111,87.5107913669065,"Madera Elementary",94530
"2664",7,61796,6004840,4,2012,31,70.5,"Madera Elementary",94530
"2665",7,61796,6004840,4,2012,111,83.5,"Madera Elementary",94530
"2666",7,61796,6004840,5,2012,31,71,"Madera Elementary",94530
"2667",7,61796,6004840,5,2012,111,91,"Madera Elementary",94530
"2668",7,61796,6004840,6,2012,111,77.6266666666667,"Madera Elementary",94530
"2669",7,61796,6004857,2,2012,31,43,"Mira Vista Elementary",94805
"2670",7,61796,6004857,2,2012,111,84,"Mira Vista Elementary",94805
"2671",7,61796,6004857,3,2012,31,33,"Mira Vista Elementary",94805
"2672",7,61796,6004857,3,2012,111,65.5,"Mira Vista Elementary",94805
"2673",7,61796,6004857,4,2012,31,21.5,"Mira Vista Elementary",94805
"2674",7,61796,6004857,4,2012,111,59.5,"Mira Vista Elementary",94805
"2675",7,61796,6004857,5,2012,31,28.2477064220184,"Mira Vista Elementary",94805
"2676",7,61796,6004857,5,2012,111,36,"Mira Vista Elementary",94805
"2677",7,61796,6004857,6,2012,31,31.6478873239437,"Mira Vista Elementary",94805
"2678",7,61796,6004857,6,2012,111,57.3404255319149,"Mira Vista Elementary",94805
"2679",7,61796,6004857,7,2012,31,36.0545454545455,"Mira Vista Elementary",94805
"2680",7,61796,6004857,7,2012,111,60.5,"Mira Vista Elementary",94805
"2681",7,61796,6004857,8,2012,31,22.2867647058824,"Mira Vista Elementary",94805
"2682",7,61796,6004857,8,2012,111,62.75,"Mira Vista Elementary",94805
"2683",7,61796,6004865,2,2012,31,47.5,"Montalvin Manor Elementary",94806
"2684",7,61796,6004865,3,2012,31,45,"Montalvin Manor Elementary",94806
"2685",7,61796,6004865,4,2012,31,80.9809523809524,"Montalvin Manor Elementary",94806
"2686",7,61796,6004865,5,2012,31,63.3885350318471,"Montalvin Manor Elementary",94806
"2687",7,61796,6004865,6,2012,31,66.4903846153846,"Montalvin Manor Elementary",94806
"2688",7,61796,6004873,2,2012,31,47,"Murphy Elementary",94803
"2689",7,61796,6004873,2,2012,111,75,"Murphy Elementary",94803
"2690",7,61796,6004873,3,2012,31,47.5,"Murphy Elementary",94803
"2691",7,61796,6004873,3,2012,111,63.5,"Murphy Elementary",94803
"2692",7,61796,6004873,4,2012,31,56.038961038961,"Murphy Elementary",94803
"2693",7,61796,6004873,4,2012,111,64,"Murphy Elementary",94803
"2694",7,61796,6004873,5,2012,31,35,"Murphy Elementary",94803
"2695",7,61796,6004873,5,2012,111,36.3333333333333,"Murphy Elementary",94803
"2696",7,61796,6004873,6,2012,31,42.5,"Murphy Elementary",94803
"2697",7,61796,6004873,6,2012,111,47.5,"Murphy Elementary",94803
"2698",7,61796,6004881,2,2012,31,35,"Nystrom Elementary",94804
"2699",7,61796,6004881,3,2012,31,22.5436893203883,"Nystrom Elementary",94804
"2700",7,61796,6004881,4,2012,31,36,"Nystrom Elementary",94804
"2701",7,61796,6004881,5,2012,31,20.7213930348259,"Nystrom Elementary",94804
"2702",7,61796,6004881,6,2012,31,50.5,"Nystrom Elementary",94804
"2703",7,61796,6004899,2,2012,31,56,"Olinda Elementary",94803
"2704",7,61796,6004899,2,2012,111,83,"Olinda Elementary",94803
"2705",7,61796,6004899,3,2012,111,86.5,"Olinda Elementary",94803
"2706",7,61796,6004899,4,2012,31,62.5,"Olinda Elementary",94803
"2707",7,61796,6004899,4,2012,111,86,"Olinda Elementary",94803
"2708",7,61796,6004899,5,2012,31,35.6666666666667,"Olinda Elementary",94803
"2709",7,61796,6004899,5,2012,111,66.5,"Olinda Elementary",94803
"2710",7,61796,6004899,6,2012,31,86.5,"Olinda Elementary",94803
"2711",7,61796,6004899,6,2012,111,76,"Olinda Elementary",94803
"2712",7,61796,6004907,2,2012,31,55,"Peres Elementary",94801
"2713",7,61796,6004907,3,2012,31,60.5,"Peres Elementary",94801
"2714",7,61796,6004907,4,2012,31,87.7054794520548,"Peres Elementary",94801
"2715",7,61796,6004907,5,2012,31,49.3333333333333,"Peres Elementary",94801
"2716",7,61796,6004907,6,2012,31,43,"Peres Elementary",94801
"2717",7,61796,6004931,2,2012,31,49.5,"Riverside Elementary",94806
"2718",7,61796,6004931,2,2012,111,45,"Riverside Elementary",94806
"2719",7,61796,6004931,3,2012,31,51,"Riverside Elementary",94806
"2720",7,61796,6004931,4,2012,31,48,"Riverside Elementary",94806
"2721",7,61796,6004931,5,2012,31,53.6524390243902,"Riverside Elementary",94806
"2722",7,61796,6004931,6,2012,31,42,"Riverside Elementary",94806
"2723",7,61796,6004956,2,2012,31,39,"Shannon Elementary",94564
"2724",7,61796,6004956,2,2012,111,42,"Shannon Elementary",94564
"2725",7,61796,6004956,3,2012,31,25.5,"Shannon Elementary",94564
"2726",7,61796,6004956,3,2012,111,27.5,"Shannon Elementary",94564
"2727",7,61796,6004956,4,2012,31,45,"Shannon Elementary",94564
"2728",7,61796,6004956,5,2012,31,22,"Shannon Elementary",94564
"2729",7,61796,6004956,6,2012,31,35,"Shannon Elementary",94564
"2730",7,61796,6004956,6,2012,111,66.5,"Shannon Elementary",94564
"2731",7,61796,6004964,2,2012,31,49,"Sheldon Elementary",94803
"2732",7,61796,6004964,2,2012,111,87.5,"Sheldon Elementary",94803
"2733",7,61796,6004964,3,2012,31,56,"Sheldon Elementary",94803
"2734",7,61796,6004964,3,2012,111,70.5,"Sheldon Elementary",94803
"2735",7,61796,6004964,4,2012,31,35.5,"Sheldon Elementary",94803
"2736",7,61796,6004964,4,2012,111,64,"Sheldon Elementary",94803
"2737",7,61796,6004964,5,2012,31,66,"Sheldon Elementary",94803
"2738",7,61796,6004964,5,2012,111,66.6666666666667,"Sheldon Elementary",94803
"2739",7,61796,6004964,6,2012,31,43,"Sheldon Elementary",94803
"2740",7,61796,6004964,6,2012,111,67.5,"Sheldon Elementary",94803
"2741",7,61796,6004972,2,2012,31,45.5,"Stege Elementary",94804
"2742",7,61796,6004972,3,2012,31,33.5,"Stege Elementary",94804
"2743",7,61796,6004972,4,2012,31,15.5,"Stege Elementary",94804
"2744",7,61796,6004972,5,2012,31,13,"Stege Elementary",94804
"2745",7,61796,6004972,6,2012,31,15.5,"Stege Elementary",94804
"2746",7,61796,6004980,2,2012,31,60,"Stewart Elementary",94564
"2747",7,61796,6004980,2,2012,111,83,"Stewart Elementary",94564
"2748",7,61796,6004980,3,2012,31,53,"Stewart Elementary",94564
"2749",7,61796,6004980,3,2012,111,80.6233766233766,"Stewart Elementary",94564
"2750",7,61796,6004980,4,2012,31,48,"Stewart Elementary",94564
"2751",7,61796,6004980,4,2012,111,65.4181818181818,"Stewart Elementary",94564
"2752",7,61796,6004980,5,2012,31,42,"Stewart Elementary",94564
"2753",7,61796,6004980,5,2012,111,65,"Stewart Elementary",94564
"2754",7,61796,6004980,6,2012,31,24,"Stewart Elementary",94564
"2755",7,61796,6004980,6,2012,111,40.5,"Stewart Elementary",94564
"2756",7,61796,6004980,7,2012,31,61,"Stewart Elementary",94564
"2757",7,61796,6004980,7,2012,111,79.5,"Stewart Elementary",94564
"2758",7,61796,6004980,8,2012,31,34.25,"Stewart Elementary",94564
"2759",7,61796,6004980,8,2012,111,50.75,"Stewart Elementary",94564
"2760",7,61796,6004998,2,2012,31,43.5,"Tara Hills Elementary",94806
"2761",7,61796,6004998,2,2012,111,58.5,"Tara Hills Elementary",94806
"2762",7,61796,6004998,3,2012,31,51.6,"Tara Hills Elementary",94806
"2763",7,61796,6004998,3,2012,111,50,"Tara Hills Elementary",94806
"2764",7,61796,6004998,4,2012,31,45,"Tara Hills Elementary",94806
"2765",7,61796,6004998,4,2012,111,77,"Tara Hills Elementary",94806
"2766",7,61796,6004998,5,2012,31,59.3956834532374,"Tara Hills Elementary",94806
"2767",7,61796,6004998,5,2012,111,68.44,"Tara Hills Elementary",94806
"2768",7,61796,6004998,6,2012,31,41.9263157894737,"Tara Hills Elementary",94806
"2769",7,61796,6004998,6,2012,111,50,"Tara Hills Elementary",94806
"2770",7,61796,6005003,2,2012,31,73,"Valley View Elementary",94803
"2771",7,61796,6005003,2,2012,111,79,"Valley View Elementary",94803
"2772",7,61796,6005003,3,2012,31,59.2432432432432,"Valley View Elementary",94803
"2773",7,61796,6005003,3,2012,111,80.5,"Valley View Elementary",94803
"2774",7,61796,6005003,4,2012,31,52.5,"Valley View Elementary",94803
"2775",7,61796,6005003,4,2012,111,68.5,"Valley View Elementary",94803
"2776",7,61796,6005003,5,2012,31,51,"Valley View Elementary",94803
"2777",7,61796,6005003,5,2012,111,63,"Valley View Elementary",94803
"2778",7,61796,6005003,6,2012,31,45.5,"Valley View Elementary",94803
"2779",7,61796,6005003,6,2012,111,71,"Valley View Elementary",94803
"2780",7,61796,6005011,2,2012,31,25,"Verde Elementary",94801
"2781",7,61796,6005011,3,2012,31,29.3838383838384,"Verde Elementary",94801
"2782",7,61796,6005011,4,2012,31,32.4095238095238,"Verde Elementary",94801
"2783",7,61796,6005011,5,2012,31,18,"Verde Elementary",94801
"2784",7,61796,6005011,6,2012,31,26.5,"Verde Elementary",94801
"2785",7,61796,6005037,2,2012,31,58,"Washington Elementary",94801
"2786",7,61796,6005037,2,2012,111,70.5,"Washington Elementary",94801
"2787",7,61796,6005037,3,2012,31,34.1818181818182,"Washington Elementary",94801
"2788",7,61796,6005037,3,2012,111,69.6969696969697,"Washington Elementary",94801
"2789",7,61796,6005037,4,2012,31,61,"Washington Elementary",94801
"2790",7,61796,6005037,4,2012,111,80,"Washington Elementary",94801
"2791",7,61796,6005037,5,2012,31,52.3333333333333,"Washington Elementary",94801
"2792",7,61796,6005037,5,2012,111,61,"Washington Elementary",94801
"2793",7,61796,6005037,6,2012,31,33,"Washington Elementary",94801
"2794",7,61796,6005037,6,2012,111,61.5,"Washington Elementary",94801
"2795",7,61796,6057228,7,2012,31,44,"Helms Middle",94806
"2796",7,61796,6057228,7,2012,111,62.5094339622642,"Helms Middle",94806
"2797",7,61796,6057228,8,2012,31,24.3729588504246,"Helms Middle",94806
"2798",7,61796,6057228,8,2012,111,36.8958333333333,"Helms Middle",94806
"2799",7,61796,6057236,7,2012,31,35.4848484848485,"Pinole Middle",94564
"2800",7,61796,6057236,7,2012,111,56.5,"Pinole Middle",94564
"2801",7,61796,6057236,8,2012,31,39.270092226614,"Pinole Middle",94564
"2802",7,61796,6057236,8,2012,111,49.0714285714286,"Pinole Middle",94564
"2803",7,61796,6097141,2,2012,31,30.5,"Lupine Hills Elementary",94547
"2804",7,61796,6097141,2,2012,111,76,"Lupine Hills Elementary",94547
"2805",7,61796,6097141,3,2012,31,54.5,"Lupine Hills Elementary",94547
"2806",7,61796,6097141,3,2012,111,59.5,"Lupine Hills Elementary",94547
"2807",7,61796,6097141,4,2012,31,68.5,"Lupine Hills Elementary",94547
"2808",7,61796,6097141,4,2012,111,89,"Lupine Hills Elementary",94547
"2809",7,61796,6097141,5,2012,31,54.0491803278689,"Lupine Hills Elementary",94547
"2810",7,61796,6097141,5,2012,111,81,"Lupine Hills Elementary",94547
"2811",7,61796,6099717,2,2012,31,43.5,"Ohlone Elementary",94547
"2812",7,61796,6099717,2,2012,111,57.5,"Ohlone Elementary",94547
"2813",7,61796,6099717,3,2012,31,60.0285714285714,"Ohlone Elementary",94547
"2814",7,61796,6099717,3,2012,111,65.5,"Ohlone Elementary",94547
"2815",7,61796,6099717,4,2012,31,36.5,"Ohlone Elementary",94547
"2816",7,61796,6099717,4,2012,111,58,"Ohlone Elementary",94547
"2817",7,61796,6099717,5,2012,31,62,"Ohlone Elementary",94547
"2818",7,61796,6099717,5,2012,111,76.3333333333333,"Ohlone Elementary",94547
"2819",7,61796,6112015,2,2012,31,57,"Hanna Ranch Elementary",94547
"2820",7,61796,6112015,2,2012,111,73,"Hanna Ranch Elementary",94547
"2821",7,61796,6112015,3,2012,31,38,"Hanna Ranch Elementary",94547
"2822",7,61796,6112015,3,2012,111,69.5,"Hanna Ranch Elementary",94547
"2823",7,61796,6112015,4,2012,31,77.8292682926829,"Hanna Ranch Elementary",94547
"2824",7,61796,6112015,4,2012,111,93,"Hanna Ranch Elementary",94547
"2825",7,61796,6112015,5,2012,31,42.5568181818182,"Hanna Ranch Elementary",94547
"2826",7,61796,6112015,5,2012,111,77.3333333333333,"Hanna Ranch Elementary",94547
"2827",7,61796,6118368,6,2012,31,18.9506172839506,"Manzanita Middle",94804
"2828",7,61796,6118368,7,2012,31,28.3820224719101,"Manzanita Middle",94804
"2829",7,61796,6118368,8,2012,31,21,"Manzanita Middle",94804
"2830",7,61796,6119515,6,2012,31,33.0578034682081,"Hercules Middle",94547
"2831",7,61796,6119515,6,2012,111,56,"Hercules Middle",94547
"2832",7,61796,6119515,7,2012,31,46.0195121951219,"Hercules Middle",94547
"2833",7,61796,6119515,7,2012,111,58.5841924398625,"Hercules Middle",94547
"2834",7,61796,6119515,8,2012,31,29.1912442396313,"Hercules Middle",94547
"2835",7,61796,6119515,8,2012,111,53.7442273534636,"Hercules Middle",94547
"2836",7,61796,6120885,7,2012,31,22.0117647058824,"Lovonya DeJean Middle",94805
"2837",7,61796,6120885,7,2012,111,28.5,"Lovonya DeJean Middle",94805
"2838",7,61796,6120885,8,2012,31,22.2688053097345,"Lovonya DeJean Middle",94805
"2839",7,61796,6120885,8,2012,111,31.9669421487603,"Lovonya DeJean Middle",94805
"2840",7,61804,108324,6,2012,111,92,"Windemere Ranch Middle",94582
"2841",7,61804,108324,7,2012,111,93.0264900662252,"Windemere Ranch Middle",94582
"2842",7,61804,108324,8,2012,111,93.198269079465,"Windemere Ranch Middle",94582
"2843",7,61804,109173,2,2012,111,89.5,"Quail Run Elementary",94582
"2844",7,61804,109173,3,2012,111,80.5190615835777,"Quail Run Elementary",94582
"2845",7,61804,109173,4,2012,111,92.4860681114551,"Quail Run Elementary",94582
"2846",7,61804,109173,5,2012,111,84.3408450704225,"Quail Run Elementary",94582
"2847",7,61804,113118,9,2012,31,70,"Dougherty Valley High",94582
"2848",7,61804,113118,9,2012,111,87.2302670623145,"Dougherty Valley High",94582
"2849",7,61804,113118,10,2012,31,85.5294117647059,"Dougherty Valley High",94582
"2850",7,61804,113118,10,2012,111,86.0456066945607,"Dougherty Valley High",94582
"2851",7,61804,113118,11,2012,31,46,"Dougherty Valley High",94582
"2852",7,61804,113118,11,2012,111,81.9434931506849,"Dougherty Valley High",94582
"2853",7,61804,113589,2,2012,111,97,"Live Oak Elementary",94582
"2854",7,61804,113589,3,2012,111,92.9861495844875,"Live Oak Elementary",94582
"2855",7,61804,113589,4,2012,111,92.4985915492958,"Live Oak Elementary",94582
"2856",7,61804,113589,5,2012,111,97.6679462571977,"Live Oak Elementary",94582
"2857",7,61804,116541,6,2012,111,85.9948186528497,"Gale Ranch Middle",94582
"2858",7,61804,116541,7,2012,111,88.4411764705882,"Gale Ranch Middle",94582
"2859",7,61804,116541,8,2012,111,86.8052391799544,"Gale Ranch Middle",94582
"2860",7,61804,119032,2,2012,111,88,"Creekside Elementary",94506
"2861",7,61804,119032,3,2012,111,86,"Creekside Elementary",94506
"2862",7,61804,119032,4,2012,111,88.9748743718593,"Creekside Elementary",94506
"2863",7,61804,119032,5,2012,111,87,"Creekside Elementary",94506
"2864",7,61804,730051,9,2012,31,62,"California High",94583
"2865",7,61804,730051,9,2012,111,80.512865497076,"California High",94583
"2866",7,61804,730051,10,2012,31,48.3448275862069,"California High",94583
"2867",7,61804,730051,10,2012,111,77.0100138121547,"California High",94583
"2868",7,61804,730051,11,2012,31,89.1481481481482,"California High",94583
"2869",7,61804,730051,11,2012,111,72.0999066293184,"California High",94583
"2870",7,61804,730218,7,2012,111,82,"Venture (Alternative)",94582
"2871",7,61804,730218,8,2012,111,60.25,"Venture (Alternative)",94582
"2872",7,61804,730218,9,2012,111,56.5555555555556,"Venture (Alternative)",94582
"2873",7,61804,730218,10,2012,111,47.2823529411765,"Venture (Alternative)",94582
"2874",7,61804,730218,11,2012,111,41.0695970695971,"Venture (Alternative)",94582
"2875",7,61804,734368,9,2012,111,81.9310595065312,"Monte Vista High",94526
"2876",7,61804,734368,10,2012,111,79.3403915301638,"Monte Vista High",94526
"2877",7,61804,734368,11,2012,111,76.3678382282138,"Monte Vista High",94526
"2878",7,61804,736504,9,2012,111,73.9817724701446,"San Ramon Valley High",94526
"2879",7,61804,736504,10,2012,111,75.4966175885396,"San Ramon Valley High",94526
"2880",7,61804,736504,11,2012,111,68.6237113402062,"San Ramon Valley High",94526
"2881",7,61804,736819,10,2012,111,8.93333333333333,"Del Amigo High (Continuation)",94526
"2882",7,61804,736819,11,2012,111,13.2931034482759,"Del Amigo High (Continuation)",94526
"2883",7,61804,6005060,2,2012,111,83,"Alamo Elementary",94507
"2884",7,61804,6005060,3,2012,111,86,"Alamo Elementary",94507
"2885",7,61804,6005060,4,2012,111,88,"Alamo Elementary",94507
"2886",7,61804,6005060,5,2012,111,92,"Alamo Elementary",94507
"2887",7,61804,6005086,2,2012,111,85.4678362573099,"Country Club Elementary",94583
"2888",7,61804,6005086,3,2012,111,82.043956043956,"Country Club Elementary",94583
"2889",7,61804,6005086,4,2012,111,82.5,"Country Club Elementary",94583
"2890",7,61804,6005086,5,2012,111,75.3677419354839,"Country Club Elementary",94583
"2891",7,61804,6005094,2,2012,111,79.5,"Green Valley Elementary",94526
"2892",7,61804,6005094,3,2012,111,75.5,"Green Valley Elementary",94526
"2893",7,61804,6005094,4,2012,111,87.5,"Green Valley Elementary",94526
"2894",7,61804,6005094,5,2012,111,83.9945054945055,"Green Valley Elementary",94526
"2895",7,61804,6005110,6,2012,111,79.016091954023,"Los Cerros Middle",94526
"2896",7,61804,6005110,7,2012,111,90.5069444444444,"Los Cerros Middle",94526
"2897",7,61804,6005110,8,2012,111,80.7349693251534,"Los Cerros Middle",94526
"2898",7,61804,6005128,2,2012,111,85.5,"Montair Elementary",94526
"2899",7,61804,6005128,3,2012,111,80,"Montair Elementary",94526
"2900",7,61804,6005128,4,2012,111,98,"Montair Elementary",94526
"2901",7,61804,6005128,5,2012,111,90.3186440677966,"Montair Elementary",94526
"2902",7,61804,6005136,2,2012,111,93,"Rancho Romero Elementary",94507
"2903",7,61804,6005136,3,2012,111,86,"Rancho Romero Elementary",94507
"2904",7,61804,6005136,4,2012,111,95,"Rancho Romero Elementary",94507
"2905",7,61804,6005136,5,2012,111,93.0074349442379,"Rancho Romero Elementary",94507
"2906",7,61804,6005144,6,2012,111,85,"Stone Valley Middle",94507
"2907",7,61804,6005144,7,2012,111,80.6879606879607,"Stone Valley Middle",94507
"2908",7,61804,6005144,8,2012,111,85.4226254002134,"Stone Valley Middle",94507
"2909",7,61804,6005151,2,2012,111,85.5,"Vista Grande Elementary",94526
"2910",7,61804,6005151,3,2012,111,86.5238095238095,"Vista Grande Elementary",94526
"2911",7,61804,6005151,4,2012,111,93.5,"Vista Grande Elementary",94526
"2912",7,61804,6005151,5,2012,111,87.3126843657817,"Vista Grande Elementary",94526
"2913",7,61804,6089130,2,2012,111,82.5,"Twin Creeks Elementary",94583
"2914",7,61804,6089130,3,2012,111,73.5534591194968,"Twin Creeks Elementary",94583
"2915",7,61804,6089130,4,2012,111,90,"Twin Creeks Elementary",94583
"2916",7,61804,6089130,5,2012,111,84.9469026548673,"Twin Creeks Elementary",94583
"2917",7,61804,6096036,2,2012,111,89.5,"Greenbrook Elementary",94526
"2918",7,61804,6096036,3,2012,111,95.4976958525346,"Greenbrook Elementary",94526
"2919",7,61804,6096036,4,2012,111,92.4524886877828,"Greenbrook Elementary",94526
"2920",7,61804,6096036,5,2012,111,85,"Greenbrook Elementary",94526
"2921",7,61804,6097158,2,2012,111,85.5,"Montevideo Elementary",94583
"2922",7,61804,6097158,3,2012,111,90.4741784037559,"Montevideo Elementary",94583
"2923",7,61804,6097158,4,2012,111,88.4965986394558,"Montevideo Elementary",94583
"2924",7,61804,6097158,5,2012,111,93.6589861751152,"Montevideo Elementary",94583
"2925",7,61804,6097166,6,2012,31,71,"Pine Valley Middle",94583
"2926",7,61804,6097166,6,2012,111,88.0142348754448,"Pine Valley Middle",94583
"2927",7,61804,6097166,7,2012,111,77.0136518771331,"Pine Valley Middle",94583
"2928",7,61804,6097166,8,2012,111,82.0667259786477,"Pine Valley Middle",94583
"2929",7,61804,6100952,2,2012,111,91,"Bollinger Canyon Elementary",94583
"2930",7,61804,6100952,3,2012,111,86.5364238410596,"Bollinger Canyon Elementary",94583
"2931",7,61804,6100952,4,2012,111,93,"Bollinger Canyon Elementary",94583
"2932",7,61804,6100952,5,2012,111,85.3382352941177,"Bollinger Canyon Elementary",94583
"2933",7,61804,6110449,2,2012,111,87,"Sycamore Valley Elementary",94506
"2934",7,61804,6110449,3,2012,111,90,"Sycamore Valley Elementary",94506
"2935",7,61804,6110449,4,2012,111,94.4980988593156,"Sycamore Valley Elementary",94506
"2936",7,61804,6110449,5,2012,111,92.0259365994236,"Sycamore Valley Elementary",94506
"2937",7,61804,6113336,6,2012,111,83.0067796610169,"Iron Horse Middle",94583
"2938",7,61804,6113336,7,2012,31,50,"Iron Horse Middle",94583
"2939",7,61804,6113336,7,2012,111,83.9411764705882,"Iron Horse Middle",94583
"2940",7,61804,6113336,8,2012,111,86.5871404399323,"Iron Horse Middle",94583
"2941",7,61804,6117451,6,2012,111,86,"Diablo Vista Middle",94506
"2942",7,61804,6117451,7,2012,111,83.4007561436673,"Diablo Vista Middle",94506
"2943",7,61804,6117451,8,2012,111,85.5886699507389,"Diablo Vista Middle",94506
"2944",7,61804,6117485,2,2012,111,92.5014005602241,"Coyote Creek Elementary",94582
"2945",7,61804,6117485,3,2012,111,92.0171428571429,"Coyote Creek Elementary",94582
"2946",7,61804,6117485,4,2012,111,93.5,"Coyote Creek Elementary",94582
"2947",7,61804,6117485,5,2012,111,94.6666666666667,"Coyote Creek Elementary",94582
"2948",7,61812,6005169,2,2012,31,33.5,"Buena Vista Elementary",94597
"2949",7,61812,6005169,2,2012,111,77,"Buena Vista Elementary",94597
"2950",7,61812,6005169,3,2012,31,54,"Buena Vista Elementary",94597
"2951",7,61812,6005169,3,2012,111,86.5126050420168,"Buena Vista Elementary",94597
"2952",7,61812,6005169,4,2012,31,74.2307692307692,"Buena Vista Elementary",94597
"2953",7,61812,6005169,4,2012,111,92.0169491525424,"Buena Vista Elementary",94597
"2954",7,61812,6005169,5,2012,31,73,"Buena Vista Elementary",94597
"2955",7,61812,6005169,5,2012,111,83.680412371134,"Buena Vista Elementary",94597
"2956",7,61812,6005177,2,2012,111,83,"Indian Valley Elementary",94598
"2957",7,61812,6005177,3,2012,111,88.0487804878049,"Indian Valley Elementary",94598
"2958",7,61812,6005177,4,2012,111,94.5,"Indian Valley Elementary",94598
"2959",7,61812,6005177,5,2012,31,73,"Indian Valley Elementary",94598
"2960",7,61812,6005177,5,2012,111,96.6928104575163,"Indian Valley Elementary",94598
"2961",7,61812,6005185,2,2012,31,33,"Murwood Elementary",94596
"2962",7,61812,6005185,2,2012,111,78,"Murwood Elementary",94596
"2963",7,61812,6005185,3,2012,31,34.5,"Murwood Elementary",94596
"2964",7,61812,6005185,3,2012,111,73,"Murwood Elementary",94596
"2965",7,61812,6005185,4,2012,31,65.5,"Murwood Elementary",94596
"2966",7,61812,6005185,4,2012,111,88.5,"Murwood Elementary",94596
"2967",7,61812,6005185,5,2012,31,83,"Murwood Elementary",94596
"2968",7,61812,6005185,5,2012,111,85.3164556962025,"Murwood Elementary",94596
"2969",7,61812,6005193,2,2012,111,90.5,"Parkmead Elementary",94595
"2970",7,61812,6005193,3,2012,111,82.0972972972973,"Parkmead Elementary",94595
"2971",7,61812,6005193,4,2012,111,87,"Parkmead Elementary",94595
"2972",7,61812,6005193,5,2012,111,86.6563876651982,"Parkmead Elementary",94595
"2973",7,61812,6005235,6,2012,31,48.8627450980392,"Walnut Creek Intermediate",94597
"2974",7,61812,6005235,6,2012,111,85.5059829059829,"Walnut Creek Intermediate",94597
"2975",7,61812,6005235,7,2012,31,73.5,"Walnut Creek Intermediate",94597
"2976",7,61812,6005235,7,2012,111,83.9924127465857,"Walnut Creek Intermediate",94597
"2977",7,61812,6005235,8,2012,31,65.1797235023041,"Walnut Creek Intermediate",94597
"2978",7,61812,6005235,8,2012,111,88.1424075531078,"Walnut Creek Intermediate",94597
"2979",7,61812,6005243,2,2012,111,89.5,"Walnut Heights Elementary",94596
"2980",7,61812,6005243,3,2012,111,88.5187969924812,"Walnut Heights Elementary",94596
"2981",7,61812,6005243,4,2012,111,93.508064516129,"Walnut Heights Elementary",94596
"2982",7,61812,6005243,5,2012,111,90,"Walnut Heights Elementary",94596
"2983",8,10082,830059,6,2012,31,8,"Castle Rock",95531
"2984",8,10082,830059,8,2012,31,46.6585365853659,"Castle Rock",95531
"2985",8,10082,830059,8,2012,111,30.2333333333333,"Castle Rock",95531
"2986",8,10082,830059,9,2012,31,16.9090909090909,"Castle Rock",95531
"2987",8,10082,830059,9,2012,111,68,"Castle Rock",95531
"2988",8,10082,830059,10,2012,31,11.2706766917293,"Castle Rock",95531
"2989",8,10082,830059,10,2012,111,37.2714285714286,"Castle Rock",95531
"2990",8,10082,830059,11,2012,31,25.4421052631579,"Castle Rock",95531
"2991",8,10082,830059,11,2012,111,34.5,"Castle Rock",95531
"2992",8,61820,833004,9,2012,31,30.7357142857143,"Del Norte High",95531
"2993",8,61820,833004,9,2012,111,51.4391304347826,"Del Norte High",95531
"2994",8,61820,833004,10,2012,31,33.2462406015038,"Del Norte High",95531
"2995",8,61820,833004,10,2012,111,44.9351851851852,"Del Norte High",95531
"2996",8,61820,833004,11,2012,31,33.9697802197802,"Del Norte High",95531
"2997",8,61820,833004,11,2012,111,54.1731448763251,"Del Norte High",95531
"2998",8,61820,836205,10,2012,31,3.71428571428571,"Sunset High",95531
"2999",8,61820,836205,11,2012,31,4.65151515151515,"Sunset High",95531
"3000",8,61820,6005375,2,2012,31,43.9220779220779,"Bess Maxwell Elementary",95531
"3001",8,61820,6005375,3,2012,31,36,"Bess Maxwell Elementary",95531
"3002",8,61820,6005375,4,2012,31,54,"Bess Maxwell Elementary",95531
"3003",8,61820,6005375,5,2012,31,43.6666666666667,"Bess Maxwell Elementary",95531
"3004",8,61820,6005383,6,2012,31,48,"Crescent Elk Middle",95531
"3005",8,61820,6005383,6,2012,111,67,"Crescent Elk Middle",95531
"3006",8,61820,6005383,7,2012,31,53.5449735449735,"Crescent Elk Middle",95531
"3007",8,61820,6005383,7,2012,111,66.0825688073395,"Crescent Elk Middle",95531
"3008",8,61820,6005383,8,2012,31,45.6811989100817,"Crescent Elk Middle",95531
"3009",8,61820,6005383,8,2012,111,60.1520737327189,"Crescent Elk Middle",95531
"3010",8,61820,6005391,2,2012,31,41,"Joe Hamilton Elementary",95531
"3011",8,61820,6005391,5,2012,31,38,"Joe Hamilton Elementary",95531
"3012",8,61820,6005417,2,2012,31,19,"Margaret Keating Elementary",95548
"3013",8,61820,6005417,5,2012,31,42.3333333333333,"Margaret Keating Elementary",95548
"3014",8,61820,6005433,2,2012,31,69.5,"Pine Grove Elementary",95531
"3015",8,61820,6005433,3,2012,31,46.5,"Pine Grove Elementary",95531
"3016",8,61820,6005433,3,2012,111,77,"Pine Grove Elementary",95531
"3017",8,61820,6005433,4,2012,31,40,"Pine Grove Elementary",95531
"3018",8,61820,6005433,4,2012,111,75,"Pine Grove Elementary",95531
"3019",8,61820,6005433,5,2012,31,30.6326530612245,"Pine Grove Elementary",95531
"3020",8,61820,6005433,5,2012,111,73,"Pine Grove Elementary",95531
"3021",8,61820,6005458,2,2012,31,41.5,"Smith River Elementary",95567
"3022",8,61820,6005458,3,2012,31,36.5,"Smith River Elementary",95567
"3023",8,61820,6005458,4,2012,31,43.4102564102564,"Smith River Elementary",95567
"3024",8,61820,6005458,6,2012,31,47.5,"Smith River Elementary",95567
"3025",8,61820,6005458,7,2012,31,53,"Smith River Elementary",95567
"3026",8,61820,6005458,8,2012,31,32.7524752475247,"Smith River Elementary",95567
"3027",8,61820,6113013,2,2012,31,50,"Mary Peacock Elementary",95331
"3028",8,61820,6113013,2,2012,111,67.5,"Mary Peacock Elementary",95331
"3029",8,61820,6113013,3,2012,31,44.0985915492958,"Mary Peacock Elementary",95331
"3030",8,61820,6113013,3,2012,111,50,"Mary Peacock Elementary",95331
"3031",8,61820,6113013,4,2012,31,31.2083333333333,"Mary Peacock Elementary",95331
"3032",8,61820,6113013,4,2012,111,91,"Mary Peacock Elementary",95331
"3033",8,61820,6113013,5,2012,31,57.9431818181818,"Mary Peacock Elementary",95331
"3034",8,61820,6113013,5,2012,111,71.4285714285714,"Mary Peacock Elementary",95331
"3035",9,61838,100024,2,2012,111,88.5,"Oak Meadow Elementary",95762
"3036",9,61838,100024,3,2012,111,84.4227642276423,"Oak Meadow Elementary",95762
"3037",9,61838,100024,4,2012,31,73,"Oak Meadow Elementary",95762
"3038",9,61838,100024,4,2012,111,95.5,"Oak Meadow Elementary",95762
"3039",9,61838,100024,5,2012,111,91.3276353276353,"Oak Meadow Elementary",95762
"3040",9,61838,6005466,2,2012,31,49.4492753623188,"Buckeye Elementary",95682
"3041",9,61838,6005466,2,2012,111,72,"Buckeye Elementary",95682
"3042",9,61838,6005466,3,2012,31,47.3018867924528,"Buckeye Elementary",95682
"3043",9,61838,6005466,3,2012,111,79,"Buckeye Elementary",95682
"3044",9,61838,6005466,4,2012,31,68.1951219512195,"Buckeye Elementary",95682
"3045",9,61838,6005466,4,2012,111,75.925,"Buckeye Elementary",95682
"3046",9,61838,6005466,5,2012,31,62.4464285714286,"Buckeye Elementary",95682
"3047",9,61838,6005466,5,2012,111,81.304,"Buckeye Elementary",95682
"3048",9,61838,6096614,6,2012,31,46.8837209302326,"Camerado Springs Middle",95682
"3049",9,61838,6096614,6,2012,111,73.9921875,"Camerado Springs Middle",95682
"3050",9,61838,6096614,7,2012,31,61.5913978494624,"Camerado Springs Middle",95682
"3051",9,61838,6096614,7,2012,111,85.3518518518518,"Camerado Springs Middle",95682
"3052",9,61838,6096614,8,2012,31,58.8904109589041,"Camerado Springs Middle",95682
"3053",9,61838,6096614,8,2012,111,71.048128342246,"Camerado Springs Middle",95682
"3054",9,61838,6107361,2,2012,31,63.5,"Blue Oak Elementary",95682
"3055",9,61838,6107361,2,2012,111,83,"Blue Oak Elementary",95682
"3056",9,61838,6107361,3,2012,31,41.9032258064516,"Blue Oak Elementary",95682
"3057",9,61838,6107361,3,2012,111,69.5367647058823,"Blue Oak Elementary",95682
"3058",9,61838,6107361,4,2012,31,57.5,"Blue Oak Elementary",95682
"3059",9,61838,6107361,4,2012,111,82.4973821989529,"Blue Oak Elementary",95682
"3060",9,61838,6107361,5,2012,31,63.4647887323944,"Blue Oak Elementary",95682
"3061",9,61838,6107361,5,2012,111,78.6974169741697,"Blue Oak Elementary",95682
"3062",9,61838,6110456,2,2012,111,84,"Silva Valley Elementary",95762
"3063",9,61838,6110456,3,2012,111,90.5,"Silva Valley Elementary",95762
"3064",9,61838,6110456,4,2012,111,87.4931506849315,"Silva Valley Elementary",95762
"3065",9,61838,6110456,5,2012,111,90.6666666666667,"Silva Valley Elementary",95762
"3066",9,61838,6112361,6,2012,31,53.3035714285714,"Rolling Hills Middle",95762
"3067",9,61838,6112361,6,2012,111,82.9963898916968,"Rolling Hills Middle",95762
"3068",9,61838,6112361,7,2012,31,67,"Rolling Hills Middle",95762
"3069",9,61838,6112361,7,2012,111,88.0036036036036,"Rolling Hills Middle",95762
"3070",9,61838,6112361,8,2012,31,69.3529411764706,"Rolling Hills Middle",95762
"3071",9,61838,6112361,8,2012,111,81.9290976058932,"Rolling Hills Middle",95762
"3072",9,61846,6005482,2,2012,31,66,"Camino Elementary",95709
"3073",9,61846,6005482,2,2012,111,80,"Camino Elementary",95709
"3074",9,61846,6005482,3,2012,31,72,"Camino Elementary",95709
"3075",9,61846,6005482,3,2012,111,80.1142857142857,"Camino Elementary",95709
"3076",9,61846,6005482,4,2012,31,79.3488372093023,"Camino Elementary",95709
"3077",9,61846,6005482,4,2012,111,97,"Camino Elementary",95709
"3078",9,61846,6005482,5,2012,31,58.3333333333333,"Camino Elementary",95709
"3079",9,61846,6005482,5,2012,111,83.3333333333333,"Camino Elementary",95709
"3080",9,61846,6005482,6,2012,31,67.593220338983,"Camino Elementary",95709
"3081",9,61846,6005482,6,2012,111,91.5,"Camino Elementary",95709
"3082",9,61846,6005482,7,2012,31,82.6857142857143,"Camino Elementary",95709
"3083",9,61846,6005482,7,2012,111,96,"Camino Elementary",95709
"3084",9,61846,6005482,8,2012,31,66.4943820224719,"Camino Elementary",95709
"3085",9,61846,6005482,8,2012,111,75.578431372549,"Camino Elementary",95709
"3086",9,61853,930081,9,2012,31,66.1237113402062,"Oak Ridge High",95762
"3087",9,61853,930081,9,2012,111,78.1057934508816,"Oak Ridge High",95762
"3088",9,61853,930081,10,2012,31,58.8354430379747,"Oak Ridge High",95762
"3089",9,61853,930081,10,2012,111,77.1691480562448,"Oak Ridge High",95762
"3090",9,61853,930081,11,2012,31,51.6666666666667,"Oak Ridge High",95762
"3091",9,61853,930081,11,2012,111,70.1324354657688,"Oak Ridge High",95762
"3092",9,61853,930164,9,2012,31,49.4954128440367,"Union Mine High",95623
"3093",9,61853,930164,9,2012,111,63.1214285714286,"Union Mine High",95623
"3094",9,61853,930164,10,2012,31,51.4478114478114,"Union Mine High",95623
"3095",9,61853,930164,10,2012,111,61.8484848484849,"Union Mine High",95623
"3096",9,61853,930164,11,2012,31,52.3486842105263,"Union Mine High",95623
"3097",9,61853,930164,11,2012,111,62.8564593301435,"Union Mine High",95623
"3098",9,61853,932756,9,2012,31,48.0633608815427,"El Dorado High",95667
"3099",9,61853,932756,9,2012,111,59.2062314540059,"El Dorado High",95667
"3100",9,61853,932756,10,2012,31,45.8411053540587,"El Dorado High",95667
"3101",9,61853,932756,10,2012,111,62.259779338014,"El Dorado High",95667
"3102",9,61853,932756,11,2012,31,43.1369863013699,"El Dorado High",95667
"3103",9,61853,932756,11,2012,111,57.2583333333333,"El Dorado High",95667
"3104",9,61853,936302,9,2012,31,47.5294117647059,"Ponderosa High",95682
"3105",9,61853,936302,9,2012,111,75.9001721170396,"Ponderosa High",95682
"3106",9,61853,936302,10,2012,31,60.981308411215,"Ponderosa High",95682
"3107",9,61853,936302,10,2012,111,70.1133909287257,"Ponderosa High",95682
"3108",9,61853,936302,11,2012,31,51.398773006135,"Ponderosa High",95682
"3109",9,61853,936302,11,2012,111,66.811919504644,"Ponderosa High",95682
"3110",9,61879,6005508,2,2012,31,71.5,"Gold Oak Elementary",95667
"3111",9,61879,6005508,2,2012,111,82.5,"Gold Oak Elementary",95667
"3112",9,61879,6005508,3,2012,31,46.5,"Gold Oak Elementary",95667
"3113",9,61879,6005508,3,2012,111,70.5,"Gold Oak Elementary",95667
"3114",9,61879,6005508,4,2012,31,40.5,"Gold Oak Elementary",95667
"3115",9,61879,6005508,4,2012,111,68,"Gold Oak Elementary",95667
"3116",9,61879,6005508,5,2012,31,55.3333333333333,"Gold Oak Elementary",95667
"3117",9,61879,6005508,5,2012,111,64.2739726027397,"Gold Oak Elementary",95667
"3118",9,61879,6109698,6,2012,31,32.5,"Pleasant Valley Middle",95667
"3119",9,61879,6109698,6,2012,111,50,"Pleasant Valley Middle",95667
"3120",9,61879,6109698,7,2012,31,58,"Pleasant Valley Middle",95667
"3121",9,61879,6109698,7,2012,111,83.0285714285714,"Pleasant Valley Middle",95667
"3122",9,61879,6109698,8,2012,31,67.8354430379747,"Pleasant Valley Middle",95667
"3123",9,61879,6109698,8,2012,111,76.75,"Pleasant Valley Middle",95667
"3124",9,61887,6005516,4,2012,31,69,"Gold Trail",95667
"3125",9,61887,6005516,4,2012,111,86,"Gold Trail",95667
"3126",9,61887,6005516,5,2012,31,58.3333333333333,"Gold Trail",95667
"3127",9,61887,6005516,5,2012,111,66.6666666666667,"Gold Trail",95667
"3128",9,61887,6005516,6,2012,31,47.4782608695652,"Gold Trail",95667
"3129",9,61887,6005516,6,2012,111,61.8089887640449,"Gold Trail",95667
"3130",9,61887,6005516,7,2012,111,78.0679611650485,"Gold Trail",95667
"3131",9,61887,6005516,8,2012,111,81.7677419354839,"Gold Trail",95667
"3132",9,61903,930040,11,2012,31,10,"Mt. Tallac High",96150
"3133",9,61903,930040,11,2012,111,0,"Mt. Tallac High",96150
"3134",9,61903,937805,9,2012,31,41.1596385542169,"South Tahoe High",96150
"3135",9,61903,937805,9,2012,111,63.5375375375375,"South Tahoe High",96150
"3136",9,61903,937805,10,2012,31,31.1707717569787,"South Tahoe High",96150
"3137",9,61903,937805,10,2012,111,66.8513731825525,"South Tahoe High",96150
"3138",9,61903,937805,11,2012,31,29.6580459770115,"South Tahoe High",96150
"3139",9,61903,937805,11,2012,111,50.8152709359606,"South Tahoe High",96150
"3140",9,61903,6005540,2,2012,31,22.5,"Bijou Community",96150
"3141",9,61903,6005540,2,2012,111,70.5,"Bijou Community",96150
"3142",9,61903,6005540,3,2012,31,28.6371681415929,"Bijou Community",96150
"3143",9,61903,6005540,3,2012,111,77.5,"Bijou Community",96150
"3144",9,61903,6005540,4,2012,31,31.4953271028037,"Bijou Community",96150
"3145",9,61903,6005540,4,2012,111,96.5,"Bijou Community",96150
"3146",9,61903,6005540,5,2012,31,29.3164556962025,"Bijou Community",96150
"3147",9,61903,6005565,6,2012,31,51.5017793594306,"South Tahoe Middle",96150
"3148",9,61903,6005565,6,2012,111,80,"South Tahoe Middle",96150
"3149",9,61903,6005565,7,2012,31,52.9893238434164,"South Tahoe Middle",96150
"3150",9,61903,6005565,7,2012,111,85,"South Tahoe Middle",96150
"3151",9,61903,6005565,8,2012,31,38.4533106960951,"South Tahoe Middle",96150
"3152",9,61903,6005565,8,2012,111,76.7717948717949,"South Tahoe Middle",96150
"3153",9,61903,6005573,2,2012,31,64.4021739130435,"Tahoe Valley Elementary",96150
"3154",9,61903,6005573,2,2012,111,81.5,"Tahoe Valley Elementary",96150
"3155",9,61903,6005573,3,2012,31,52,"Tahoe Valley Elementary",96150
"3156",9,61903,6005573,3,2012,111,74.2571428571429,"Tahoe Valley Elementary",96150
"3157",9,61903,6005573,5,2012,31,68.5725190839695,"Tahoe Valley Elementary",96150
"3158",9,61903,6005573,5,2012,111,71.4285714285714,"Tahoe Valley Elementary",96150
"3159",9,61903,6095301,2,2012,31,56.5,"Sierra House Elementary",96150
"3160",9,61903,6095301,2,2012,111,84,"Sierra House Elementary",96150
"3161",9,61903,6095301,3,2012,31,48.4838709677419,"Sierra House Elementary",96150
"3162",9,61903,6095301,3,2012,111,80,"Sierra House Elementary",96150
"3163",9,61903,6095301,4,2012,31,65.433734939759,"Sierra House Elementary",96150
"3164",9,61903,6095301,4,2012,111,97,"Sierra House Elementary",96150
"3165",9,61903,6095301,5,2012,31,55.343023255814,"Sierra House Elementary",96150
"3166",9,61903,6095301,5,2012,111,87,"Sierra House Elementary",96150
"3167",9,61911,6005581,2,2012,111,92,"Latrobe Elementary",95682
"3168",9,61911,6005581,3,2012,111,81,"Latrobe Elementary",95682
"3169",9,61911,6103857,4,2012,111,97,"Miller's Hill",95682
"3170",9,61911,6103857,5,2012,111,92,"Miller's Hill",95682
"3171",9,61911,6103857,6,2012,111,92.5,"Miller's Hill",95682
"3172",9,61911,6103857,7,2012,111,94,"Miller's Hill",95682
"3173",9,61911,6103857,8,2012,111,93.75,"Miller's Hill",95682
"3174",9,61929,6005615,5,2012,31,35,"Herbert C. Green Middle",95667
"3175",9,61929,6005615,5,2012,111,59,"Herbert C. Green Middle",95667
"3176",9,61929,6005615,6,2012,31,60.4880952380952,"Herbert C. Green Middle",95667
"3177",9,61929,6005615,6,2012,111,71.006711409396,"Herbert C. Green Middle",95667
"3178",9,61929,6005615,7,2012,31,80,"Herbert C. Green Middle",95667
"3179",9,61929,6005615,7,2012,111,79.5,"Herbert C. Green Middle",95667
"3180",9,61929,6005615,8,2012,31,70.75,"Herbert C. Green Middle",95667
"3181",9,61929,6005615,8,2012,111,76.8965517241379,"Herbert C. Green Middle",95667
"3182",9,61929,6106678,2,2012,31,62,"Indian Creek Elementary",95667
"3183",9,61929,6106678,2,2012,111,79,"Indian Creek Elementary",95667
"3184",9,61929,6106678,3,2012,31,48.2,"Indian Creek Elementary",95667
"3185",9,61929,6106678,3,2012,111,69.6,"Indian Creek Elementary",95667
"3186",9,61929,6106678,4,2012,31,71.4042553191489,"Indian Creek Elementary",95667
"3187",9,61929,6106678,4,2012,111,82.0176991150443,"Indian Creek Elementary",95667
"3188",9,61945,6005631,2,2012,31,42.5,"Pioneer Elementary",95684
"3189",9,61945,6005631,2,2012,111,74,"Pioneer Elementary",95684
"3190",9,61945,6005631,4,2012,31,61,"Pioneer Elementary",95684
"3191",9,61945,6005631,5,2012,31,56.7027027027027,"Pioneer Elementary",95684
"3192",9,61945,6005631,5,2012,111,92.5128205128205,"Pioneer Elementary",95684
"3193",9,61945,6112569,6,2012,31,52.5,"Mountain Creek Middle",95684
"3194",9,61945,6112569,6,2012,111,80.5,"Mountain Creek Middle",95684
"3195",9,61945,6112569,7,2012,31,84,"Mountain Creek Middle",95684
"3196",9,61945,6112569,7,2012,111,90,"Mountain Creek Middle",95684
"3197",9,61945,6112569,8,2012,31,65.4266666666667,"Mountain Creek Middle",95684
"3198",9,61945,6112569,8,2012,111,78.5957446808511,"Mountain Creek Middle",95684
"3199",9,61952,6005656,2,2012,31,64.5,"Louisiana Schnell Elementary",95667
"3200",9,61952,6005656,2,2012,111,68.5,"Louisiana Schnell Elementary",95667
"3201",9,61952,6005656,3,2012,31,49.1754385964912,"Louisiana Schnell Elementary",95667
"3202",9,61952,6005656,3,2012,111,70,"Louisiana Schnell Elementary",95667
"3203",9,61952,6005656,4,2012,31,61.8666666666667,"Louisiana Schnell Elementary",95667
"3204",9,61952,6005656,4,2012,111,94,"Louisiana Schnell Elementary",95667
"3205",9,61952,6005656,5,2012,31,60.6460674157303,"Louisiana Schnell Elementary",95667
"3206",9,61952,6005656,5,2012,111,77.7462686567164,"Louisiana Schnell Elementary",95667
"3207",9,61960,6005680,2,2012,31,53.5,"Pinewood Elementary",95726
"3208",9,61960,6005680,2,2012,111,67,"Pinewood Elementary",95726
"3209",9,61960,6005680,3,2012,31,42.3636363636364,"Pinewood Elementary",95726
"3210",9,61960,6005680,3,2012,111,77,"Pinewood Elementary",95726
"3211",9,61960,6005680,4,2012,31,63.972602739726,"Pinewood Elementary",95726
"3212",9,61960,6005680,4,2012,111,79.5084745762712,"Pinewood Elementary",95726
"3213",9,61960,6107437,5,2012,31,53.3333333333333,"Sierra Ridge Middle",95726
"3214",9,61960,6107437,5,2012,111,86.6666666666667,"Sierra Ridge Middle",95726
"3215",9,61960,6107437,6,2012,31,43.5,"Sierra Ridge Middle",95726
"3216",9,61960,6107437,6,2012,111,56.5,"Sierra Ridge Middle",95726
"3217",9,61960,6107437,7,2012,31,60.5,"Sierra Ridge Middle",95726
"3218",9,61960,6107437,7,2012,111,75,"Sierra Ridge Middle",95726
"3219",9,61960,6107437,8,2012,31,52.2536231884058,"Sierra Ridge Middle",95726
"3220",9,61960,6107437,8,2012,111,50.6588235294118,"Sierra Ridge Middle",95726
"3221",9,61978,101519,6,2012,31,67.5,"Pleasant Grove Middle",95672
"3222",9,61978,101519,6,2012,111,85,"Pleasant Grove Middle",95672
"3223",9,61978,101519,7,2012,31,83.5,"Pleasant Grove Middle",95672
"3224",9,61978,101519,7,2012,111,84.6761565836299,"Pleasant Grove Middle",95672
"3225",9,61978,101519,8,2012,31,47.8974358974359,"Pleasant Grove Middle",95672
"3226",9,61978,101519,8,2012,111,79.4720670391062,"Pleasant Grove Middle",95672
"3227",9,61978,108258,2,2012,111,86,"Lakeview Elementary",95762
"3228",9,61978,108258,3,2012,111,84,"Lakeview Elementary",95762
"3229",9,61978,108258,4,2012,111,90.5,"Lakeview Elementary",95762
"3230",9,61978,108258,5,2012,111,88,"Lakeview Elementary",95762
"3231",9,61978,6005706,2,2012,111,84.0280373831776,"Jackson Elementary",95762
"3232",9,61978,6005706,3,2012,111,85.1372549019608,"Jackson Elementary",95762
"3233",9,61978,6005706,4,2012,31,73,"Jackson Elementary",95762
"3234",9,61978,6005706,4,2012,111,96,"Jackson Elementary",95762
"3235",9,61978,6005706,5,2012,111,88,"Jackson Elementary",95762
"3236",9,61978,6005714,2,2012,31,81.5,"Rescue Elementary",95672
"3237",9,61978,6005714,2,2012,111,75.5,"Rescue Elementary",95672
"3238",9,61978,6005714,3,2012,31,44.5,"Rescue Elementary",95672
"3239",9,61978,6005714,3,2012,111,63,"Rescue Elementary",95672
"3240",9,61978,6005714,4,2012,31,57.8181818181818,"Rescue Elementary",95672
"3241",9,61978,6005714,4,2012,111,87,"Rescue Elementary",95672
"3242",9,61978,6005714,5,2012,31,63.7073170731707,"Rescue Elementary",95672
"3243",9,61978,6005714,5,2012,111,77.609756097561,"Rescue Elementary",95672
"3244",9,61978,6098693,2,2012,31,48.5,"Green Valley Elementary",95672
"3245",9,61978,6098693,2,2012,111,81,"Green Valley Elementary",95672
"3246",9,61978,6098693,3,2012,31,48.5,"Green Valley Elementary",95672
"3247",9,61978,6098693,3,2012,111,75.5646258503401,"Green Valley Elementary",95672
"3248",9,61978,6098693,4,2012,31,57.6170212765957,"Green Valley Elementary",95672
"3249",9,61978,6098693,4,2012,111,85.5141242937853,"Green Valley Elementary",95672
"3250",9,61978,6098693,5,2012,31,64,"Green Valley Elementary",95672
"3251",9,61978,6098693,5,2012,111,84.3219178082192,"Green Valley Elementary",95672
"3252",9,61978,6103527,6,2012,31,44.5555555555556,"Marina Village Middle",95762
"3253",9,61978,6103527,6,2012,111,83.5,"Marina Village Middle",95762
"3254",9,61978,6103527,7,2012,31,68,"Marina Village Middle",95762
"3255",9,61978,6103527,7,2012,111,81.8406374501992,"Marina Village Middle",95762
"3256",9,61978,6103527,8,2012,31,69.2307692307692,"Marina Village Middle",95762
"3257",9,61978,6103527,8,2012,111,78.963829787234,"Marina Village Middle",95762
"3258",9,61978,6109441,2,2012,111,89,"Lake Forest Elementary",95762
"3259",9,61978,6109441,3,2012,111,82.5283018867924,"Lake Forest Elementary",95762
"3260",9,61978,6109441,4,2012,111,89.5,"Lake Forest Elementary",95762
"3261",9,61978,6109441,5,2012,111,90.9897959183673,"Lake Forest Elementary",95762
"3262",9,73783,6005490,2,2012,31,43,"Georgetown Elementary",95634
"3263",9,73783,6005490,2,2012,111,46,"Georgetown Elementary",95634
"3264",9,73783,6005490,3,2012,31,47.5,"Georgetown Elementary",95634
"3265",9,73783,6005490,3,2012,111,45.1612903225806,"Georgetown Elementary",95634
"3266",9,73783,6005490,4,2012,31,71,"Georgetown Elementary",95634
"3267",9,73783,6005490,4,2012,111,64.4705882352941,"Georgetown Elementary",95634
"3268",9,73783,6005490,5,2012,31,36.6578947368421,"Georgetown Elementary",95634
"3269",9,73783,6005490,5,2012,111,47.3333333333333,"Georgetown Elementary",95634
"3270",9,73783,6005490,6,2012,31,32.4186046511628,"Georgetown Elementary",95634
"3271",9,73783,6005490,6,2012,111,65,"Georgetown Elementary",95634
"3272",9,73783,6005490,7,2012,31,54.1621621621622,"Georgetown Elementary",95634
"3273",9,73783,6005490,7,2012,111,71.4285714285714,"Georgetown Elementary",95634
"3274",9,73783,6005490,8,2012,31,59.98,"Georgetown Elementary",95634
"3275",9,73783,6005490,8,2012,111,72.3611111111111,"Georgetown Elementary",95634
"3276",9,73783,6005623,2,2012,31,52.5,"Northside Elementary",95614
"3277",9,73783,6005623,2,2012,111,66.5,"Northside Elementary",95614
"3278",9,73783,6005623,3,2012,31,82,"Northside Elementary",95614
"3279",9,73783,6005623,3,2012,111,66.5,"Northside Elementary",95614
"3280",9,73783,6005623,4,2012,31,44.6666666666667,"Northside Elementary",95614
"3281",9,73783,6005623,4,2012,111,75.4754098360656,"Northside Elementary",95614
"3282",9,73783,6005623,5,2012,111,75.6666666666667,"Northside Elementary",95614
"3283",9,73783,6005623,6,2012,31,41,"Northside Elementary",95614
"3284",9,73783,6005623,6,2012,111,58,"Northside Elementary",95614
"3285",9,73783,6005623,7,2012,31,27.5,"Northside Elementary",95614
"3286",9,73783,6005623,7,2012,111,72.3137254901961,"Northside Elementary",95614
"3287",9,73783,6005623,8,2012,31,32.7671232876712,"Northside Elementary",95614
"3288",9,73783,6005623,8,2012,111,56.952,"Northside Elementary",95614
"3289",10,10108,6085112,2,2012,31,52,"Edison-Bethune Charter Academy",93706
"3290",10,10108,6085112,3,2012,31,55.7894736842105,"Edison-Bethune Charter Academy",93706
"3291",10,10108,6085112,4,2012,31,56.0569105691057,"Edison-Bethune Charter Academy",93706
"3292",10,10108,6085112,5,2012,31,40.6666666666667,"Edison-Bethune Charter Academy",93706
"3293",10,10108,6085112,6,2012,31,67.0165289256198,"Edison-Bethune Charter Academy",93706
"3294",10,61994,6005730,2,2012,31,42,"Alvina Elementary Charter",93609
"3295",10,61994,6005730,3,2012,31,37.5,"Alvina Elementary Charter",93609
"3296",10,61994,6005730,4,2012,31,13,"Alvina Elementary Charter",93609
"3297",10,61994,6005730,5,2012,31,24.6666666666667,"Alvina Elementary Charter",93609
"3298",10,61994,6005730,6,2012,31,48.1111111111111,"Alvina Elementary Charter",93609
"3299",10,61994,6005730,7,2012,31,60,"Alvina Elementary Charter",93609
"3300",10,61994,6005730,8,2012,31,47.3780487804878,"Alvina Elementary Charter",93609
"3301",10,62042,6005797,2,2012,31,45.5,"Burrel Elementary",93656
"3302",10,62042,6005797,6,2012,31,41,"Burrel Elementary",93656
"3303",10,62042,6005797,7,2012,31,43,"Burrel Elementary",93656
"3304",10,62109,6005839,2,2012,111,73.5,"Clay Elementary",93631
"3305",10,62109,6005839,3,2012,111,66,"Clay Elementary",93631
"3306",10,62109,6005839,4,2012,111,92,"Clay Elementary",93631
"3307",10,62109,6005839,5,2012,111,83.6666666666667,"Clay Elementary",93631
"3308",10,62109,6005839,6,2012,111,67.5,"Clay Elementary",93631
"3309",10,62109,6005839,7,2012,111,84,"Clay Elementary",93631
"3310",10,62109,6005839,8,2012,111,94,"Clay Elementary",93631
"3311",10,62117,108142,2,2012,31,83.5,"Woods (Harold L.) Elementary",93619
"3312",10,62117,108142,2,2012,111,90,"Woods (Harold L.) Elementary",93619
"3313",10,62117,108142,3,2012,31,70.5,"Woods (Harold L.) Elementary",93619
"3314",10,62117,108142,3,2012,111,87.5,"Woods (Harold L.) Elementary",93619
"3315",10,62117,108142,4,2012,31,69.5,"Woods (Harold L.) Elementary",93619
"3316",10,62117,108142,4,2012,111,93.5,"Woods (Harold L.) Elementary",93619
"3317",10,62117,108142,5,2012,31,71,"Woods (Harold L.) Elementary",93619
"3318",10,62117,108142,5,2012,111,96.3333333333333,"Woods (Harold L.) Elementary",93619
"3319",10,62117,108142,6,2012,31,76.5,"Woods (Harold L.) Elementary",93619
"3320",10,62117,108142,6,2012,111,81.5147928994083,"Woods (Harold L.) Elementary",93619
"3321",10,62117,111153,2,2012,31,71,"Reagan Elementary",93619
"3322",10,62117,111153,2,2012,111,89,"Reagan Elementary",93619
"3323",10,62117,111153,3,2012,31,75,"Reagan Elementary",93619
"3324",10,62117,111153,3,2012,111,94.5,"Reagan Elementary",93619
"3325",10,62117,111153,4,2012,31,78.5,"Reagan Elementary",93619
"3326",10,62117,111153,4,2012,111,87.5696202531646,"Reagan Elementary",93619
"3327",10,62117,111153,5,2012,31,77.7105263157895,"Reagan Elementary",93619
"3328",10,62117,111153,5,2012,111,87,"Reagan Elementary",93619
"3329",10,62117,111153,6,2012,31,67.5,"Reagan Elementary",93619
"3330",10,62117,111153,6,2012,111,87.9887640449438,"Reagan Elementary",93619
"3331",10,62117,113548,7,2012,31,77.5104166666667,"Granite Ridge Intermediate",93730
"3332",10,62117,113548,7,2012,111,87.8229508196721,"Granite Ridge Intermediate",93730
"3333",10,62117,113548,8,2012,31,64.806,"Granite Ridge Intermediate",93730
"3334",10,62117,113548,8,2012,111,83.9727171492205,"Granite Ridge Intermediate",93730
"3335",10,62117,113555,9,2012,31,67.0801687763713,"Clovis North High",93730
"3336",10,62117,113555,9,2012,111,79.6977928692699,"Clovis North High",93730
"3337",10,62117,113555,10,2012,31,59.9328859060403,"Clovis North High",93730
"3338",10,62117,113555,10,2012,111,72.4544468546638,"Clovis North High",93730
"3339",10,62117,113555,11,2012,31,55.0071174377224,"Clovis North High",93730
"3340",10,62117,113555,11,2012,111,64.7958397534669,"Clovis North High",93730
"3341",10,62117,113563,2,2012,31,65.5,"Bud Rank Elementary",93619
"3342",10,62117,113563,2,2012,111,88.5,"Bud Rank Elementary",93619
"3343",10,62117,113563,3,2012,31,83,"Bud Rank Elementary",93619
"3344",10,62117,113563,3,2012,111,86.5,"Bud Rank Elementary",93619
"3345",10,62117,113563,4,2012,31,75,"Bud Rank Elementary",93619
"3346",10,62117,113563,4,2012,111,92.5,"Bud Rank Elementary",93619
"3347",10,62117,113563,5,2012,31,76.6666666666667,"Bud Rank Elementary",93619
"3348",10,62117,113563,5,2012,111,96.3411764705882,"Bud Rank Elementary",93619
"3349",10,62117,113563,6,2012,31,66,"Bud Rank Elementary",93619
"3350",10,62117,113563,6,2012,111,92,"Bud Rank Elementary",93619
"3351",10,62117,118018,9,2012,31,30.3913043478261,"Clovis Online Charter",93611
"3352",10,62117,118018,9,2012,111,28.7789473684211,"Clovis Online Charter",93611
"3353",10,62117,118018,10,2012,31,20.7295081967213,"Clovis Online Charter",93611
"3354",10,62117,118018,10,2012,111,29.3128205128205,"Clovis Online Charter",93611
"3355",10,62117,118018,11,2012,31,18.5915492957746,"Clovis Online Charter",93611
"3356",10,62117,118018,11,2012,111,21.8223350253807,"Clovis Online Charter",93611
"3357",10,62117,123869,2,2012,31,53.5,"Roger S. Oraze Elementary",93727
"3358",10,62117,123869,2,2012,111,84,"Roger S. Oraze Elementary",93727
"3359",10,62117,123869,3,2012,31,63.5,"Roger S. Oraze Elementary",93727
"3360",10,62117,123869,3,2012,111,87.5616438356164,"Roger S. Oraze Elementary",93727
"3361",10,62117,123869,4,2012,31,79,"Roger S. Oraze Elementary",93727
"3362",10,62117,123869,4,2012,111,94.0461538461538,"Roger S. Oraze Elementary",93727
"3363",10,62117,123869,5,2012,31,58.6666666666667,"Roger S. Oraze Elementary",93727
"3364",10,62117,123869,5,2012,111,81.3333333333333,"Roger S. Oraze Elementary",93727
"3365",10,62117,123869,6,2012,31,57,"Roger S. Oraze Elementary",93727
"3366",10,62117,123869,6,2012,111,78.5,"Roger S. Oraze Elementary",93727
"3367",10,62117,1030196,9,2012,31,50.4064516129032,"Clovis West High",93720
"3368",10,62117,1030196,9,2012,111,78.4196689386563,"Clovis West High",93720
"3369",10,62117,1030196,10,2012,31,44.3167053364269,"Clovis West High",93720
"3370",10,62117,1030196,10,2012,111,68.9635352286774,"Clovis West High",93720
"3371",10,62117,1030196,11,2012,31,42.492385786802,"Clovis West High",93720
"3372",10,62117,1030196,11,2012,111,67.2012882447665,"Clovis West High",93720
"3373",10,62117,1030501,9,2012,31,56.2073643410853,"Buchanan High",93611
"3374",10,62117,1030501,9,2012,111,76.642523364486,"Buchanan High",93611
"3375",10,62117,1030501,10,2012,31,52.3224592220828,"Buchanan High",93611
"3376",10,62117,1030501,10,2012,111,73.8673094582185,"Buchanan High",93611
"3377",10,62117,1030501,11,2012,31,44.8258823529412,"Buchanan High",93611
"3378",10,62117,1030501,11,2012,111,62.7717462393721,"Buchanan High",93611
"3379",10,62117,1030683,9,2012,31,50.8811274509804,"Clovis East High",93611
"3380",10,62117,1030683,9,2012,111,74.6909581646424,"Clovis East High",93611
"3381",10,62117,1030683,10,2012,31,52.0085205267235,"Clovis East High",93611
"3382",10,62117,1030683,10,2012,111,67.5372050816697,"Clovis East High",93611
"3383",10,62117,1030683,11,2012,31,43.2530712530713,"Clovis East High",93611
"3384",10,62117,1030683,11,2012,111,56.1578341013825,"Clovis East High",93611
"3385",10,62117,1031004,10,2012,31,6.82840236686391,"Gateway High (Continuation)",93611
"3386",10,62117,1031004,10,2012,111,31.9285714285714,"Gateway High (Continuation)",93611
"3387",10,62117,1031004,11,2012,31,9.96172248803828,"Gateway High (Continuation)",93611
"3388",10,62117,1031004,11,2012,111,11.8157894736842,"Gateway High (Continuation)",93611
"3389",10,62117,1031053,9,2012,31,54.5427901524033,"Clovis High",93611
"3390",10,62117,1031053,9,2012,111,76.3738819320215,"Clovis High",93611
"3391",10,62117,1031053,10,2012,31,51.3855585831063,"Clovis High",93611
"3392",10,62117,1031053,10,2012,111,65.0183976261128,"Clovis High",93611
"3393",10,62117,1031053,11,2012,31,42.1704668838219,"Clovis High",93611
"3394",10,62117,1031053,11,2012,111,62.6033690658499,"Clovis High",93611
"3395",10,62117,6005847,2,2012,31,74,"Cole Elementary",93612
"3396",10,62117,6005847,2,2012,111,84,"Cole Elementary",93612
"3397",10,62117,6005847,3,2012,31,74.5,"Cole Elementary",93612
"3398",10,62117,6005847,3,2012,111,89.2842105263158,"Cole Elementary",93612
"3399",10,62117,6005847,4,2012,31,76.0084033613445,"Cole Elementary",93612
"3400",10,62117,6005847,4,2012,111,88.4494382022472,"Cole Elementary",93612
"3401",10,62117,6005847,5,2012,31,72,"Cole Elementary",93612
"3402",10,62117,6005847,5,2012,111,88,"Cole Elementary",93612
"3403",10,62117,6005847,6,2012,31,69.5108695652174,"Cole Elementary",93612
"3404",10,62117,6005847,6,2012,111,73.5,"Cole Elementary",93612
"3405",10,62117,6005870,2,2012,31,71,"Jefferson Elementary",93611
"3406",10,62117,6005870,2,2012,111,87,"Jefferson Elementary",93611
"3407",10,62117,6005870,3,2012,31,87.5,"Jefferson Elementary",93611
"3408",10,62117,6005870,3,2012,111,91.5,"Jefferson Elementary",93611
"3409",10,62117,6005870,4,2012,31,67.5,"Jefferson Elementary",93611
"3410",10,62117,6005870,4,2012,111,85,"Jefferson Elementary",93611
"3411",10,62117,6005870,5,2012,31,69,"Jefferson Elementary",93611
"3412",10,62117,6005870,5,2012,111,85,"Jefferson Elementary",93611
"3413",10,62117,6005870,6,2012,31,63.5742574257426,"Jefferson Elementary",93611
"3414",10,62117,6005870,6,2012,111,79.5,"Jefferson Elementary",93611
"3415",10,62117,6005888,2,2012,31,69,"Nelson Elementary",93650
"3416",10,62117,6005888,2,2012,111,100,"Nelson Elementary",93650
"3417",10,62117,6005888,3,2012,31,67.5,"Nelson Elementary",93650
"3418",10,62117,6005888,3,2012,111,92,"Nelson Elementary",93650
"3419",10,62117,6005888,4,2012,31,86.970297029703,"Nelson Elementary",93650
"3420",10,62117,6005888,4,2012,111,97,"Nelson Elementary",93650
"3421",10,62117,6005888,5,2012,31,58.5841584158416,"Nelson Elementary",93650
"3422",10,62117,6005888,5,2012,111,88,"Nelson Elementary",93650
"3423",10,62117,6005888,6,2012,31,70.5,"Nelson Elementary",93650
"3424",10,62117,6005888,6,2012,111,87.0377358490566,"Nelson Elementary",93650
"3425",10,62117,6005904,2,2012,31,57,"Sierra Vista Elementary",93612
"3426",10,62117,6005904,3,2012,31,60.5959595959596,"Sierra Vista Elementary",93612
"3427",10,62117,6005904,4,2012,31,78.037037037037,"Sierra Vista Elementary",93612
"3428",10,62117,6005904,5,2012,31,53.6666666666667,"Sierra Vista Elementary",93612
"3429",10,62117,6005904,6,2012,31,55.75,"Sierra Vista Elementary",93612
"3430",10,62117,6005912,2,2012,31,73,"Tarpey Elementary",93612
"3431",10,62117,6005912,2,2012,111,64,"Tarpey Elementary",93612
"3432",10,62117,6005912,3,2012,31,55.5,"Tarpey Elementary",93612
"3433",10,62117,6005912,3,2012,111,60.5,"Tarpey Elementary",93612
"3434",10,62117,6005912,4,2012,31,71.5,"Tarpey Elementary",93612
"3435",10,62117,6005912,4,2012,111,77,"Tarpey Elementary",93612
"3436",10,62117,6005912,5,2012,31,56,"Tarpey Elementary",93612
"3437",10,62117,6005912,5,2012,111,58,"Tarpey Elementary",93612
"3438",10,62117,6005912,6,2012,31,60.5,"Tarpey Elementary",93612
"3439",10,62117,6005912,6,2012,111,83,"Tarpey Elementary",93612
"3440",10,62117,6005938,2,2012,31,65,"Weldon Elementary",93612
"3441",10,62117,6005938,2,2012,111,69,"Weldon Elementary",93612
"3442",10,62117,6005938,3,2012,31,76,"Weldon Elementary",93612
"3443",10,62117,6005938,3,2012,111,66.5,"Weldon Elementary",93612
"3444",10,62117,6005938,4,2012,31,74.5075757575758,"Weldon Elementary",93612
"3445",10,62117,6005938,4,2012,111,67.0666666666667,"Weldon Elementary",93612
"3446",10,62117,6005938,5,2012,31,43.3189189189189,"Weldon Elementary",93612
"3447",10,62117,6005938,5,2012,111,64.32,"Weldon Elementary",93612
"3448",10,62117,6005938,6,2012,31,52,"Weldon Elementary",93612
"3449",10,62117,6005938,6,2012,111,81,"Weldon Elementary",93612
"3450",10,62117,6066617,7,2012,31,64.0355486862442,"Clark Intermediate",93612
"3451",10,62117,6066617,7,2012,111,76.4460028050491,"Clark Intermediate",93612
"3452",10,62117,6066617,8,2012,31,51.0162074554295,"Clark Intermediate",93612
"3453",10,62117,6066617,8,2012,111,70.8728323699422,"Clark Intermediate",93612
"3454",10,62117,6097026,2,2012,31,78.5,"Miramonte Elementary",93611
"3455",10,62117,6097026,2,2012,111,86,"Miramonte Elementary",93611
"3456",10,62117,6097026,3,2012,31,58.1818181818182,"Miramonte Elementary",93611
"3457",10,62117,6097026,3,2012,111,89.5,"Miramonte Elementary",93611
"3458",10,62117,6097026,4,2012,31,74.5063291139241,"Miramonte Elementary",93611
"3459",10,62117,6097026,4,2012,111,90.5,"Miramonte Elementary",93611
"3460",10,62117,6097026,5,2012,31,81.0103626943005,"Miramonte Elementary",93611
"3461",10,62117,6097026,5,2012,111,85.3333333333333,"Miramonte Elementary",93611
"3462",10,62117,6097026,6,2012,31,64.9393939393939,"Miramonte Elementary",93611
"3463",10,62117,6097026,6,2012,111,54,"Miramonte Elementary",93611
"3464",10,62117,6100408,2,2012,31,78.4953271028037,"Lincoln Elementary",93720
"3465",10,62117,6100408,2,2012,111,82.5,"Lincoln Elementary",93720
"3466",10,62117,6100408,3,2012,31,82.3846153846154,"Lincoln Elementary",93720
"3467",10,62117,6100408,3,2012,111,87,"Lincoln Elementary",93720
"3468",10,62117,6100408,4,2012,31,80,"Lincoln Elementary",93720
"3469",10,62117,6100408,4,2012,111,91,"Lincoln Elementary",93720
"3470",10,62117,6100408,5,2012,31,86,"Lincoln Elementary",93720
"3471",10,62117,6100408,5,2012,111,92,"Lincoln Elementary",93720
"3472",10,62117,6100408,6,2012,31,68.9655172413793,"Lincoln Elementary",93720
"3473",10,62117,6100408,6,2012,111,83.9873417721519,"Lincoln Elementary",93720
"3474",10,62117,6101190,7,2012,31,63.0332541567696,"Kastner Intermediate",93720
"3475",10,62117,6101190,7,2012,111,87.7062706270627,"Kastner Intermediate",93720
"3476",10,62117,6101190,8,2012,31,58.2023668639053,"Kastner Intermediate",93720
"3477",10,62117,6101190,8,2012,111,79.7861896838602,"Kastner Intermediate",93720
"3478",10,62117,6104624,2,2012,31,70,"Mountain View Elementary",93720
"3479",10,62117,6104624,2,2012,111,86,"Mountain View Elementary",93720
"3480",10,62117,6104624,3,2012,31,61.7303370786517,"Mountain View Elementary",93720
"3481",10,62117,6104624,3,2012,111,89,"Mountain View Elementary",93720
"3482",10,62117,6104624,4,2012,31,83.5,"Mountain View Elementary",93720
"3483",10,62117,6104624,4,2012,111,87,"Mountain View Elementary",93720
"3484",10,62117,6104624,5,2012,31,57.6875,"Mountain View Elementary",93720
"3485",10,62117,6104624,5,2012,111,80,"Mountain View Elementary",93720
"3486",10,62117,6104624,6,2012,31,80.5308641975309,"Mountain View Elementary",93720
"3487",10,62117,6104624,6,2012,111,90,"Mountain View Elementary",93720
"3488",10,62117,6106660,2,2012,31,87,"Gettysburg Elementary",93611
"3489",10,62117,6106660,2,2012,111,92,"Gettysburg Elementary",93611
"3490",10,62117,6106660,3,2012,31,70.5957446808511,"Gettysburg Elementary",93611
"3491",10,62117,6106660,3,2012,111,82,"Gettysburg Elementary",93611
"3492",10,62117,6106660,4,2012,31,77.8611111111111,"Gettysburg Elementary",93611
"3493",10,62117,6106660,4,2012,111,78,"Gettysburg Elementary",93611
"3494",10,62117,6106660,5,2012,31,67.9159663865546,"Gettysburg Elementary",93611
"3495",10,62117,6106660,5,2012,111,89.6666666666667,"Gettysburg Elementary",93611
"3496",10,62117,6106660,6,2012,31,81,"Gettysburg Elementary",93611
"3497",10,62117,6106660,6,2012,111,91.979797979798,"Gettysburg Elementary",93611
"3498",10,62117,6108088,2,2012,31,47.5,"Fancher Creek Elementary",93727
"3499",10,62117,6108088,2,2012,111,71,"Fancher Creek Elementary",93727
"3500",10,62117,6108088,3,2012,31,53.0985915492958,"Fancher Creek Elementary",93727
"3501",10,62117,6108088,3,2012,111,77.8387096774194,"Fancher Creek Elementary",93727
"3502",10,62117,6108088,4,2012,31,77.1147540983606,"Fancher Creek Elementary",93727
"3503",10,62117,6108088,4,2012,111,88,"Fancher Creek Elementary",93727
"3504",10,62117,6108088,5,2012,31,65.0730337078652,"Fancher Creek Elementary",93727
"3505",10,62117,6108088,5,2012,111,74.6666666666667,"Fancher Creek Elementary",93727
"3506",10,62117,6108088,6,2012,31,71,"Fancher Creek Elementary",93727
"3507",10,62117,6108088,6,2012,111,79.9113924050633,"Fancher Creek Elementary",93727
"3508",10,62117,6108096,2,2012,31,53,"Valley Oak Elementary",93720
"3509",10,62117,6108096,2,2012,111,91,"Valley Oak Elementary",93720
"3510",10,62117,6108096,3,2012,31,77.5,"Valley Oak Elementary",93720
"3511",10,62117,6108096,3,2012,111,91.0225563909774,"Valley Oak Elementary",93720
"3512",10,62117,6108096,4,2012,31,87.5,"Valley Oak Elementary",93720
"3513",10,62117,6108096,4,2012,111,92.4666666666667,"Valley Oak Elementary",93720
"3514",10,62117,6108096,5,2012,31,77.734693877551,"Valley Oak Elementary",93720
"3515",10,62117,6108096,5,2012,111,88.9840425531915,"Valley Oak Elementary",93720
"3516",10,62117,6108096,6,2012,31,79.5,"Valley Oak Elementary",93720
"3517",10,62117,6108096,6,2012,111,94,"Valley Oak Elementary",93720
"3518",10,62117,6109235,2,2012,31,73,"Pinedale Elementary",93650
"3519",10,62117,6109235,3,2012,31,55.4130434782609,"Pinedale Elementary",93650
"3520",10,62117,6109235,4,2012,31,70.1111111111111,"Pinedale Elementary",93650
"3521",10,62117,6109235,5,2012,31,55.7919463087248,"Pinedale Elementary",93650
"3522",10,62117,6109235,6,2012,31,51.843137254902,"Pinedale Elementary",93650
"3523",10,62117,6109243,2,2012,31,69,"Red Bank Elementary",93611
"3524",10,62117,6109243,2,2012,111,83,"Red Bank Elementary",93611
"3525",10,62117,6109243,3,2012,31,74,"Red Bank Elementary",93611
"3526",10,62117,6109243,3,2012,111,79,"Red Bank Elementary",93611
"3527",10,62117,6109243,4,2012,31,77,"Red Bank Elementary",93611
"3528",10,62117,6109243,4,2012,111,88.5,"Red Bank Elementary",93611
"3529",10,62117,6109243,5,2012,31,80.7671232876712,"Red Bank Elementary",93611
"3530",10,62117,6109243,5,2012,111,90.3333333333333,"Red Bank Elementary",93611
"3531",10,62117,6109243,6,2012,31,90,"Red Bank Elementary",93611
"3532",10,62117,6109243,6,2012,111,86,"Red Bank Elementary",93611
"3533",10,62117,6109912,7,2012,31,66.0284360189574,"Alta Sierra Intermediate",93611
"3534",10,62117,6109912,7,2012,111,87.2169491525424,"Alta Sierra Intermediate",93611
"3535",10,62117,6109912,8,2012,31,59.0234192037471,"Alta Sierra Intermediate",93611
"3536",10,62117,6109912,8,2012,111,80.6367123287671,"Alta Sierra Intermediate",93611
"3537",10,62117,6109920,2,2012,31,88,"Liberty Elementary",93720
"3538",10,62117,6109920,2,2012,111,83.5,"Liberty Elementary",93720
"3539",10,62117,6109920,3,2012,31,91.2,"Liberty Elementary",93720
"3540",10,62117,6109920,3,2012,111,94.040404040404,"Liberty Elementary",93720
"3541",10,62117,6109920,4,2012,31,80,"Liberty Elementary",93720
"3542",10,62117,6109920,4,2012,111,89.5,"Liberty Elementary",93720
"3543",10,62117,6109920,5,2012,31,77.7323943661972,"Liberty Elementary",93720
"3544",10,62117,6109920,5,2012,111,90.6918604651163,"Liberty Elementary",93720
"3545",10,62117,6109920,6,2012,31,91.7837837837838,"Liberty Elementary",93720
"3546",10,62117,6109920,6,2012,111,92.453781512605,"Liberty Elementary",93720
"3547",10,62117,6110258,2,2012,31,68,"Garfield Elementary",93611
"3548",10,62117,6110258,2,2012,111,86.5,"Garfield Elementary",93611
"3549",10,62117,6110258,3,2012,31,54.3714285714286,"Garfield Elementary",93611
"3550",10,62117,6110258,3,2012,111,83.5,"Garfield Elementary",93611
"3551",10,62117,6110258,4,2012,31,80,"Garfield Elementary",93611
"3552",10,62117,6110258,4,2012,111,97,"Garfield Elementary",93611
"3553",10,62117,6110258,5,2012,31,76.6666666666667,"Garfield Elementary",93611
"3554",10,62117,6110258,5,2012,111,89,"Garfield Elementary",93611
"3555",10,62117,6110258,6,2012,31,78.5135135135135,"Garfield Elementary",93611
"3556",10,62117,6110258,6,2012,111,86.9125,"Garfield Elementary",93611
"3557",10,62117,6112742,2,2012,31,77.5,"Maple Creek Elementary",93720
"3558",10,62117,6112742,2,2012,111,95,"Maple Creek Elementary",93720
"3559",10,62117,6112742,3,2012,31,71.7619047619048,"Maple Creek Elementary",93720
"3560",10,62117,6112742,3,2012,111,93.4742857142857,"Maple Creek Elementary",93720
"3561",10,62117,6112742,4,2012,31,82.5,"Maple Creek Elementary",93720
"3562",10,62117,6112742,4,2012,111,90.4964539007092,"Maple Creek Elementary",93720
"3563",10,62117,6112742,5,2012,31,78,"Maple Creek Elementary",93720
"3564",10,62117,6112742,5,2012,111,92.6666666666667,"Maple Creek Elementary",93720
"3565",10,62117,6112742,6,2012,31,68.5757575757576,"Maple Creek Elementary",93720
"3566",10,62117,6112742,6,2012,111,92,"Maple Creek Elementary",93720
"3567",10,62117,6113575,2,2012,31,60.5,"Cedarwood Elementary",93611
"3568",10,62117,6113575,2,2012,111,83.5,"Cedarwood Elementary",93611
"3569",10,62117,6113575,3,2012,31,65.6857142857143,"Cedarwood Elementary",93611
"3570",10,62117,6113575,3,2012,111,88.0731707317073,"Cedarwood Elementary",93611
"3571",10,62117,6113575,4,2012,31,74,"Cedarwood Elementary",93611
"3572",10,62117,6113575,4,2012,111,91.5,"Cedarwood Elementary",93611
"3573",10,62117,6113575,5,2012,31,65.7105263157895,"Cedarwood Elementary",93611
"3574",10,62117,6113575,5,2012,111,78.6531791907514,"Cedarwood Elementary",93611
"3575",10,62117,6113575,6,2012,31,58,"Cedarwood Elementary",93611
"3576",10,62117,6113575,6,2012,111,89,"Cedarwood Elementary",93611
"3577",10,62117,6113583,2,2012,31,68.5,"Copper Hills Elementary",93720
"3578",10,62117,6113583,2,2012,111,91,"Copper Hills Elementary",93720
"3579",10,62117,6113583,3,2012,31,70.5,"Copper Hills Elementary",93720
"3580",10,62117,6113583,3,2012,111,83.5,"Copper Hills Elementary",93720
"3581",10,62117,6113583,4,2012,31,77,"Copper Hills Elementary",93720
"3582",10,62117,6113583,4,2012,111,96.5,"Copper Hills Elementary",93720
"3583",10,62117,6113583,5,2012,111,91.6666666666667,"Copper Hills Elementary",93720
"3584",10,62117,6113583,6,2012,31,75,"Copper Hills Elementary",93720
"3585",10,62117,6113583,6,2012,111,82.0512820512821,"Copper Hills Elementary",93720
"3586",10,62117,6116313,2,2012,31,69,"Clovis Elementary",93611
"3587",10,62117,6116313,2,2012,111,80.5,"Clovis Elementary",93611
"3588",10,62117,6116313,3,2012,31,53.5,"Clovis Elementary",93611
"3589",10,62117,6116313,3,2012,111,77,"Clovis Elementary",93611
"3590",10,62117,6116313,4,2012,31,82.5,"Clovis Elementary",93611
"3591",10,62117,6116313,4,2012,111,98,"Clovis Elementary",93611
"3592",10,62117,6116313,5,2012,31,67.9850746268657,"Clovis Elementary",93611
"3593",10,62117,6116313,5,2012,111,83.3968253968254,"Clovis Elementary",93611
"3594",10,62117,6116313,6,2012,31,72,"Clovis Elementary",93611
"3595",10,62117,6116313,6,2012,111,80.9855072463768,"Clovis Elementary",93611
"3596",10,62117,6116321,7,2012,31,59.4240837696335,"Reyburn Intermediate",93611
"3597",10,62117,6116321,7,2012,111,79.969696969697,"Reyburn Intermediate",93611
"3598",10,62117,6116321,8,2012,31,55.0521523178808,"Reyburn Intermediate",93611
"3599",10,62117,6116321,8,2012,111,72.4346368715084,"Reyburn Intermediate",93611
"3600",10,62117,6117550,2,2012,31,74,"Century Elementary",93611
"3601",10,62117,6117550,2,2012,111,91.5,"Century Elementary",93611
"3602",10,62117,6117550,3,2012,31,78.5,"Century Elementary",93611
"3603",10,62117,6117550,3,2012,111,90.5,"Century Elementary",93611
"3604",10,62117,6117550,4,2012,31,83,"Century Elementary",93611
"3605",10,62117,6117550,4,2012,111,92.5,"Century Elementary",93611
"3606",10,62117,6117550,5,2012,31,66.021978021978,"Century Elementary",93611
"3607",10,62117,6117550,5,2012,111,90.0128755364807,"Century Elementary",93611
"3608",10,62117,6117550,6,2012,31,73.463768115942,"Century Elementary",93611
"3609",10,62117,6117550,6,2012,111,83.9666666666667,"Century Elementary",93611
"3610",10,62125,1031376,9,2012,31,26.6643356643357,"Coalinga High",93210
"3611",10,62125,1031376,9,2012,111,43.7630057803468,"Coalinga High",93210
"3612",10,62125,1031376,10,2012,31,20.3322751322751,"Coalinga High",93210
"3613",10,62125,1031376,10,2012,111,33.1863117870722,"Coalinga High",93210
"3614",10,62125,1031376,11,2012,31,20.7714776632302,"Coalinga High",93210
"3615",10,62125,1031376,11,2012,111,34.4362416107383,"Coalinga High",93210
"3616",10,62125,6005961,2,2012,31,31.5,"Huron Elementary",93234
"3617",10,62125,6005961,3,2012,31,42.6235294117647,"Huron Elementary",93234
"3618",10,62125,6005961,4,2012,31,37.5291479820628,"Huron Elementary",93234
"3619",10,62125,6005961,5,2012,31,41.314606741573,"Huron Elementary",93234
"3620",10,62125,6005979,4,2012,31,59.5294117647059,"Sunset Elementary",93210
"3621",10,62125,6005979,4,2012,111,85.5168539325843,"Sunset Elementary",93210
"3622",10,62125,6005979,5,2012,31,37.3494505494506,"Sunset Elementary",93210
"3623",10,62125,6005979,5,2012,111,72.3333333333333,"Sunset Elementary",93210
"3624",10,62125,6057269,6,2012,31,35.5,"Coalinga Middle",93210
"3625",10,62125,6057269,6,2012,111,50,"Coalinga Middle",93210
"3626",10,62125,6057269,7,2012,31,36.5030487804878,"Coalinga Middle",93210
"3627",10,62125,6057269,7,2012,111,62.4390243902439,"Coalinga Middle",93210
"3628",10,62125,6057269,8,2012,31,25.3967479674797,"Coalinga Middle",93210
"3629",10,62125,6057269,8,2012,111,64.7517730496454,"Coalinga Middle",93210
"3630",10,62125,6110225,2,2012,31,57.5,"Nell Dawson Elementary",93210
"3631",10,62125,6110225,2,2012,111,67.5,"Nell Dawson Elementary",93210
"3632",10,62125,6110225,3,2012,31,61,"Nell Dawson Elementary",93210
"3633",10,62125,6110225,3,2012,111,64.5,"Nell Dawson Elementary",93210
"3634",10,62125,6113849,6,2012,31,24,"Huron Middle",93234
"3635",10,62125,6113849,7,2012,31,43,"Huron Middle",93234
"3636",10,62125,6113849,8,2012,31,43.6337078651685,"Huron Middle",93234
"3637",10,62158,1032150,9,2012,31,31.3107049608355,"Fowler High",93625
"3638",10,62158,1032150,9,2012,111,57.9065420560748,"Fowler High",93625
"3639",10,62158,1032150,10,2012,31,34.7711711711712,"Fowler High",93625
"3640",10,62158,1032150,10,2012,111,38.9350649350649,"Fowler High",93625
"3641",10,62158,1032150,11,2012,31,37.5963302752294,"Fowler High",93625
"3642",10,62158,1032150,11,2012,111,59.046511627907,"Fowler High",93625
"3643",10,62158,6006027,3,2012,31,39.1010101010101,"Fremont Elementary",93625
"3644",10,62158,6006027,3,2012,111,73.4457831325301,"Fremont Elementary",93625
"3645",10,62158,6006027,4,2012,31,53.5,"Fremont Elementary",93625
"3646",10,62158,6006027,4,2012,111,76.08,"Fremont Elementary",93625
"3647",10,62158,6006027,5,2012,31,59.3333333333333,"Fremont Elementary",93625
"3648",10,62158,6006027,5,2012,111,77.6666666666667,"Fremont Elementary",93625
"3649",10,62158,6006043,2,2012,31,52,"Malaga Elementary",93725
"3650",10,62158,6006043,3,2012,31,53.5,"Malaga Elementary",93725
"3651",10,62158,6006043,4,2012,31,81.5,"Malaga Elementary",93725
"3652",10,62158,6006043,5,2012,31,72.0722891566265,"Malaga Elementary",93725
"3653",10,62158,6006050,2,2012,31,63.5,"Marshall Elementary",93625
"3654",10,62158,6006050,2,2012,111,79.5,"Marshall Elementary",93625
"3655",10,62158,6115190,6,2012,31,36.5250965250965,"John Sutter Middle",93625
"3656",10,62158,6115190,6,2012,111,61.9012345679012,"John Sutter Middle",93625
"3657",10,62158,6115190,7,2012,31,51.4814814814815,"John Sutter Middle",93625
"3658",10,62158,6115190,7,2012,111,74.0493827160494,"John Sutter Middle",93625
"3659",10,62158,6115190,8,2012,31,53.2155688622754,"John Sutter Middle",93625
"3660",10,62158,6115190,8,2012,111,83.7058823529412,"John Sutter Middle",93625
"3661",10,62166,108118,2,2012,31,62,"Akira Yokomi Elementary",93701
"3662",10,62166,108118,3,2012,31,55.5,"Akira Yokomi Elementary",93701
"3663",10,62166,108118,4,2012,31,79.5253456221198,"Akira Yokomi Elementary",93701
"3664",10,62166,108118,5,2012,31,59.3333333333333,"Akira Yokomi Elementary",93701
"3665",10,62166,108118,6,2012,31,53,"Akira Yokomi Elementary",93701
"3666",10,62166,113811,2,2012,31,32.48730964467,"Deborah A. Williams Elementary",93705
"3667",10,62166,113811,3,2012,31,33.5810055865922,"Deborah A. Williams Elementary",93705
"3668",10,62166,113811,4,2012,31,50.0061349693252,"Deborah A. Williams Elementary",93705
"3669",10,62166,113811,5,2012,31,38.3333333333333,"Deborah A. Williams Elementary",93705
"3670",10,62166,113811,6,2012,31,41.4968152866242,"Deborah A. Williams Elementary",93705
"3671",10,62166,113829,2,2012,31,42.5,"Mario G. Olmos Elementary",93727
"3672",10,62166,113829,3,2012,31,40.9161676646707,"Mario G. Olmos Elementary",93727
"3673",10,62166,113829,4,2012,31,48,"Mario G. Olmos Elementary",93727
"3674",10,62166,113829,5,2012,31,35.3333333333333,"Mario G. Olmos Elementary",93727
"3675",10,62166,113829,6,2012,31,36.5,"Mario G. Olmos Elementary",93727
"3676",10,62166,114355,3,2012,31,27,"Sierra Charter",93727
"3677",10,62166,114355,6,2012,31,30.5,"Sierra Charter",93727
"3678",10,62166,114355,7,2012,31,25.8604651162791,"Sierra Charter",93727
"3679",10,62166,114355,8,2012,31,25.2415458937198,"Sierra Charter",93727
"3680",10,62166,114355,8,2012,111,44.5820895522388,"Sierra Charter",93727
"3681",10,62166,114355,9,2012,31,21.4150943396226,"Sierra Charter",93727
"3682",10,62166,114355,9,2012,111,55.1034482758621,"Sierra Charter",93727
"3683",10,62166,114355,10,2012,31,18.6052631578947,"Sierra Charter",93727
"3684",10,62166,114355,10,2012,111,34.1261261261261,"Sierra Charter",93727
"3685",10,62166,114355,11,2012,31,15.3975155279503,"Sierra Charter",93727
"3686",10,62166,114355,11,2012,111,24.4491017964072,"Sierra Charter",93727
"3687",10,62166,114553,9,2012,111,78.7196765498652,"University High",93740
"3688",10,62166,114553,10,2012,31,57.75,"University High",93740
"3689",10,62166,114553,10,2012,111,76.1608133086876,"University High",93740
"3690",10,62166,114553,11,2012,111,85.220253164557,"University High",93740
"3691",10,62166,1030279,9,2012,31,33.9585152838428,"Bullard High",93704
"3692",10,62166,1030279,9,2012,111,54.2543859649123,"Bullard High",93704
"3693",10,62166,1030279,10,2012,31,31.9864,"Bullard High",93704
"3694",10,62166,1030279,10,2012,111,58.1200814111262,"Bullard High",93704
"3695",10,62166,1030279,11,2012,31,32.8632371392723,"Bullard High",93704
"3696",10,62166,1030279,11,2012,111,48.6945701357466,"Bullard High",93704
"3697",10,62166,1030675,9,2012,31,30.4341998375305,"Sunnyside High",93727
"3698",10,62166,1030675,10,2012,31,32.3885453078785,"Sunnyside High",93727
"3699",10,62166,1030675,11,2012,31,30.0174672489083,"Sunnyside High",93727
"3700",10,62166,1031632,10,2012,31,3.05882352941176,"Dewolf Continuation High",93703
"3701",10,62166,1031632,11,2012,31,5.39655172413793,"Dewolf Continuation High",93703
"3702",10,62166,1031897,9,2012,31,30.5811011904762,"Edison High",93706
"3703",10,62166,1031897,9,2012,111,57.7068965517241,"Edison High",93706
"3704",10,62166,1031897,10,2012,31,40.630761263594,"Edison High",93706
"3705",10,62166,1031897,10,2012,111,70.6468699839486,"Edison High",93706
"3706",10,62166,1031897,11,2012,31,37.361273554256,"Edison High",93706
"3707",10,62166,1031897,11,2012,111,57.5784061696658,"Edison High",93706
"3708",10,62166,1032507,9,2012,31,23.3023504273504,"Fresno High",93704
"3709",10,62166,1032507,10,2012,31,21.5980113636364,"Fresno High",93704
"3710",10,62166,1032507,11,2012,31,20.6451997614788,"Fresno High",93704
"3711",10,62166,1032911,9,2012,31,26.7892425905598,"Herbert Hoover High",93710
"3712",10,62166,1032911,9,2012,111,44.4210526315789,"Herbert Hoover High",93710
"3713",10,62166,1032911,10,2012,31,29.326565143824,"Herbert Hoover High",93710
"3714",10,62166,1032911,10,2012,111,33.7732696897375,"Herbert Hoover High",93710
"3715",10,62166,1032911,11,2012,31,27.4710080285459,"Herbert Hoover High",93710
"3716",10,62166,1032911,11,2012,111,43.8197879858657,"Herbert Hoover High",93710
"3717",10,62166,1034214,9,2012,31,19.583985550873,"McLane High",93703
"3718",10,62166,1034214,9,2012,111,21.6521739130435,"McLane High",93703
"3719",10,62166,1034214,10,2012,31,19.9244015119698,"McLane High",93703
"3720",10,62166,1034214,11,2012,31,16.0832420591457,"McLane High",93703
"3721",10,62166,1035831,9,2012,31,18.8875661375661,"Roosevelt High",93702
"3722",10,62166,1035831,10,2012,31,19.460025651988,"Roosevelt High",93702
"3723",10,62166,1035831,11,2012,31,19.75569476082,"Roosevelt High",93702
"3724",10,62166,6006068,2,2012,31,45.4163090128755,"Addams Elementary",93728
"3725",10,62166,6006068,3,2012,31,30.5,"Addams Elementary",93728
"3726",10,62166,6006068,4,2012,31,45,"Addams Elementary",93728
"3727",10,62166,6006068,5,2012,31,36.6666666666667,"Addams Elementary",93728
"3728",10,62166,6006068,6,2012,31,34.5,"Addams Elementary",93728
"3729",10,62166,6006076,2,2012,31,52.4726368159204,"Aynesworth Elementary",93725
"3730",10,62166,6006076,3,2012,31,54,"Aynesworth Elementary",93725
"3731",10,62166,6006076,4,2012,31,60.0213903743316,"Aynesworth Elementary",93725
"3732",10,62166,6006076,5,2012,31,38.6634146341463,"Aynesworth Elementary",93725
"3733",10,62166,6006076,6,2012,31,37.9925925925926,"Aynesworth Elementary",93725
"3734",10,62166,6006084,5,2012,31,74.3393665158371,"Baird Middle",93704
"3735",10,62166,6006084,5,2012,111,82.3014705882353,"Baird Middle",93704
"3736",10,62166,6006084,6,2012,31,53.5081081081081,"Baird Middle",93704
"3737",10,62166,6006084,6,2012,111,73.4380165289256,"Baird Middle",93704
"3738",10,62166,6006084,7,2012,31,65,"Baird Middle",93704
"3739",10,62166,6006084,7,2012,111,80.4968944099379,"Baird Middle",93704
"3740",10,62166,6006084,8,2012,31,70.1223021582734,"Baird Middle",93704
"3741",10,62166,6006084,8,2012,111,80.1850393700787,"Baird Middle",93704
"3742",10,62166,6006092,2,2012,31,52.5,"Birney Elementary",93703
"3743",10,62166,6006092,3,2012,31,45.0515021459227,"Birney Elementary",93703
"3744",10,62166,6006092,4,2012,31,54.5336322869955,"Birney Elementary",93703
"3745",10,62166,6006092,5,2012,31,37.7071428571429,"Birney Elementary",93703
"3746",10,62166,6006092,6,2012,31,68.0350877192982,"Birney Elementary",93703
"3747",10,62166,6006118,2,2012,31,60.9839357429719,"Burroughs Elementary",93702
"3748",10,62166,6006118,3,2012,31,47,"Burroughs Elementary",93702
"3749",10,62166,6006118,4,2012,31,62.9239766081871,"Burroughs Elementary",93702
"3750",10,62166,6006118,5,2012,31,49.0955414012739,"Burroughs Elementary",93702
"3751",10,62166,6006118,6,2012,31,39.5,"Burroughs Elementary",93702
"3752",10,62166,6006126,2,2012,31,49.451282051282,"Calwa Elementary",93725
"3753",10,62166,6006126,3,2012,31,42,"Calwa Elementary",93725
"3754",10,62166,6006126,4,2012,31,43.2203389830508,"Calwa Elementary",93725
"3755",10,62166,6006126,5,2012,31,36.7689393939394,"Calwa Elementary",93725
"3756",10,62166,6006126,6,2012,31,40.5,"Calwa Elementary",93725
"3757",10,62166,6006142,2,2012,31,47,"Centennial Elementary",93726
"3758",10,62166,6006142,3,2012,31,34.0942408376963,"Centennial Elementary",93726
"3759",10,62166,6006142,4,2012,31,57.6082474226804,"Centennial Elementary",93726
"3760",10,62166,6006142,5,2012,31,48.5952380952381,"Centennial Elementary",93726
"3761",10,62166,6006142,6,2012,31,31,"Centennial Elementary",93726
"3762",10,62166,6006159,2,2012,31,49.5,"Columbia Elementary",93706
"3763",10,62166,6006159,3,2012,31,36,"Columbia Elementary",93706
"3764",10,62166,6006159,4,2012,31,35.5,"Columbia Elementary",93706
"3765",10,62166,6006159,5,2012,31,31,"Columbia Elementary",93706
"3766",10,62166,6006159,6,2012,31,33.4695652173913,"Columbia Elementary",93706
"3767",10,62166,6006183,2,2012,31,33.5,"Del Mar Elementary",93704
"3768",10,62166,6006183,3,2012,31,47.5,"Del Mar Elementary",93704
"3769",10,62166,6006183,4,2012,31,49,"Del Mar Elementary",93704
"3770",10,62166,6006183,5,2012,31,36.3333333333333,"Del Mar Elementary",93704
"3771",10,62166,6006183,6,2012,31,45,"Del Mar Elementary",93704
"3772",10,62166,6006191,2,2012,31,59.4511627906977,"Easterby Elementary",93727
"3773",10,62166,6006191,3,2012,31,44.2,"Easterby Elementary",93727
"3774",10,62166,6006191,4,2012,31,68.7628205128205,"Easterby Elementary",93727
"3775",10,62166,6006191,5,2012,31,55.3319672131148,"Easterby Elementary",93727
"3776",10,62166,6006191,6,2012,31,52.9620253164557,"Easterby Elementary",93727
"3777",10,62166,6006217,2,2012,31,66.5,"Ericson Elementary",93703
"3778",10,62166,6006217,3,2012,31,48.4223602484472,"Ericson Elementary",93703
"3779",10,62166,6006217,4,2012,31,56,"Ericson Elementary",93703
"3780",10,62166,6006217,5,2012,31,46.1798941798942,"Ericson Elementary",93703
"3781",10,62166,6006217,6,2012,31,50,"Ericson Elementary",93703
"3782",10,62166,6006225,2,2012,31,43.5,"Ewing Elementary",93727
"3783",10,62166,6006225,3,2012,31,42.5,"Ewing Elementary",93727
"3784",10,62166,6006225,4,2012,31,54.5628415300546,"Ewing Elementary",93727
"3785",10,62166,6006225,5,2012,31,32.3333333333333,"Ewing Elementary",93727
"3786",10,62166,6006225,6,2012,31,29.5,"Ewing Elementary",93727
"3787",10,62166,6006233,2,2012,31,64.4329896907217,"Figarden Elementary",93722
"3788",10,62166,6006233,2,2012,111,77.5,"Figarden Elementary",93722
"3789",10,62166,6006233,3,2012,31,54.5,"Figarden Elementary",93722
"3790",10,62166,6006233,3,2012,111,64,"Figarden Elementary",93722
"3791",10,62166,6006233,4,2012,31,53.0459770114943,"Figarden Elementary",93722
"3792",10,62166,6006233,4,2012,111,69,"Figarden Elementary",93722
"3793",10,62166,6006233,5,2012,31,51.3404255319149,"Figarden Elementary",93722
"3794",10,62166,6006233,5,2012,111,74.3333333333333,"Figarden Elementary",93722
"3795",10,62166,6006233,6,2012,31,40.0672268907563,"Figarden Elementary",93722
"3796",10,62166,6006233,6,2012,111,76,"Figarden Elementary",93722
"3797",10,62166,6006258,2,2012,31,43.5,"Fremont Elementary",93705
"3798",10,62166,6006258,3,2012,31,41.1449275362319,"Fremont Elementary",93705
"3799",10,62166,6006258,4,2012,31,49,"Fremont Elementary",93705
"3800",10,62166,6006258,5,2012,31,37,"Fremont Elementary",93705
"3801",10,62166,6006258,6,2012,31,60,"Fremont Elementary",93705
"3802",10,62166,6006266,2,2012,31,68,"Gibson Elementary",93711
"3803",10,62166,6006266,2,2012,111,84.5,"Gibson Elementary",93711
"3804",10,62166,6006266,3,2012,31,63,"Gibson Elementary",93711
"3805",10,62166,6006266,3,2012,111,80.3157894736842,"Gibson Elementary",93711
"3806",10,62166,6006266,4,2012,31,75.9787234042553,"Gibson Elementary",93711
"3807",10,62166,6006266,4,2012,111,87.5,"Gibson Elementary",93711
"3808",10,62166,6006266,5,2012,31,34.6666666666667,"Gibson Elementary",93711
"3809",10,62166,6006266,5,2012,111,67.3333333333333,"Gibson Elementary",93711
"3810",10,62166,6006266,6,2012,31,31.5,"Gibson Elementary",93711
"3811",10,62166,6006266,6,2012,111,73,"Gibson Elementary",93711
"3812",10,62166,6006274,2,2012,31,37.9637305699482,"Heaton Elementary",93728
"3813",10,62166,6006274,3,2012,31,32.5,"Heaton Elementary",93728
"3814",10,62166,6006274,4,2012,31,44.9568345323741,"Heaton Elementary",93728
"3815",10,62166,6006274,5,2012,31,28.6666666666667,"Heaton Elementary",93728
"3816",10,62166,6006274,6,2012,31,21.5,"Heaton Elementary",93728
"3817",10,62166,6006282,2,2012,31,49.5,"Holland Elementary",93726
"3818",10,62166,6006282,3,2012,31,34,"Holland Elementary",93726
"3819",10,62166,6006282,4,2012,31,68.4528301886792,"Holland Elementary",93726
"3820",10,62166,6006282,5,2012,31,49.6666666666667,"Holland Elementary",93726
"3821",10,62166,6006282,6,2012,31,55.5058823529412,"Holland Elementary",93726
"3822",10,62166,6006290,3,2012,31,41.7662337662338,"Homan Elementary",93705
"3823",10,62166,6006290,4,2012,31,40.5,"Homan Elementary",93705
"3824",10,62166,6006290,5,2012,31,32.9427083333333,"Homan Elementary",93705
"3825",10,62166,6006290,6,2012,31,42,"Homan Elementary",93705
"3826",10,62166,6006308,2,2012,31,52.448275862069,"Jackson Elementary",93702
"3827",10,62166,6006308,3,2012,31,31.5864661654135,"Jackson Elementary",93702
"3828",10,62166,6006308,4,2012,31,67.5,"Jackson Elementary",93702
"3829",10,62166,6006308,5,2012,31,44.9351351351351,"Jackson Elementary",93702
"3830",10,62166,6006308,6,2012,31,38,"Jackson Elementary",93702
"3831",10,62166,6006316,2,2012,31,48.5,"Jefferson Elementary",93701
"3832",10,62166,6006316,3,2012,31,40.5,"Jefferson Elementary",93701
"3833",10,62166,6006316,4,2012,31,72.5433070866142,"Jefferson Elementary",93701
"3834",10,62166,6006316,5,2012,31,56,"Jefferson Elementary",93701
"3835",10,62166,6006316,6,2012,31,47.0165289256198,"Jefferson Elementary",93701
"3836",10,62166,6006324,2,2012,31,39.5,"Kirk Elementary",93706
"3837",10,62166,6006324,3,2012,31,61,"Kirk Elementary",93706
"3838",10,62166,6006324,4,2012,31,15.5,"Kirk Elementary",93706
"3839",10,62166,6006324,5,2012,31,21.3333333333333,"Kirk Elementary",93706
"3840",10,62166,6006324,6,2012,31,28.5762711864407,"Kirk Elementary",93706
"3841",10,62166,6006332,2,2012,31,64,"Kratt Elementary",93704
"3842",10,62166,6006332,2,2012,111,80,"Kratt Elementary",93704
"3843",10,62166,6006332,3,2012,31,50.1650485436893,"Kratt Elementary",93704
"3844",10,62166,6006332,3,2012,111,69.5,"Kratt Elementary",93704
"3845",10,62166,6006332,4,2012,31,66.5,"Kratt Elementary",93704
"3846",10,62166,6006332,4,2012,111,75,"Kratt Elementary",93704
"3847",10,62166,6006332,5,2012,31,46.9783783783784,"Kratt Elementary",93704
"3848",10,62166,6006332,5,2012,111,65.703125,"Kratt Elementary",93704
"3849",10,62166,6006332,6,2012,31,57.0561797752809,"Kratt Elementary",93704
"3850",10,62166,6006357,2,2012,31,62.9625668449198,"Lane Elementary",93702
"3851",10,62166,6006357,3,2012,31,51,"Lane Elementary",93702
"3852",10,62166,6006357,4,2012,31,59,"Lane Elementary",93702
"3853",10,62166,6006357,5,2012,31,35.0555555555556,"Lane Elementary",93702
"3854",10,62166,6006357,6,2012,31,37.5,"Lane Elementary",93702
"3855",10,62166,6006365,2,2012,31,57,"Lincoln Elementary",93706
"3856",10,62166,6006365,3,2012,31,53.462962962963,"Lincoln Elementary",93706
"3857",10,62166,6006365,4,2012,31,71.5,"Lincoln Elementary",93706
"3858",10,62166,6006365,5,2012,31,48.4054054054054,"Lincoln Elementary",93706
"3859",10,62166,6006365,6,2012,31,49,"Lincoln Elementary",93706
"3860",10,62166,6006373,2,2012,31,61,"Lowell Elementary",93701
"3861",10,62166,6006373,3,2012,31,29.2083333333333,"Lowell Elementary",93701
"3862",10,62166,6006373,4,2012,31,53.5,"Lowell Elementary",93701
"3863",10,62166,6006373,5,2012,31,41.7605633802817,"Lowell Elementary",93701
"3864",10,62166,6006373,6,2012,31,46.0634920634921,"Lowell Elementary",93701
"3865",10,62166,6006381,2,2012,31,68.5,"Malloch Elementary",93711
"3866",10,62166,6006381,2,2012,111,83,"Malloch Elementary",93711
"3867",10,62166,6006381,3,2012,31,55.5,"Malloch Elementary",93711
"3868",10,62166,6006381,3,2012,111,78.5,"Malloch Elementary",93711
"3869",10,62166,6006381,4,2012,31,39.5777777777778,"Malloch Elementary",93711
"3870",10,62166,6006381,4,2012,111,84,"Malloch Elementary",93711
"3871",10,62166,6006381,5,2012,31,51.6666666666667,"Malloch Elementary",93711
"3872",10,62166,6006381,5,2012,111,73.3333333333333,"Malloch Elementary",93711
"3873",10,62166,6006381,6,2012,31,63.6,"Malloch Elementary",93711
"3874",10,62166,6006381,6,2012,111,79,"Malloch Elementary",93711
"3875",10,62166,6006407,2,2012,31,47,"Mayfair Elementary",93703
"3876",10,62166,6006407,3,2012,31,42.679347826087,"Mayfair Elementary",93703
"3877",10,62166,6006407,4,2012,31,56,"Mayfair Elementary",93703
"3878",10,62166,6006407,5,2012,31,36.2881355932203,"Mayfair Elementary",93703
"3879",10,62166,6006407,6,2012,31,32,"Mayfair Elementary",93703
"3880",10,62166,6006415,2,2012,31,36.5,"Muir Elementary",93728
"3881",10,62166,6006415,3,2012,31,40.9051094890511,"Muir Elementary",93728
"3882",10,62166,6006415,4,2012,31,59.1304347826087,"Muir Elementary",93728
"3883",10,62166,6006415,5,2012,31,33.8511904761905,"Muir Elementary",93728
"3884",10,62166,6006415,6,2012,31,40.0449438202247,"Muir Elementary",93728
"3885",10,62166,6006423,2,2012,31,45.0145454545455,"Norseman Elementary",93703
"3886",10,62166,6006423,3,2012,31,43.9322709163347,"Norseman Elementary",93703
"3887",10,62166,6006423,4,2012,31,43.5844155844156,"Norseman Elementary",93703
"3888",10,62166,6006423,5,2012,31,30.4788732394366,"Norseman Elementary",93703
"3889",10,62166,6006423,6,2012,31,30.5159574468085,"Norseman Elementary",93703
"3890",10,62166,6006449,2,2012,31,57.5238095238095,"Pyle Elementary",93726
"3891",10,62166,6006449,3,2012,31,50.4338624338624,"Pyle Elementary",93726
"3892",10,62166,6006449,4,2012,31,59.6576086956522,"Pyle Elementary",93726
"3893",10,62166,6006449,5,2012,31,39.9318181818182,"Pyle Elementary",93726
"3894",10,62166,6006449,6,2012,31,45.5037037037037,"Pyle Elementary",93726
"3895",10,62166,6006456,2,2012,31,62,"Robinson Elementary",93710
"3896",10,62166,6006456,3,2012,31,69.5,"Robinson Elementary",93710
"3897",10,62166,6006456,4,2012,31,66,"Robinson Elementary",93710
"3898",10,62166,6006456,5,2012,31,41.3333333333333,"Robinson Elementary",93710
"3899",10,62166,6006456,6,2012,31,42,"Robinson Elementary",93710
"3900",10,62166,6006464,2,2012,31,56.5,"Roeding Elementary",93705
"3901",10,62166,6006464,3,2012,31,63.5,"Roeding Elementary",93705
"3902",10,62166,6006464,4,2012,31,53,"Roeding Elementary",93705
"3903",10,62166,6006464,5,2012,31,48.9454545454545,"Roeding Elementary",93705
"3904",10,62166,6006464,6,2012,31,35.464,"Roeding Elementary",93705
"3905",10,62166,6006472,2,2012,31,60.4744186046512,"Rowell Elementary",93702
"3906",10,62166,6006472,3,2012,31,37.5,"Rowell Elementary",93702
"3907",10,62166,6006472,4,2012,31,48.0409356725146,"Rowell Elementary",93702
"3908",10,62166,6006472,5,2012,31,30.8571428571429,"Rowell Elementary",93702
"3909",10,62166,6006472,6,2012,31,48.9565217391304,"Rowell Elementary",93702
"3910",10,62166,6006480,7,2012,31,25.0344827586207,"Scandinavian Middle",93726
"3911",10,62166,6006480,8,2012,31,27.6529147982063,"Scandinavian Middle",93726
"3912",10,62166,6006514,2,2012,31,46,"Thomas Elementary",93726
"3913",10,62166,6006514,3,2012,31,64,"Thomas Elementary",93726
"3914",10,62166,6006514,4,2012,31,70.0430107526882,"Thomas Elementary",93726
"3915",10,62166,6006514,5,2012,31,55,"Thomas Elementary",93726
"3916",10,62166,6006514,6,2012,31,61,"Thomas Elementary",93726
"3917",10,62166,6006522,2,2012,31,41.984126984127,"Turner Elementary",93727
"3918",10,62166,6006522,3,2012,31,32.3486842105263,"Turner Elementary",93727
"3919",10,62166,6006522,4,2012,31,50.5,"Turner Elementary",93727
"3920",10,62166,6006522,5,2012,31,35.4279661016949,"Turner Elementary",93727
"3921",10,62166,6006522,6,2012,31,34.4814814814815,"Turner Elementary",93727
"3922",10,62166,6006530,2,2012,31,55.9411764705882,"Viking Elementary",93726
"3923",10,62166,6006530,3,2012,31,48.1269841269841,"Viking Elementary",93726
"3924",10,62166,6006530,4,2012,31,50.9677419354839,"Viking Elementary",93726
"3925",10,62166,6006530,5,2012,31,47,"Viking Elementary",93726
"3926",10,62166,6006530,6,2012,31,50.4968553459119,"Viking Elementary",93726
"3927",10,62166,6006548,2,2012,31,50.5,"Vinland Elementary",93726
"3928",10,62166,6006548,3,2012,31,44.9190751445087,"Vinland Elementary",93726
"3929",10,62166,6006548,4,2012,31,62.5925925925926,"Vinland Elementary",93726
"3930",10,62166,6006548,5,2012,31,55.0264317180617,"Vinland Elementary",93726
"3931",10,62166,6006548,6,2012,31,34.0081300813008,"Vinland Elementary",93726
"3932",10,62166,6006555,2,2012,31,52.4803149606299,"Webster Elementary",93701
"3933",10,62166,6006555,3,2012,31,62,"Webster Elementary",93701
"3934",10,62166,6006555,4,2012,31,56.5841584158416,"Webster Elementary",93701
"3935",10,62166,6006555,5,2012,31,47.3333333333333,"Webster Elementary",93701
"3936",10,62166,6006555,6,2012,31,51.5,"Webster Elementary",93701
"3937",10,62166,6006563,2,2012,31,53.9550561797753,"Wilson Elementary",93705
"3938",10,62166,6006563,3,2012,31,54.1339285714286,"Wilson Elementary",93705
"3939",10,62166,6006563,4,2012,31,57.0325581395349,"Wilson Elementary",93705
"3940",10,62166,6006563,5,2012,31,37,"Wilson Elementary",93705
"3941",10,62166,6006563,6,2012,31,56.5,"Wilson Elementary",93705
"3942",10,62166,6006571,2,2012,31,48.5,"Winchell Elementary",93702
"3943",10,62166,6006571,3,2012,31,48,"Winchell Elementary",93702
"3944",10,62166,6006571,4,2012,31,45.0674157303371,"Winchell Elementary",93702
"3945",10,62166,6006571,5,2012,31,29.0458015267176,"Winchell Elementary",93702
"3946",10,62166,6006571,6,2012,31,37.5,"Winchell Elementary",93702
"3947",10,62166,6006589,2,2012,31,52,"Wishon Elementary",93703
"3948",10,62166,6006589,3,2012,31,61.1860465116279,"Wishon Elementary",93703
"3949",10,62166,6006589,4,2012,31,60.123595505618,"Wishon Elementary",93703
"3950",10,62166,6006589,5,2012,31,37,"Wishon Elementary",93703
"3951",10,62166,6006589,6,2012,31,42.5354330708661,"Wishon Elementary",93703
"3952",10,62166,6006597,2,2012,31,52,"Wolters Elementary",93710
"3953",10,62166,6006597,3,2012,31,40.4203821656051,"Wolters Elementary",93710
"3954",10,62166,6006597,4,2012,31,59.045871559633,"Wolters Elementary",93710
"3955",10,62166,6006597,5,2012,31,69.25,"Wolters Elementary",93710
"3956",10,62166,6006597,6,2012,31,49,"Wolters Elementary",93710
"3957",10,62166,6057285,7,2012,31,24.4185110663984,"Cooper Middle",93705
"3958",10,62166,6057285,8,2012,31,22.9061452513966,"Cooper Middle",93705
"3959",10,62166,6057293,7,2012,31,43.533422459893,"Fort Miller Middle",93704
"3960",10,62166,6057293,8,2012,31,32.7935568704799,"Fort Miller Middle",93704
"3961",10,62166,6057327,7,2012,31,46.4539007092199,"Kings Canyon Middle",93727
"3962",10,62166,6057327,8,2012,31,41.5159509202454,"Kings Canyon Middle",93727
"3963",10,62166,6057335,7,2012,31,22.8452722063037,"Sequoia Middle",93702
"3964",10,62166,6057335,8,2012,31,31.167757287329,"Sequoia Middle",93702
"3965",10,62166,6057343,7,2012,31,46.3204301075269,"Tenaya Middle",93711
"3966",10,62166,6057343,7,2012,111,67.7423822714681,"Tenaya Middle",93711
"3967",10,62166,6057343,8,2012,31,33.7098765432099,"Tenaya Middle",93711
"3968",10,62166,6057343,8,2012,111,65.3123711340206,"Tenaya Middle",93711
"3969",10,62166,6061188,7,2012,31,37.8053097345133,"Ahwahnee Middle",93710
"3970",10,62166,6061188,7,2012,111,50.6595744680851,"Ahwahnee Middle",93710
"3971",10,62166,6061188,8,2012,31,34.4022770398482,"Ahwahnee Middle",93710
"3972",10,62166,6061188,8,2012,111,50.6510416666667,"Ahwahnee Middle",93710
"3973",10,62166,6061196,7,2012,31,39.3284671532847,"Tioga Middle",93726
"3974",10,62166,6061196,8,2012,31,32.4525490196078,"Tioga Middle",93726
"3975",10,62166,6061204,7,2012,31,25.2464788732394,"Yosemite Middle",93703
"3976",10,62166,6061204,8,2012,31,26.8753292361721,"Yosemite Middle",93703
"3977",10,62166,6068704,2,2012,31,64.5,"Eaton Elementary",93710
"3978",10,62166,6068704,2,2012,111,75,"Eaton Elementary",93710
"3979",10,62166,6068704,3,2012,31,69.5,"Eaton Elementary",93710
"3980",10,62166,6068704,3,2012,111,93,"Eaton Elementary",93710
"3981",10,62166,6068704,4,2012,31,68.5,"Eaton Elementary",93710
"3982",10,62166,6068704,4,2012,111,79.5,"Eaton Elementary",93710
"3983",10,62166,6068704,5,2012,31,54,"Eaton Elementary",93710
"3984",10,62166,6068704,5,2012,111,66.6666666666667,"Eaton Elementary",93710
"3985",10,62166,6068704,6,2012,31,58,"Eaton Elementary",93710
"3986",10,62166,6068704,6,2012,111,71.5,"Eaton Elementary",93710
"3987",10,62166,6085120,2,2012,31,58.5,"McCardle Elementary",93710
"3988",10,62166,6085120,2,2012,111,71,"McCardle Elementary",93710
"3989",10,62166,6085120,3,2012,31,75.8591549295775,"McCardle Elementary",93710
"3990",10,62166,6085120,3,2012,111,91,"McCardle Elementary",93710
"3991",10,62166,6085120,4,2012,31,69.3703703703704,"McCardle Elementary",93710
"3992",10,62166,6085120,4,2012,111,73,"McCardle Elementary",93710
"3993",10,62166,6085120,5,2012,31,73,"McCardle Elementary",93710
"3994",10,62166,6085120,6,2012,31,47,"McCardle Elementary",93710
"3995",10,62166,6085120,6,2012,111,83.5,"McCardle Elementary",93710
"3996",10,62166,6085138,2,2012,31,27.9847908745247,"Slater Elementary",93705
"3997",10,62166,6085138,3,2012,31,34.5,"Slater Elementary",93705
"3998",10,62166,6085138,4,2012,31,47.0434782608696,"Slater Elementary",93705
"3999",10,62166,6085138,5,2012,31,19.0921501706485,"Slater Elementary",93705
"4000",10,62166,6085138,6,2012,31,23.4900662251656,"Slater Elementary",93705
"4001",10,62166,6088538,7,2012,31,25.0655737704918,"Tehipite Middle",93701
"4002",10,62166,6088538,8,2012,31,33.4371794871795,"Tehipite Middle",93701
"4003",10,62166,6088546,2,2012,31,39.4597701149425,"King Elementary",93706
"4004",10,62166,6088546,3,2012,31,36.5,"King Elementary",93706
"4005",10,62166,6088546,4,2012,31,39.4883720930233,"King Elementary",93706
"4006",10,62166,6088934,2,2012,31,55,"Starr Elementary",93711
"4007",10,62166,6088934,2,2012,111,86.5,"Starr Elementary",93711
"4008",10,62166,6088934,3,2012,31,64,"Starr Elementary",93711
"4009",10,62166,6088934,3,2012,111,80.5,"Starr Elementary",93711
"4010",10,62166,6088934,4,2012,31,47.0204081632653,"Starr Elementary",93711
"4011",10,62166,6088934,4,2012,111,70.031746031746,"Starr Elementary",93711
"4012",10,62166,6088934,5,2012,31,50,"Starr Elementary",93711
"4013",10,62166,6088934,5,2012,111,46,"Starr Elementary",93711
"4014",10,62166,6088934,6,2012,31,38.4102564102564,"Starr Elementary",93711
"4015",10,62166,6088934,6,2012,111,29.5,"Starr Elementary",93711
"4016",10,62166,6088942,2,2012,31,50,"Sunset Elementary",93706
"4017",10,62166,6088942,3,2012,31,56.5,"Sunset Elementary",93706
"4018",10,62166,6088942,4,2012,31,71,"Sunset Elementary",93706
"4019",10,62166,6088942,5,2012,31,44,"Sunset Elementary",93706
"4020",10,62166,6088942,6,2012,31,44.5,"Sunset Elementary",93706
"4021",10,62166,6088942,7,2012,31,21,"Sunset Elementary",93706
"4022",10,62166,6088942,8,2012,31,17.25,"Sunset Elementary",93706
"4023",10,62166,6101091,2,2012,31,52.9508196721311,"Ayer Elementary",93727
"4024",10,62166,6101091,3,2012,31,52.5,"Ayer Elementary",93727
"4025",10,62166,6101091,4,2012,31,66.5448275862069,"Ayer Elementary",93727
"4026",10,62166,6101091,5,2012,31,44.4923076923077,"Ayer Elementary",93727
"4027",10,62166,6101091,6,2012,31,49,"Ayer Elementary",93727
"4028",10,62166,6101109,2,2012,31,38,"Forkner Elementary",93711
"4029",10,62166,6101109,2,2012,111,89,"Forkner Elementary",93711
"4030",10,62166,6101109,3,2012,31,70.5,"Forkner Elementary",93711
"4031",10,62166,6101109,3,2012,111,85.6197183098592,"Forkner Elementary",93711
"4032",10,62166,6101109,4,2012,31,56.5,"Forkner Elementary",93711
"4033",10,62166,6101109,4,2012,111,84.5,"Forkner Elementary",93711
"4034",10,62166,6101109,5,2012,31,72.3333333333333,"Forkner Elementary",93711
"4035",10,62166,6101109,5,2012,111,77.3333333333333,"Forkner Elementary",93711
"4036",10,62166,6101109,6,2012,31,45.8378378378378,"Forkner Elementary",93711
"4037",10,62166,6101109,6,2012,111,84.986301369863,"Forkner Elementary",93711
"4038",10,62166,6102016,2,2012,31,57,"Lawless Elementary",93722
"4039",10,62166,6102016,2,2012,111,77,"Lawless Elementary",93722
"4040",10,62166,6102016,3,2012,31,49.6216216216216,"Lawless Elementary",93722
"4041",10,62166,6102016,3,2012,111,79,"Lawless Elementary",93722
"4042",10,62166,6102016,4,2012,31,44.5,"Lawless Elementary",93722
"4043",10,62166,6102016,4,2012,111,62.5,"Lawless Elementary",93722
"4044",10,62166,6102016,5,2012,31,32,"Lawless Elementary",93722
"4045",10,62166,6102016,5,2012,111,50,"Lawless Elementary",93722
"4046",10,62166,6102016,6,2012,31,31,"Lawless Elementary",93722
"4047",10,62166,6102016,6,2012,111,27,"Lawless Elementary",93722
"4048",10,62166,6102016,7,2012,31,16.3709677419355,"Lawless Elementary",93722
"4049",10,62166,6102016,8,2012,31,24.248,"Lawless Elementary",93722
"4050",10,62166,6103832,2,2012,31,100,"Manchester Gate",93726
"4051",10,62166,6103832,2,2012,111,100,"Manchester Gate",93726
"4052",10,62166,6103832,3,2012,31,99,"Manchester Gate",93726
"4053",10,62166,6103832,3,2012,111,100,"Manchester Gate",93726
"4054",10,62166,6103832,4,2012,31,99.5037037037037,"Manchester Gate",93726
"4055",10,62166,6103832,4,2012,111,98.5,"Manchester Gate",93726
"4056",10,62166,6103832,5,2012,31,98.3333333333333,"Manchester Gate",93726
"4057",10,62166,6103832,5,2012,111,98.3333333333333,"Manchester Gate",93726
"4058",10,62166,6103832,6,2012,31,97,"Manchester Gate",93726
"4059",10,62166,6103832,6,2012,111,99,"Manchester Gate",93726
"4060",10,62166,6103840,7,2012,31,91.312734082397,"Edison Computech",93706
"4061",10,62166,6103840,7,2012,111,94.8201438848921,"Edison Computech",93706
"4062",10,62166,6103840,8,2012,31,79.3416666666667,"Edison Computech",93706
"4063",10,62166,6103840,8,2012,111,87.384074941452,"Edison Computech",93706
"4064",10,62240,113142,4,2012,31,69.5018050541516,"Ronald W. Reagan Elementary",93631
"4065",10,62240,113142,4,2012,111,88.9834254143646,"Ronald W. Reagan Elementary",93631
"4066",10,62240,113142,5,2012,31,55.4378238341969,"Ronald W. Reagan Elementary",93631
"4067",10,62240,113142,5,2012,111,85.3333333333333,"Ronald W. Reagan Elementary",93631
"4068",10,62240,113142,6,2012,31,65.9820788530466,"Ronald W. Reagan Elementary",93631
"4069",10,62240,113142,6,2012,111,78.5,"Ronald W. Reagan Elementary",93631
"4070",10,62240,6006704,2,2012,31,55.5,"Lincoln Elementary",93631
"4071",10,62240,6006704,2,2012,111,86.5,"Lincoln Elementary",93631
"4072",10,62240,6006704,3,2012,31,61.25,"Lincoln Elementary",93631
"4073",10,62240,6006704,3,2012,111,79.1084337349398,"Lincoln Elementary",93631
"4074",10,62257,1033695,9,2012,31,30.7642276422764,"Kingsburg High",93631
"4075",10,62257,1033695,9,2012,111,49.282793867121,"Kingsburg High",93631
"4076",10,62257,1033695,10,2012,31,37.641592920354,"Kingsburg High",93631
"4077",10,62257,1033695,10,2012,111,52.2543209876543,"Kingsburg High",93631
"4078",10,62257,1033695,11,2012,31,37.3333333333333,"Kingsburg High",93631
"4079",10,62257,1033695,11,2012,111,47.0555555555556,"Kingsburg High",93631
"4080",10,62257,1033729,10,2012,31,17.6935483870968,"Oasis Continuation High",93631
"4081",10,62265,105692,2,2012,31,56.5,"A. L. Conner Elementary",93646
"4082",10,62265,105692,3,2012,31,47.5752212389381,"A. L. Conner Elementary",93646
"4083",10,62265,105692,4,2012,31,68.09375,"A. L. Conner Elementary",93646
"4084",10,62265,105692,5,2012,31,48.0076335877863,"A. L. Conner Elementary",93646
"4085",10,62265,106815,2,2012,31,58.5,"Thomas Law Reed Elementary",93654
"4086",10,62265,106815,2,2012,111,86.5,"Thomas Law Reed Elementary",93654
"4087",10,62265,106815,3,2012,31,49,"Thomas Law Reed Elementary",93654
"4088",10,62265,106815,3,2012,111,75,"Thomas Law Reed Elementary",93654
"4089",10,62265,106815,4,2012,31,61,"Thomas Law Reed Elementary",93654
"4090",10,62265,106815,4,2012,111,82,"Thomas Law Reed Elementary",93654
"4091",10,62265,106815,5,2012,31,36.6666666666667,"Thomas Law Reed Elementary",93654
"4092",10,62265,106815,5,2012,111,84,"Thomas Law Reed Elementary",93654
"4093",10,62265,106815,6,2012,31,33,"Thomas Law Reed Elementary",93654
"4094",10,62265,106815,6,2012,111,71,"Thomas Law Reed Elementary",93654
"4095",10,62265,106815,7,2012,31,60.5054945054945,"Thomas Law Reed Elementary",93654
"4096",10,62265,106815,7,2012,111,75,"Thomas Law Reed Elementary",93654
"4097",10,62265,106815,8,2012,31,57.4772727272727,"Thomas Law Reed Elementary",93654
"4098",10,62265,106815,8,2012,111,74.0655737704918,"Thomas Law Reed Elementary",93654
"4099",10,62265,108092,9,2012,31,31.7639198218263,"Orange Cove High",93646
"4100",10,62265,108092,10,2012,31,29.3676680972818,"Orange Cove High",93646
"4101",10,62265,108092,11,2012,31,33.22,"Orange Cove High",93646
"4102",10,62265,116657,2,2012,31,54.503355704698,"Silas Bartsch",93654
"4103",10,62265,116657,3,2012,31,48.5828877005348,"Silas Bartsch",93654
"4104",10,62265,116657,4,2012,31,56.9752066115703,"Silas Bartsch",93654
"4105",10,62265,116657,5,2012,31,63.6847826086956,"Silas Bartsch",93654
"4106",10,62265,116657,6,2012,31,55.3152173913044,"Silas Bartsch",93654
"4107",10,62265,116657,7,2012,31,43.9024390243902,"Silas Bartsch",93654
"4108",10,62265,116657,8,2012,31,52.6106557377049,"Silas Bartsch",93654
"4109",10,62265,1035310,9,2012,31,38.531117397454,"Reedley High",93654
"4110",10,62265,1035310,10,2012,31,38.4320388349515,"Reedley High",93654
"4111",10,62265,1035310,11,2012,31,36.748502994012,"Reedley High",93654
"4112",10,62265,6006738,2,2012,31,57.5,"Alta Elementary",93654
"4113",10,62265,6006738,3,2012,31,37.5,"Alta Elementary",93654
"4114",10,62265,6006738,4,2012,31,71.4907407407407,"Alta Elementary",93654
"4115",10,62265,6006738,5,2012,31,90.8953488372093,"Alta Elementary",93654
"4116",10,62265,6006746,6,2012,31,48.5,"Citrus Middle",93646
"4117",10,62265,6006746,7,2012,31,58.5375375375375,"Citrus Middle",93646
"4118",10,62265,6006746,8,2012,31,49.2474226804124,"Citrus Middle",93646
"4119",10,62265,6006753,2,2012,31,45,"Dunlap Elementary",93621
"4120",10,62265,6006753,3,2012,31,50,"Dunlap Elementary",93621
"4121",10,62265,6006753,3,2012,111,86.5,"Dunlap Elementary",93621
"4122",10,62265,6006753,4,2012,31,48,"Dunlap Elementary",93621
"4123",10,62265,6006753,4,2012,111,67.5,"Dunlap Elementary",93621
"4124",10,62265,6006753,5,2012,31,50.6835443037975,"Dunlap Elementary",93621
"4125",10,62265,6006753,6,2012,31,61.3877551020408,"Dunlap Elementary",93621
"4126",10,62265,6006753,6,2012,111,77,"Dunlap Elementary",93621
"4127",10,62265,6006753,7,2012,31,57.4590163934426,"Dunlap Elementary",93621
"4128",10,62265,6006753,7,2012,111,88.5,"Dunlap Elementary",93621
"4129",10,62265,6006753,8,2012,31,35.379746835443,"Dunlap Elementary",93621
"4130",10,62265,6006753,8,2012,111,55.3333333333333,"Dunlap Elementary",93621
"4131",10,62265,6006761,6,2012,31,60.9801324503311,"General Grant Middle",93654
"4132",10,62265,6006761,7,2012,31,70,"General Grant Middle",93654
"4133",10,62265,6006761,8,2012,31,57.9108910891089,"General Grant Middle",93654
"4134",10,62265,6006787,2,2012,31,51.5,"Jefferson Elementary",93654
"4135",10,62265,6006787,3,2012,31,43.3564356435644,"Jefferson Elementary",93654
"4136",10,62265,6006787,4,2012,31,75.5,"Jefferson Elementary",93654
"4137",10,62265,6006787,5,2012,31,59,"Jefferson Elementary",93654
"4138",10,62265,6006795,2,2012,31,45,"McCord Elementary",93646
"4139",10,62265,6006795,3,2012,31,43.0813008130081,"McCord Elementary",93646
"4140",10,62265,6006795,4,2012,31,35.5225225225225,"McCord Elementary",93646
"4141",10,62265,6006795,5,2012,31,41.3333333333333,"McCord Elementary",93646
"4142",10,62265,6006803,2,2012,31,52.4432989690722,"Lincoln Elementary",93654
"4143",10,62265,6006803,3,2012,31,44,"Lincoln Elementary",93654
"4144",10,62265,6006803,4,2012,31,64.4519230769231,"Lincoln Elementary",93654
"4145",10,62265,6006803,5,2012,31,58.3372093023256,"Lincoln Elementary",93654
"4146",10,62265,6006829,6,2012,31,54.4918918918919,"Navelencia Middle",93654
"4147",10,62265,6006829,7,2012,31,63.5074626865672,"Navelencia Middle",93654
"4148",10,62265,6006829,8,2012,31,46.2517814726841,"Navelencia Middle",93654
"4149",10,62265,6006837,2,2012,31,50,"Riverview Elementary",93648
"4150",10,62265,6006837,2,2012,111,79,"Riverview Elementary",93648
"4151",10,62265,6006837,3,2012,31,44.1666666666667,"Riverview Elementary",93648
"4152",10,62265,6006837,3,2012,111,80.5,"Riverview Elementary",93648
"4153",10,62265,6006837,4,2012,31,64.5,"Riverview Elementary",93648
"4154",10,62265,6006837,4,2012,111,92,"Riverview Elementary",93648
"4155",10,62265,6006837,5,2012,111,80,"Riverview Elementary",93648
"4156",10,62265,6006837,6,2012,111,75,"Riverview Elementary",93648
"4157",10,62265,6006837,7,2012,31,45.5,"Riverview Elementary",93648
"4158",10,62265,6006837,7,2012,111,62.1739130434783,"Riverview Elementary",93648
"4159",10,62265,6006837,8,2012,31,56.3260869565217,"Riverview Elementary",93648
"4160",10,62265,6006837,8,2012,111,89.8333333333333,"Riverview Elementary",93648
"4161",10,62265,6006845,2,2012,31,61,"Sheridan Elementary",93646
"4162",10,62265,6006845,3,2012,31,46.5,"Sheridan Elementary",93646
"4163",10,62265,6006845,4,2012,31,71,"Sheridan Elementary",93646
"4164",10,62265,6006845,5,2012,31,40.1737451737452,"Sheridan Elementary",93646
"4165",10,62265,6006878,2,2012,31,52,"Washington Elementary",93654
"4166",10,62265,6006878,3,2012,31,40.5,"Washington Elementary",93654
"4167",10,62265,6006878,4,2012,31,64,"Washington Elementary",93654
"4168",10,62265,6006878,5,2012,31,51,"Washington Elementary",93654
"4169",10,62265,6088959,2,2012,31,59.5,"Great Western Elementary",93654
"4170",10,62265,6088959,3,2012,31,65,"Great Western Elementary",93654
"4171",10,62265,6088959,4,2012,31,61,"Great Western Elementary",93654
"4172",10,62265,6088959,5,2012,31,60,"Great Western Elementary",93654
"4173",10,62281,1033950,9,2012,31,27.1454545454545,"Laton High",93242
"4174",10,62281,1033950,9,2012,111,44.8723404255319,"Laton High",93242
"4175",10,62281,1033950,10,2012,31,15.5833333333333,"Laton High",93242
"4176",10,62281,1033950,10,2012,111,49.8571428571429,"Laton High",93242
"4177",10,62281,1033950,11,2012,31,21.7272727272727,"Laton High",93242
"4178",10,62281,1033950,11,2012,111,29.910447761194,"Laton High",93242
"4179",10,62281,6006902,2,2012,31,51,"Laton Elementary",93242
"4180",10,62281,6006902,2,2012,111,59.5,"Laton Elementary",93242
"4181",10,62281,6006902,3,2012,31,38.7530864197531,"Laton Elementary",93242
"4182",10,62281,6006902,4,2012,31,47,"Laton Elementary",93242
"4183",10,62281,6006902,5,2012,31,19.3697478991597,"Laton Elementary",93242
"4184",10,62323,6006993,2,2012,31,26.8048780487805,"Monroe Elementary",93725
"4185",10,62323,6006993,3,2012,31,44.5,"Monroe Elementary",93725
"4186",10,62323,6006993,4,2012,31,62,"Monroe Elementary",93725
"4187",10,62323,6006993,5,2012,31,44.3333333333333,"Monroe Elementary",93725
"4188",10,62323,6006993,6,2012,31,53,"Monroe Elementary",93725
"4189",10,62323,6006993,7,2012,31,41,"Monroe Elementary",93725
"4190",10,62323,6006993,8,2012,31,50.9777777777778,"Monroe Elementary",93725
"4191",10,62331,6007009,2,2012,31,48.5,"Orange Center Elementary",93706
"4192",10,62331,6007009,3,2012,31,43.5,"Orange Center Elementary",93706
"4193",10,62331,6007009,4,2012,31,55.5,"Orange Center Elementary",93706
"4194",10,62331,6007009,5,2012,31,12.6666666666667,"Orange Center Elementary",93706
"4195",10,62331,6007009,7,2012,31,37,"Orange Center Elementary",93706
"4196",10,62331,6007009,8,2012,31,29.75,"Orange Center Elementary",93706
"4197",10,62356,6007025,2,2012,31,54,"Pacific Union Elementary",93725
"4198",10,62356,6007025,3,2012,31,51,"Pacific Union Elementary",93725
"4199",10,62356,6007025,4,2012,31,85,"Pacific Union Elementary",93725
"4200",10,62356,6007025,5,2012,31,61.6666666666667,"Pacific Union Elementary",93725
"4201",10,62356,6007025,6,2012,31,37,"Pacific Union Elementary",93725
"4202",10,62356,6007025,7,2012,31,56.5,"Pacific Union Elementary",93725
"4203",10,62356,6007025,8,2012,31,37.5909090909091,"Pacific Union Elementary",93725
"4204",10,62364,107409,2,2012,31,62,"S Ben Benavidez Elementary",93648
"4205",10,62364,107409,3,2012,31,47.5,"S Ben Benavidez Elementary",93648
"4206",10,62364,107409,4,2012,31,33.9642857142857,"S Ben Benavidez Elementary",93648
"4207",10,62364,107409,5,2012,31,41.8662790697674,"S Ben Benavidez Elementary",93648
"4208",10,62364,107409,6,2012,31,42,"S Ben Benavidez Elementary",93648
"4209",10,62364,1034990,9,2012,31,21.7294117647059,"Parlier High",93648
"4210",10,62364,1034990,10,2012,31,22.6041939711664,"Parlier High",93648
"4211",10,62364,1034990,11,2012,31,20.9681742043551,"Parlier High",93648
"4212",10,62364,6007033,2,2012,31,43.5,"Mathew J Brletic Elementary",93648
"4213",10,62364,6007033,3,2012,31,35.5,"Mathew J Brletic Elementary",93648
"4214",10,62364,6007033,4,2012,31,61.5,"Mathew J Brletic Elementary",93648
"4215",10,62364,6007033,5,2012,31,37.4525139664804,"Mathew J Brletic Elementary",93648
"4216",10,62364,6007033,6,2012,31,32,"Mathew J Brletic Elementary",93648
"4217",10,62364,6007041,2,2012,31,32.5,"John C Martinez Elementary",93648
"4218",10,62364,6007041,3,2012,31,39.1428571428571,"John C Martinez Elementary",93648
"4219",10,62364,6007041,4,2012,31,47.7272727272727,"John C Martinez Elementary",93648
"4220",10,62364,6007041,5,2012,31,45.3333333333333,"John C Martinez Elementary",93648
"4221",10,62364,6007041,6,2012,31,33,"John C Martinez Elementary",93648
"4222",10,62364,6007058,3,2012,31,26,"Cesar E Chavez Elementary",93648
"4223",10,62364,6007058,4,2012,31,54,"Cesar E Chavez Elementary",93648
"4224",10,62364,6007058,5,2012,31,26.3333333333333,"Cesar E Chavez Elementary",93648
"4225",10,62364,6007058,6,2012,31,22,"Cesar E Chavez Elementary",93648
"4226",10,62364,6115224,7,2012,31,33.9954751131222,"Parlier Junior High",93648
"4227",10,62364,6115224,8,2012,31,34.8691588785047,"Parlier Junior High",93648
"4228",10,62372,6007066,8,2012,111,91,"Pine Ridge Elementary",93602
"4229",10,62380,6007074,2,2012,31,41.5,"Raisin City Elementary",93652
"4230",10,62380,6007074,3,2012,31,19.2830188679245,"Raisin City Elementary",93652
"4231",10,62380,6007074,4,2012,31,37.5,"Raisin City Elementary",93652
"4232",10,62380,6007074,5,2012,31,29.6666666666667,"Raisin City Elementary",93652
"4233",10,62380,6007074,6,2012,31,26.5333333333333,"Raisin City Elementary",93652
"4234",10,62380,6007074,7,2012,31,22.530612244898,"Raisin City Elementary",93652
"4235",10,62380,6007074,8,2012,31,44.6447368421053,"Raisin City Elementary",93652
"4236",10,62414,113043,2,2012,31,61,"Ronald W. Reagan Elementary",93657
"4237",10,62414,113043,2,2012,111,78.5,"Ronald W. Reagan Elementary",93657
"4238",10,62414,113043,3,2012,31,62,"Ronald W. Reagan Elementary",93657
"4239",10,62414,113043,3,2012,111,100,"Ronald W. Reagan Elementary",93657
"4240",10,62414,113043,4,2012,31,68,"Ronald W. Reagan Elementary",93657
"4241",10,62414,113043,4,2012,111,90,"Ronald W. Reagan Elementary",93657
"4242",10,62414,113043,5,2012,31,66.4297520661157,"Ronald W. Reagan Elementary",93657
"4243",10,62414,113043,5,2012,111,88,"Ronald W. Reagan Elementary",93657
"4244",10,62414,123463,2,2012,31,79,"Sequoia Elementary",93727
"4245",10,62414,123463,2,2012,111,100,"Sequoia Elementary",93727
"4246",10,62414,123463,3,2012,31,34.6461538461538,"Sequoia Elementary",93727
"4247",10,62414,123463,3,2012,111,53,"Sequoia Elementary",93727
"4248",10,62414,123463,4,2012,31,73.578125,"Sequoia Elementary",93727
"4249",10,62414,123463,4,2012,111,91,"Sequoia Elementary",93727
"4250",10,62414,123463,5,2012,31,70.8522727272727,"Sequoia Elementary",93727
"4251",10,62414,123463,5,2012,111,81.6666666666667,"Sequoia Elementary",93727
"4252",10,62414,123463,6,2012,31,84.5,"Sequoia Elementary",93727
"4253",10,62414,1030766,3,2012,31,64.08,"Hallmark Charter",93657
"4254",10,62414,1030766,3,2012,111,67,"Hallmark Charter",93657
"4255",10,62414,1030766,4,2012,111,80.5,"Hallmark Charter",93657
"4256",10,62414,1030766,5,2012,31,66.6190476190476,"Hallmark Charter",93657
"4257",10,62414,1030766,5,2012,111,73.6666666666667,"Hallmark Charter",93657
"4258",10,62414,1030766,6,2012,31,66,"Hallmark Charter",93657
"4259",10,62414,1030766,6,2012,111,77.5,"Hallmark Charter",93657
"4260",10,62414,1030766,7,2012,31,67.5090909090909,"Hallmark Charter",93657
"4261",10,62414,1030766,7,2012,111,63,"Hallmark Charter",93657
"4262",10,62414,1030766,8,2012,31,48.8333333333333,"Hallmark Charter",93657
"4263",10,62414,1030766,8,2012,111,64.99,"Hallmark Charter",93657
"4264",10,62414,1030766,9,2012,31,40.3698630136986,"Hallmark Charter",93657
"4265",10,62414,1030766,9,2012,111,74.22,"Hallmark Charter",93657
"4266",10,62414,1030766,10,2012,31,56.7831325301205,"Hallmark Charter",93657
"4267",10,62414,1030766,10,2012,111,73,"Hallmark Charter",93657
"4268",10,62414,1030766,11,2012,31,43.6521739130435,"Hallmark Charter",93657
"4269",10,62414,1030766,11,2012,111,40.9322033898305,"Hallmark Charter",93657
"4270",10,62414,1036094,9,2012,31,39.5823806321453,"Sanger High",93657
"4271",10,62414,1036094,9,2012,111,62.2886836027714,"Sanger High",93657
"4272",10,62414,1036094,10,2012,31,44.8959037955656,"Sanger High",93657
"4273",10,62414,1036094,10,2012,111,68.1994750656168,"Sanger High",93657
"4274",10,62414,1036094,11,2012,31,41.8200395517469,"Sanger High",93657
"4275",10,62414,1036094,11,2012,111,56.25,"Sanger High",93657
"4276",10,62414,6007108,2,2012,31,59.5,"Centerville Elementary",93657
"4277",10,62414,6007108,3,2012,31,63.7301587301587,"Centerville Elementary",93657
"4278",10,62414,6007108,4,2012,31,72,"Centerville Elementary",93657
"4279",10,62414,6007108,5,2012,31,62.3333333333333,"Centerville Elementary",93657
"4280",10,62414,6007108,6,2012,31,44.0655737704918,"Centerville Elementary",93657
"4281",10,62414,6007116,2,2012,31,73.5,"Del Rey Elementary",93616
"4282",10,62414,6007116,3,2012,31,67,"Del Rey Elementary",93616
"4283",10,62414,6007116,4,2012,31,64.5,"Del Rey Elementary",93616
"4284",10,62414,6007116,5,2012,31,57.8461538461538,"Del Rey Elementary",93616
"4285",10,62414,6007116,6,2012,31,20.9622641509434,"Del Rey Elementary",93616
"4286",10,62414,6007124,2,2012,31,73,"Fairmont Elementary",93657
"4287",10,62414,6007124,2,2012,111,93,"Fairmont Elementary",93657
"4288",10,62414,6007124,3,2012,31,80,"Fairmont Elementary",93657
"4289",10,62414,6007124,4,2012,31,67,"Fairmont Elementary",93657
"4290",10,62414,6007124,4,2012,111,91,"Fairmont Elementary",93657
"4291",10,62414,6007124,5,2012,31,64.5652173913043,"Fairmont Elementary",93657
"4292",10,62414,6007124,5,2012,111,81.8852459016394,"Fairmont Elementary",93657
"4293",10,62414,6007124,6,2012,31,67.5194805194805,"Fairmont Elementary",93657
"4294",10,62414,6007124,6,2012,111,75.8484848484848,"Fairmont Elementary",93657
"4295",10,62414,6007124,7,2012,31,64,"Fairmont Elementary",93657
"4296",10,62414,6007124,7,2012,111,86,"Fairmont Elementary",93657
"4297",10,62414,6007124,8,2012,31,71.02,"Fairmont Elementary",93657
"4298",10,62414,6007124,8,2012,111,84.1301369863014,"Fairmont Elementary",93657
"4299",10,62414,6007132,2,2012,31,59,"Jackson Elementary",93657
"4300",10,62414,6007132,2,2012,111,86.5,"Jackson Elementary",93657
"4301",10,62414,6007132,3,2012,31,54.5,"Jackson Elementary",93657
"4302",10,62414,6007132,3,2012,111,67.9032258064516,"Jackson Elementary",93657
"4303",10,62414,6007132,4,2012,31,83,"Jackson Elementary",93657
"4304",10,62414,6007132,5,2012,31,69.35,"Jackson Elementary",93657
"4305",10,62414,6007140,2,2012,31,83.5112781954887,"Jefferson Elementary",93657
"4306",10,62414,6007140,3,2012,31,69.75,"Jefferson Elementary",93657
"4307",10,62414,6007140,4,2012,31,67.609756097561,"Jefferson Elementary",93657
"4308",10,62414,6007140,5,2012,31,46.6407185628742,"Jefferson Elementary",93657
"4309",10,62414,6007165,2,2012,31,58,"Lincoln Elementary",93657
"4310",10,62414,6007165,3,2012,31,35.1724137931034,"Lincoln Elementary",93657
"4311",10,62414,6007165,4,2012,31,36.5922330097087,"Lincoln Elementary",93657
"4312",10,62414,6007165,5,2012,31,59.140127388535,"Lincoln Elementary",93657
"4313",10,62414,6007173,2,2012,31,73.5,"Lone Star Elementary",93725
"4314",10,62414,6007173,2,2012,111,88.5,"Lone Star Elementary",93725
"4315",10,62414,6007173,3,2012,31,54.7037037037037,"Lone Star Elementary",93725
"4316",10,62414,6007173,4,2012,31,56.5057471264368,"Lone Star Elementary",93725
"4317",10,62414,6007173,4,2012,111,72,"Lone Star Elementary",93725
"4318",10,62414,6007173,5,2012,31,66.8188405797101,"Lone Star Elementary",93725
"4319",10,62414,6007173,6,2012,31,67,"Lone Star Elementary",93725
"4320",10,62414,6007173,6,2012,111,78.6060606060606,"Lone Star Elementary",93725
"4321",10,62414,6007181,2,2012,31,54.4086956521739,"Madison Elementary",93657
"4322",10,62414,6007181,2,2012,111,67.5,"Madison Elementary",93657
"4323",10,62414,6007181,3,2012,31,50.8686131386861,"Madison Elementary",93657
"4324",10,62414,6007181,3,2012,111,80.5,"Madison Elementary",93657
"4325",10,62414,6007181,4,2012,31,66.5,"Madison Elementary",93657
"4326",10,62414,6007181,4,2012,111,73,"Madison Elementary",93657
"4327",10,62414,6007181,5,2012,31,71.8903225806452,"Madison Elementary",93657
"4328",10,62414,6007181,5,2012,111,100,"Madison Elementary",93657
"4329",10,62414,6007215,2,2012,31,32.4774193548387,"Wilson Elementary",93657
"4330",10,62414,6007215,3,2012,31,42.0960451977401,"Wilson Elementary",93657
"4331",10,62414,6007215,4,2012,31,43.9448818897638,"Wilson Elementary",93657
"4332",10,62414,6007215,5,2012,31,35.1305970149254,"Wilson Elementary",93657
"4333",10,62414,6117873,2,2012,31,90,"Sanger Academy Charter",93657
"4334",10,62414,6117873,2,2012,111,100,"Sanger Academy Charter",93657
"4335",10,62414,6117873,3,2012,31,80,"Sanger Academy Charter",93657
"4336",10,62414,6117873,3,2012,111,88.5,"Sanger Academy Charter",93657
"4337",10,62414,6117873,4,2012,31,86.5,"Sanger Academy Charter",93657
"4338",10,62414,6117873,4,2012,111,92.4358974358974,"Sanger Academy Charter",93657
"4339",10,62414,6117873,5,2012,31,78,"Sanger Academy Charter",93657
"4340",10,62414,6117873,5,2012,111,72.3333333333333,"Sanger Academy Charter",93657
"4341",10,62414,6117873,6,2012,31,65.8987341772152,"Sanger Academy Charter",93657
"4342",10,62414,6117873,6,2012,111,71.3714285714286,"Sanger Academy Charter",93657
"4343",10,62414,6117873,7,2012,31,66,"Sanger Academy Charter",93657
"4344",10,62414,6117873,7,2012,111,67.5,"Sanger Academy Charter",93657
"4345",10,62414,6117873,8,2012,31,73.775641025641,"Sanger Academy Charter",93657
"4346",10,62414,6117873,8,2012,111,86.1538461538462,"Sanger Academy Charter",93657
"4347",10,62430,1030758,9,2012,31,5.02564102564103,"Selma Independent",93662
"4348",10,62430,1030758,10,2012,31,4.77272727272727,"Selma Independent",93662
"4349",10,62430,1030758,11,2012,31,0,"Selma Independent",93662
"4350",10,62430,1036607,8,2012,31,20,"Heartland High (Continuation)",93662
"4351",10,62430,1036607,10,2012,31,14.4814814814815,"Heartland High (Continuation)",93662
"4352",10,62430,1036607,11,2012,31,17.4782608695652,"Heartland High (Continuation)",93662
"4353",10,62430,1036672,9,2012,31,39.0122324159021,"Selma High",93662
"4354",10,62430,1036672,9,2012,111,54.6532258064516,"Selma High",93662
"4355",10,62430,1036672,10,2012,31,39.7513258691809,"Selma High",93662
"4356",10,62430,1036672,10,2012,111,65.2470588235294,"Selma High",93662
"4357",10,62430,1036672,11,2012,31,39.8637653736991,"Selma High",93662
"4358",10,62430,1036672,11,2012,111,61.1007462686567,"Selma High",93662
"4359",10,62430,6007280,2,2012,31,46.9690721649485,"Indianola Elementary",93662
"4360",10,62430,6007280,2,2012,111,73,"Indianola Elementary",93662
"4361",10,62430,6007280,3,2012,31,65,"Indianola Elementary",93662
"4362",10,62430,6007280,4,2012,31,66,"Indianola Elementary",93662
"4363",10,62430,6007280,4,2012,111,92.5,"Indianola Elementary",93662
"4364",10,62430,6007280,5,2012,31,37.0084745762712,"Indianola Elementary",93662
"4365",10,62430,6007280,6,2012,31,51.5,"Indianola Elementary",93662
"4366",10,62430,6007322,2,2012,31,59,"Terry Elementary",93662
"4367",10,62430,6007322,3,2012,31,53.4827586206897,"Terry Elementary",93662
"4368",10,62430,6007322,4,2012,31,50,"Terry Elementary",93662
"4369",10,62430,6007322,5,2012,31,59.0606060606061,"Terry Elementary",93662
"4370",10,62430,6007322,6,2012,31,52,"Terry Elementary",93662
"4371",10,62513,6007405,2,2012,31,54,"Washington Colony Elementary",93706
"4372",10,62513,6007405,3,2012,31,51,"Washington Colony Elementary",93706
"4373",10,62513,6007405,4,2012,31,45,"Washington Colony Elementary",93706
"4374",10,62513,6007405,5,2012,31,43.9779411764706,"Washington Colony Elementary",93706
"4375",10,62513,6007405,6,2012,31,45.5,"Washington Colony Elementary",93706
"4376",10,62513,6007405,7,2012,31,39,"Washington Colony Elementary",93706
"4377",10,62513,6007405,8,2012,31,47.5138888888889,"Washington Colony Elementary",93706
"4378",10,62539,6007413,2,2012,31,46,"West Park Elementary",93706
"4379",10,62539,6007413,2,2012,111,53,"West Park Elementary",93706
"4380",10,62539,6007413,3,2012,31,19.76,"West Park Elementary",93706
"4381",10,62539,6007413,3,2012,111,41.5,"West Park Elementary",93706
"4382",10,62539,6007413,4,2012,31,43,"West Park Elementary",93706
"4383",10,62539,6007413,4,2012,111,48.9756097560976,"West Park Elementary",93706
"4384",10,62539,6007413,5,2012,31,38.9591836734694,"West Park Elementary",93706
"4385",10,62539,6007413,5,2012,111,35,"West Park Elementary",93706
"4386",10,62539,6007413,6,2012,31,22,"West Park Elementary",93706
"4387",10,62539,6007413,6,2012,111,21,"West Park Elementary",93706
"4388",10,62539,6007413,7,2012,31,41.5,"West Park Elementary",93706
"4389",10,62539,6007413,7,2012,111,19,"West Park Elementary",93706
"4390",10,62539,6007413,8,2012,31,42.2105263157895,"West Park Elementary",93706
"4391",10,62539,6007413,8,2012,111,33.5,"West Park Elementary",93706
"4392",10,62539,6112387,8,2012,31,2.68831168831169,"West Park Charter Academy",93706
"4393",10,62539,6112387,9,2012,31,9.38144329896907,"West Park Charter Academy",93706
"4394",10,62539,6112387,10,2012,31,2.87449392712551,"West Park Charter Academy",93706
"4395",10,62539,6112387,11,2012,31,8.56862745098039,"West Park Charter Academy",93706
"4396",10,62539,6112387,11,2012,111,13.5,"West Park Charter Academy",93706
"4397",10,62547,6007421,2,2012,31,61,"Westside Elementary",93624
"4398",10,62547,6007421,3,2012,31,33.5,"Westside Elementary",93624
"4399",10,62547,6007421,4,2012,31,41.1025641025641,"Westside Elementary",93624
"4400",10,62547,6007421,5,2012,31,19.655737704918,"Westside Elementary",93624
"4401",10,62547,6007421,6,2012,31,3.7037037037037,"Westside Elementary",93624
"4402",10,62547,6007421,7,2012,31,49.2553191489362,"Westside Elementary",93624
"4403",10,62547,6007421,8,2012,31,48.5454545454545,"Westside Elementary",93624
"4404",10,73809,1030121,9,2012,31,32.2692307692308,"Firebaugh High",93622
"4405",10,73809,1030121,9,2012,111,64.8333333333333,"Firebaugh High",93622
"4406",10,73809,1030121,10,2012,31,37.3610675039246,"Firebaugh High",93622
"4407",10,73809,1030121,10,2012,111,52.7029702970297,"Firebaugh High",93622
"4408",10,73809,1030121,11,2012,31,26.6810176125245,"Firebaugh High",93622
"4409",10,73809,1030121,11,2012,111,27.1219512195122,"Firebaugh High",93622
"4410",10,73809,6006019,6,2012,31,49.6319444444444,"Firebaugh Middle",93622
"4411",10,73809,6006019,7,2012,31,56.3197026022305,"Firebaugh Middle",93622
"4412",10,73809,6006019,7,2012,111,84.8846153846154,"Firebaugh Middle",93622
"4413",10,73809,6006019,8,2012,31,59.540192926045,"Firebaugh Middle",93622
"4414",10,73965,106476,2,2012,31,61,"James K. Polk Elementary",93722
"4415",10,73965,106476,2,2012,111,64,"James K. Polk Elementary",93722
"4416",10,73965,106476,3,2012,31,66.4181818181818,"James K. Polk Elementary",93722
"4417",10,73965,106476,3,2012,111,68.2608695652174,"James K. Polk Elementary",93722
"4418",10,73965,106476,4,2012,31,80.5379310344828,"James K. Polk Elementary",93722
"4419",10,73965,106476,4,2012,111,87.5918367346939,"James K. Polk Elementary",93722
"4420",10,73965,106476,5,2012,31,71,"James K. Polk Elementary",93722
"4421",10,73965,106476,5,2012,111,72.6666666666667,"James K. Polk Elementary",93722
"4422",10,73965,106476,6,2012,31,67.5,"James K. Polk Elementary",93722
"4423",10,73965,106476,6,2012,111,81.9411764705882,"James K. Polk Elementary",93722
"4424",10,73965,113993,2,2012,31,59,"Harvest Elementary",93723
"4425",10,73965,113993,2,2012,111,79,"Harvest Elementary",93723
"4426",10,73965,113993,3,2012,31,48.1417322834646,"Harvest Elementary",93723
"4427",10,73965,113993,3,2012,111,74,"Harvest Elementary",93723
"4428",10,73965,113993,4,2012,31,53.9455782312925,"Harvest Elementary",93723
"4429",10,73965,113993,4,2012,111,67.5,"Harvest Elementary",93723
"4430",10,73965,113993,5,2012,31,46.6666666666667,"Harvest Elementary",93723
"4431",10,73965,113993,5,2012,111,78.6666666666667,"Harvest Elementary",93723
"4432",10,73965,113993,6,2012,31,48,"Harvest Elementary",93723
"4433",10,73965,113993,6,2012,111,62.5,"Harvest Elementary",93723
"4434",10,73965,114751,8,2012,31,16.843137254902,"Pathway Community Day",93706
"4435",10,73965,123943,7,2012,31,39.9849397590361,"Glacier Point Middle",93723
"4436",10,73965,123943,7,2012,111,49.75625,"Glacier Point Middle",93723
"4437",10,73965,123943,8,2012,31,32.0282574568289,"Glacier Point Middle",93723
"4438",10,73965,123943,8,2012,111,48.9314641744548,"Glacier Point Middle",93723
"4439",10,73965,1035112,9,2012,31,18.2448979591837,"Pershing Continuation High",93706
"4440",10,73965,1035112,10,2012,31,11.9189189189189,"Pershing Continuation High",93706
"4441",10,73965,1035112,11,2012,31,12.6016949152542,"Pershing Continuation High",93706
"4442",10,73965,6006662,2,2012,31,35,"Houghton-Kearney Elementary",93706
"4443",10,73965,6006662,3,2012,31,19.3870967741935,"Houghton-Kearney Elementary",93706
"4444",10,73965,6006662,4,2012,31,50,"Houghton-Kearney Elementary",93706
"4445",10,73965,6006662,4,2012,111,86.5,"Houghton-Kearney Elementary",93706
"4446",10,73965,6006662,5,2012,31,37.6666666666667,"Houghton-Kearney Elementary",93706
"4447",10,73965,6006662,5,2012,111,69.3333333333333,"Houghton-Kearney Elementary",93706
"4448",10,73965,6006662,6,2012,31,30.5,"Houghton-Kearney Elementary",93706
"4449",10,73965,6006662,7,2012,31,41.1025641025641,"Houghton-Kearney Elementary",93706
"4450",10,73965,6006662,7,2012,111,83,"Houghton-Kearney Elementary",93706
"4451",10,73965,6006662,8,2012,31,53.695652173913,"Houghton-Kearney Elementary",93706
"4452",10,73965,6006662,8,2012,111,55.8474576271186,"Houghton-Kearney Elementary",93706
"4453",10,73965,6006910,2,2012,31,37,"Madison Elementary",93706
"4454",10,73965,6006910,3,2012,31,32.1346153846154,"Madison Elementary",93706
"4455",10,73965,6006910,3,2012,111,60,"Madison Elementary",93706
"4456",10,73965,6006910,4,2012,31,64.5,"Madison Elementary",93706
"4457",10,73965,6006910,5,2012,31,33.6666666666667,"Madison Elementary",93706
"4458",10,73965,6006910,5,2012,111,42.6666666666667,"Madison Elementary",93706
"4459",10,73965,6006910,6,2012,31,34.5284974093264,"Madison Elementary",93706
"4460",10,73965,6006936,7,2012,31,40.5348837209302,"El Capitan Middle",93722
"4461",10,73965,6006936,7,2012,111,50.5368421052632,"El Capitan Middle",93722
"4462",10,73965,6006936,8,2012,31,34.7263157894737,"El Capitan Middle",93722
"4463",10,73965,6006936,8,2012,111,51.4197530864198,"El Capitan Middle",93722
"4464",10,73965,6006944,2,2012,31,51.5,"McKinley Elementary",93722
"4465",10,73965,6006944,2,2012,111,80,"McKinley Elementary",93722
"4466",10,73965,6006944,3,2012,31,41.665,"McKinley Elementary",93722
"4467",10,73965,6006944,3,2012,111,54.1818181818182,"McKinley Elementary",93722
"4468",10,73965,6006944,4,2012,31,58,"McKinley Elementary",93722
"4469",10,73965,6006944,4,2012,111,71,"McKinley Elementary",93722
"4470",10,73965,6006944,5,2012,31,60.6666666666667,"McKinley Elementary",93722
"4471",10,73965,6006944,5,2012,111,82,"McKinley Elementary",93722
"4472",10,73965,6006944,6,2012,31,41.4874371859297,"McKinley Elementary",93722
"4473",10,73965,6006944,6,2012,111,77.5,"McKinley Elementary",93722
"4474",10,73965,6007389,2,2012,31,48,"Teague Elementary",93722
"4475",10,73965,6007389,3,2012,31,39.0502512562814,"Teague Elementary",93722
"4476",10,73965,6007389,4,2012,31,64.5,"Teague Elementary",93722
"4477",10,73965,6007389,5,2012,31,43.7467248908297,"Teague Elementary",93722
"4478",10,73965,6007389,6,2012,31,45.5,"Teague Elementary",93722
"4479",10,73965,6120539,7,2012,31,52.7323529411765,"Rio Vista Middle",93722
"4480",10,73965,6120539,7,2012,111,69.2296650717703,"Rio Vista Middle",93722
"4481",10,73965,6120539,8,2012,31,48.766975308642,"Rio Vista Middle",93722
"4482",10,73965,6120539,8,2012,111,66.310461192351,"Rio Vista Middle",93722
"4483",10,73999,123596,2,2012,31,44.5,"Goldenrod Elementary",93630
"4484",10,73999,123596,2,2012,111,57.5,"Goldenrod Elementary",93630
"4485",10,73999,123596,3,2012,31,45.621359223301,"Goldenrod Elementary",93630
"4486",10,73999,123596,3,2012,111,57.5,"Goldenrod Elementary",93630
"4487",10,73999,123596,4,2012,31,69,"Goldenrod Elementary",93630
"4488",10,73999,123596,4,2012,111,75,"Goldenrod Elementary",93630
"4489",10,73999,123596,5,2012,31,74.695945945946,"Goldenrod Elementary",93630
"4490",10,73999,123596,5,2012,111,86,"Goldenrod Elementary",93630
"4491",10,73999,123596,6,2012,31,57.4852071005917,"Goldenrod Elementary",93630
"4492",10,73999,1033422,9,2012,31,8.5,"Enterprise High",93630
"4493",10,73999,1033422,10,2012,31,6.41772151898734,"Enterprise High",93630
"4494",10,73999,1033422,11,2012,31,10.5,"Enterprise High",93630
"4495",10,73999,1033430,9,2012,31,46.1306818181818,"Kerman High",93630
"4496",10,73999,1033430,9,2012,111,48.0743243243243,"Kerman High",93630
"4497",10,73999,1033430,10,2012,31,41.4718804920914,"Kerman High",93630
"4498",10,73999,1033430,10,2012,111,55.4725274725275,"Kerman High",93630
"4499",10,73999,1033430,11,2012,31,32.1904109589041,"Kerman High",93630
"4500",10,73999,1033430,11,2012,111,41.6032388663968,"Kerman High",93630
"4501",10,73999,6006688,2,2012,31,32,"Kerman-Floyd Elementary",93630
"4502",10,73999,6006688,3,2012,31,35.5,"Kerman-Floyd Elementary",93630
"4503",10,73999,6006688,4,2012,31,54.0122699386503,"Kerman-Floyd Elementary",93630
"4504",10,73999,6006688,5,2012,31,38.6781115879828,"Kerman-Floyd Elementary",93630
"4505",10,73999,6006688,6,2012,31,58.0229007633588,"Kerman-Floyd Elementary",93630
"4506",10,73999,6006696,7,2012,31,45,"Kerman Middle",93630
"4507",10,73999,6006696,7,2012,111,65,"Kerman Middle",93630
"4508",10,73999,6006696,8,2012,31,42.0523465703971,"Kerman Middle",93630
"4509",10,73999,6006696,8,2012,111,60.3555555555556,"Kerman Middle",93630
"4510",10,73999,6007371,2,2012,31,34,"Sun Empire Elementary",93630
"4511",10,73999,6007371,2,2012,111,69,"Sun Empire Elementary",93630
"4512",10,73999,6007371,3,2012,31,45.695652173913,"Sun Empire Elementary",93630
"4513",10,73999,6007371,3,2012,111,69.5,"Sun Empire Elementary",93630
"4514",10,73999,6007371,4,2012,31,84.5176470588235,"Sun Empire Elementary",93630
"4515",10,73999,6007371,4,2012,111,93,"Sun Empire Elementary",93630
"4516",10,73999,6007371,5,2012,31,62.6755319148936,"Sun Empire Elementary",93630
"4517",10,73999,6007371,5,2012,111,86,"Sun Empire Elementary",93630
"4518",10,73999,6007371,6,2012,31,53.4533333333333,"Sun Empire Elementary",93630
"4519",10,73999,6007371,6,2012,111,56.8260869565217,"Sun Empire Elementary",93630
"4520",10,73999,6119978,2,2012,31,48.5,"Liberty Elementary",93630
"4521",10,73999,6119978,2,2012,111,68.5,"Liberty Elementary",93630
"4522",10,73999,6119978,3,2012,31,39.5496688741722,"Liberty Elementary",93630
"4523",10,73999,6119978,3,2012,111,68.3921568627451,"Liberty Elementary",93630
"4524",10,73999,6119978,4,2012,31,64.495867768595,"Liberty Elementary",93630
"4525",10,73999,6119978,4,2012,111,75.5121951219512,"Liberty Elementary",93630
"4526",10,73999,6119978,5,2012,31,45.3578947368421,"Liberty Elementary",93630
"4527",10,73999,6119978,5,2012,111,79.3333333333333,"Liberty Elementary",93630
"4528",10,73999,6119978,6,2012,31,52.5,"Liberty Elementary",93630
"4529",10,73999,6119978,6,2012,111,82,"Liberty Elementary",93630
"4530",10,75127,1030493,9,2012,31,26.5738255033557,"Mendota High",93640
"4531",10,75127,1030493,10,2012,31,33.5308176100629,"Mendota High",93640
"4532",10,75127,1030493,11,2012,31,25.3138401559454,"Mendota High",93640
"4533",10,75127,6006969,3,2012,31,34.0796019900498,"McCabe Elementary",93640
"4534",10,75127,6006969,4,2012,31,61.029484029484,"McCabe Elementary",93640
"4535",10,75127,6006969,5,2012,31,43.4629921259843,"McCabe Elementary",93640
"4536",10,75127,6006969,6,2012,31,48.5116883116883,"McCabe Elementary",93640
"4537",10,75127,6006977,7,2012,31,37.5038759689922,"Mendota Junior High",93640
"4538",10,75127,6006977,8,2012,31,33.9243902439024,"Mendota Junior High",93640
"4539",10,75127,6006985,2,2012,31,56.5,"Washington Elementary",93640
"4540",10,75234,6007223,2,2012,31,24.5,"San Joaquin Elementary",93660
"4541",10,75234,6007223,3,2012,31,43,"San Joaquin Elementary",93660
"4542",10,75234,6007223,4,2012,31,48.5,"San Joaquin Elementary",93660
"4543",10,75234,6007223,5,2012,31,31.3333333333333,"San Joaquin Elementary",93660
"4544",10,75234,6007223,6,2012,31,24.5,"San Joaquin Elementary",93660
"4545",10,75234,6007223,7,2012,31,28.5,"San Joaquin Elementary",93660
"4546",10,75234,6007223,8,2012,31,24.2259136212625,"San Joaquin Elementary",93660
"4547",10,75275,124123,7,2012,31,44.0133333333333,"Sierra Junior High",93667
"4548",10,75275,124123,7,2012,111,72,"Sierra Junior High",93667
"4549",10,75275,124123,8,2012,31,57.7803468208092,"Sierra Junior High",93667
"4550",10,75275,124123,8,2012,111,85.59670781893,"Sierra Junior High",93667
"4551",10,75275,124586,2,2012,31,59.5,"Foothill Elementary",93651
"4552",10,75275,124586,2,2012,111,86,"Foothill Elementary",93651
"4553",10,75275,124586,3,2012,31,46.3424657534247,"Foothill Elementary",93651
"4554",10,75275,124586,3,2012,111,68.5714285714286,"Foothill Elementary",93651
"4555",10,75275,124586,4,2012,31,58.5632183908046,"Foothill Elementary",93651
"4556",10,75275,124586,4,2012,111,79,"Foothill Elementary",93651
"4557",10,75275,124586,5,2012,31,52.1136363636364,"Foothill Elementary",93651
"4558",10,75275,124586,5,2012,111,61.0241935483871,"Foothill Elementary",93651
"4559",10,75275,124586,6,2012,31,51,"Foothill Elementary",93651
"4560",10,75275,124586,6,2012,111,67.4864864864865,"Foothill Elementary",93651
"4561",10,75275,1036938,9,2012,31,47.6030534351145,"Sierra High",93667
"4562",10,75275,1036938,9,2012,111,66.59375,"Sierra High",93667
"4563",10,75275,1036938,10,2012,31,50.0265486725664,"Sierra High",93667
"4564",10,75275,1036938,10,2012,111,66.5247524752475,"Sierra High",93667
"4565",10,75275,1036938,11,2012,31,36.6608695652174,"Sierra High",93667
"4566",10,75275,1036938,11,2012,111,68.0036363636364,"Sierra High",93667
"4567",10,75408,1035575,9,2012,31,43.0558659217877,"Riverdale High",93656
"4568",10,75408,1035575,9,2012,111,53.5511111111111,"Riverdale High",93656
"4569",10,75408,1035575,10,2012,31,51.0300751879699,"Riverdale High",93656
"4570",10,75408,1035575,10,2012,111,48.4983713355049,"Riverdale High",93656
"4571",10,75408,1035575,11,2012,31,24.16,"Riverdale High",93656
"4572",10,75408,1035575,11,2012,111,40.6607142857143,"Riverdale High",93656
"4573",10,75408,6007082,4,2012,31,61,"Riverdale Elementary",93656
"4574",10,75408,6007082,4,2012,111,76,"Riverdale Elementary",93656
"4575",10,75408,6007082,5,2012,31,54.6666666666667,"Riverdale Elementary",93656
"4576",10,75408,6007082,5,2012,111,63,"Riverdale Elementary",93656
"4577",10,75408,6007082,6,2012,31,51,"Riverdale Elementary",93656
"4578",10,75408,6007082,6,2012,111,65.5,"Riverdale Elementary",93656
"4579",10,75408,6007082,7,2012,31,42,"Riverdale Elementary",93656
"4580",10,75408,6007082,7,2012,111,67,"Riverdale Elementary",93656
"4581",10,75408,6007082,8,2012,31,65.241134751773,"Riverdale Elementary",93656
"4582",10,75408,6007082,8,2012,111,69.9469026548673,"Riverdale Elementary",93656
"4583",10,75408,6007090,2,2012,31,67,"Fipps Primary",93656
"4584",10,75408,6007090,2,2012,111,86,"Fipps Primary",93656
"4585",10,75408,6007090,3,2012,31,63,"Fipps Primary",93656
"4586",10,75408,6007090,3,2012,111,73.5,"Fipps Primary",93656
"4587",10,75598,1030535,9,2012,31,30.6769662921348,"Caruthers High",93609
"4588",10,75598,1030535,9,2012,111,59.3673469387755,"Caruthers High",93609
"4589",10,75598,1030535,10,2012,31,31.2886405959032,"Caruthers High",93609
"4590",10,75598,1030535,10,2012,111,58,"Caruthers High",93609
"4591",10,75598,1030535,11,2012,31,23.2493368700265,"Caruthers High",93609
"4592",10,75598,1030535,11,2012,111,43.76,"Caruthers High",93609
"4593",10,75598,6005813,2,2012,31,46,"Caruthers Elementary",93609
"4594",10,75598,6005813,3,2012,31,43.5796178343949,"Caruthers Elementary",93609
"4595",10,75598,6005813,4,2012,31,51,"Caruthers Elementary",93609
"4596",10,75598,6005813,5,2012,31,43.3333333333333,"Caruthers Elementary",93609
"4597",10,75598,6005813,5,2012,111,94,"Caruthers Elementary",93609
"4598",10,75598,6005813,6,2012,31,44,"Caruthers Elementary",93609
"4599",10,75598,6005813,7,2012,31,44,"Caruthers Elementary",93609
"4600",10,75598,6005813,7,2012,111,91,"Caruthers Elementary",93609
"4601",10,75598,6005813,8,2012,31,47.812925170068,"Caruthers Elementary",93609
"4602",10,75598,6005813,8,2012,111,89.2765957446808,"Caruthers Elementary",93609
"4603",10,76778,1038306,9,2012,31,29.0627737226277,"Washington High",93706
"4604",10,76778,1038306,9,2012,111,4.5,"Washington High",93706
"4605",10,76778,1038306,10,2012,31,22.7278106508876,"Washington High",93706
"4606",10,76778,1038306,10,2012,111,25.0434782608696,"Washington High",93706
"4607",10,76778,1038306,11,2012,31,19.5927536231884,"Washington High",93706
"4608",10,76778,1038306,11,2012,111,29.5185185185185,"Washington High",93706
"4609",10,76778,6005748,2,2012,31,52,"American Union Elementary",93706
"4610",10,76778,6005748,3,2012,31,46.5,"American Union Elementary",93706
"4611",10,76778,6005748,4,2012,31,76,"American Union Elementary",93706
"4612",10,76778,6005748,4,2012,111,95.5,"American Union Elementary",93706
"4613",10,76778,6005748,5,2012,31,63,"American Union Elementary",93706
"4614",10,76778,6005748,6,2012,31,69.5,"American Union Elementary",93706
"4615",10,76778,6005748,7,2012,31,65.5,"American Union Elementary",93706
"4616",10,76778,6005748,7,2012,111,47,"American Union Elementary",93706
"4617",10,76778,6005748,8,2012,31,13.25,"American Union Elementary",93706
"4618",10,76778,6006605,2,2012,31,60.5,"West Fresno Elementary",93706
"4619",10,76778,6006605,3,2012,31,57.0748898678414,"West Fresno Elementary",93706
"4620",10,76778,6006605,4,2012,31,64.9354838709677,"West Fresno Elementary",93706
"4621",10,76778,6006605,5,2012,31,28.072,"West Fresno Elementary",93706
"4622",10,76778,6006613,6,2012,31,43.5,"West Fresno Middle",93706
"4623",10,76778,6006613,7,2012,31,24.9664429530201,"West Fresno Middle",93706
"4624",10,76778,6006613,8,2012,31,25.1661807580175,"West Fresno Middle",93706
"4625",11,10116,124909,2,2012,111,50,"Walden Academy",95988
"4626",11,10116,124909,3,2012,111,58.5,"Walden Academy",95988
"4627",11,10116,124909,4,2012,111,83,"Walden Academy",95988
"4628",11,10116,124909,5,2012,111,50,"Walden Academy",95988
"4629",11,62554,6007439,2,2012,31,38.5,"Capay Joint Union Elementary",95963
"4630",11,62554,6007439,3,2012,31,41.5,"Capay Joint Union Elementary",95963
"4631",11,62554,6007439,3,2012,111,73.5,"Capay Joint Union Elementary",95963
"4632",11,62554,6007439,4,2012,31,45.5,"Capay Joint Union Elementary",95963
"4633",11,62554,6007439,5,2012,111,73.6666666666667,"Capay Joint Union Elementary",95963
"4634",11,62554,6007439,6,2012,31,38,"Capay Joint Union Elementary",95963
"4635",11,62554,6007439,6,2012,111,86.5,"Capay Joint Union Elementary",95963
"4636",11,62554,6007439,7,2012,111,67,"Capay Joint Union Elementary",95963
"4637",11,62554,6007439,8,2012,111,82.75,"Capay Joint Union Elementary",95963
"4638",11,62596,6007454,4,2012,111,82.5,"Lake Elementary",95963
"4639",11,62596,6007454,5,2012,111,93,"Lake Elementary",95963
"4640",11,62596,6007454,8,2012,31,35.5,"Lake Elementary",95963
"4641",11,62638,6007504,3,2012,111,82,"Plaza Elementary",95963
"4642",11,62638,6007504,4,2012,111,77.5,"Plaza Elementary",95963
"4643",11,62638,6007504,5,2012,111,83.3333333333333,"Plaza Elementary",95963
"4644",11,62646,1136209,8,2012,31,44.6666666666667,"Princeton Junior-Senior High",95970
"4645",11,62646,1136209,9,2012,31,55,"Princeton Junior-Senior High",95970
"4646",11,62646,1136209,10,2012,31,53.5,"Princeton Junior-Senior High",95970
"4647",11,62646,1136209,11,2012,31,13.5,"Princeton Junior-Senior High",95970
"4648",11,62646,6089262,2,2012,31,37.5,"Princeton Elementary",95970
"4649",11,62646,6089262,4,2012,31,75,"Princeton Elementary",95970
"4650",11,62646,6089262,6,2012,31,60.5,"Princeton Elementary",95970
"4651",11,62661,1132851,9,2012,31,22.4072164948454,"Willows High",95988
"4652",11,62661,1132851,9,2012,111,48.9770992366412,"Willows High",95988
"4653",11,62661,1132851,10,2012,31,23.0629370629371,"Willows High",95988
"4654",11,62661,1132851,10,2012,111,37.0448979591837,"Willows High",95988
"4655",11,62661,1132851,11,2012,31,16.0217391304348,"Willows High",95988
"4656",11,62661,1132851,11,2012,111,28.929347826087,"Willows High",95988
"4657",11,62661,6007603,2,2012,31,21.5,"Murdock Elementary",95988
"4658",11,62661,6007603,2,2012,111,58.5,"Murdock Elementary",95988
"4659",11,62661,6007603,3,2012,31,29.0863309352518,"Murdock Elementary",95988
"4660",11,62661,6007603,3,2012,111,61,"Murdock Elementary",95988
"4661",11,62661,6007603,4,2012,31,33.8805970149254,"Murdock Elementary",95988
"4662",11,62661,6007603,4,2012,111,61.5,"Murdock Elementary",95988
"4663",11,62661,6007611,5,2012,31,21,"Willows Intermediate",95988
"4664",11,62661,6007611,5,2012,111,66.6666666666667,"Willows Intermediate",95988
"4665",11,62661,6007611,6,2012,31,38.0387596899225,"Willows Intermediate",95988
"4666",11,62661,6007611,6,2012,111,73.5,"Willows Intermediate",95988
"4667",11,62661,6007611,7,2012,31,42.5401459854015,"Willows Intermediate",95988
"4668",11,62661,6007611,7,2012,111,56.25,"Willows Intermediate",95988
"4669",11,62661,6007611,8,2012,31,45.01171875,"Willows Intermediate",95988
"4670",11,62661,6007611,8,2012,111,70.2197802197802,"Willows Intermediate",95988
"4671",11,75481,1135656,9,2012,31,30.4897260273973,"Orland High",95963
"4672",11,75481,1135656,9,2012,111,35.972972972973,"Orland High",95963
"4673",11,75481,1135656,10,2012,31,29.5383022774327,"Orland High",95963
"4674",11,75481,1135656,10,2012,111,48.4594594594595,"Orland High",95963
"4675",11,75481,1135656,11,2012,31,24.0746753246753,"Orland High",95963
"4676",11,75481,1135656,11,2012,111,44.9338235294118,"Orland High",95963
"4677",11,75481,6007470,3,2012,31,42.0274509803922,"Fairview Elementary",95963
"4678",11,75481,6007470,3,2012,111,57.5423728813559,"Fairview Elementary",95963
"4679",11,75481,6007470,4,2012,31,45.5263157894737,"Fairview Elementary",95963
"4680",11,75481,6007470,4,2012,111,73,"Fairview Elementary",95963
"4681",11,75481,6007470,5,2012,31,39.3333333333333,"Fairview Elementary",95963
"4682",11,75481,6007470,5,2012,111,79,"Fairview Elementary",95963
"4683",11,75481,6007488,2,2012,31,38.5,"Mill Street Elementary",95963
"4684",11,75481,6007488,2,2012,111,71.5,"Mill Street Elementary",95963
"4685",11,75481,6007496,6,2012,31,31,"Price Intermediate",95963
"4686",11,75481,6007496,6,2012,111,51.0943396226415,"Price Intermediate",95963
"4687",11,75481,6007496,7,2012,31,41.972972972973,"Price Intermediate",95963
"4688",11,75481,6007496,7,2012,111,62.3896103896104,"Price Intermediate",95963
"4689",11,75481,6007496,8,2012,31,35.2404580152672,"Price Intermediate",95963
"4690",11,75481,6007496,8,2012,111,58.9906542056075,"Price Intermediate",95963
"4691",11,76562,1133701,9,2012,31,36.2720588235294,"Hamilton High",95951
"4692",11,76562,1133701,9,2012,111,46.8823529411765,"Hamilton High",95951
"4693",11,76562,1133701,10,2012,31,42.8967136150235,"Hamilton High",95951
"4694",11,76562,1133701,10,2012,111,51.8461538461538,"Hamilton High",95951
"4695",11,76562,1133701,11,2012,31,23.0260869565217,"Hamilton High",95951
"4696",11,76562,1133701,11,2012,111,47.6162790697674,"Hamilton High",95951
"4697",11,76562,6007447,2,2012,31,37.5,"Hamilton Elementary",95951
"4698",11,76562,6007447,3,2012,31,25,"Hamilton Elementary",95951
"4699",11,76562,6007447,4,2012,31,69,"Hamilton Elementary",95951
"4700",11,76562,6007447,5,2012,31,41.6666666666667,"Hamilton Elementary",95951
"4701",11,76562,6007447,6,2012,31,22,"Hamilton Elementary",95951
"4702",11,76562,6007447,7,2012,31,36.4225352112676,"Hamilton Elementary",95951
"4703",11,76562,6007447,8,2012,31,35.6382978723404,"Hamilton Elementary",95951
"4704",12,10124,106161,8,2012,31,21.2957746478873,"Eureka Community",95501
"4705",12,10124,106161,9,2012,31,10.1217391304348,"Eureka Community",95501
"4706",12,10124,106161,10,2012,31,35.2857142857143,"Eureka Community",95501
"4707",12,62679,109975,2,2012,111,82,"Fuente Nueva Charter",95521
"4708",12,62679,111708,2,2012,111,86,"Union Street Charter",95521
"4709",12,62679,111708,3,2012,111,87,"Union Street Charter",95521
"4710",12,62679,111708,4,2012,111,91,"Union Street Charter",95521
"4711",12,62679,6007660,6,2012,31,45.4347826086956,"Sunny Brae Middle",95521
"4712",12,62679,6007660,6,2012,111,83.5135135135135,"Sunny Brae Middle",95521
"4713",12,62679,6007660,7,2012,31,70.9830508474576,"Sunny Brae Middle",95521
"4714",12,62679,6007660,7,2012,111,85.4133333333333,"Sunny Brae Middle",95521
"4715",12,62679,6007660,8,2012,31,66.317880794702,"Sunny Brae Middle",95521
"4716",12,62679,6007660,8,2012,111,86.9777777777778,"Sunny Brae Middle",95521
"4717",12,62679,6007678,2,2012,31,50,"Arcata Elementary",95521
"4718",12,62679,6007678,3,2012,31,29.219512195122,"Arcata Elementary",95521
"4719",12,62679,6007678,3,2012,111,88.5,"Arcata Elementary",95521
"4720",12,62679,6007678,4,2012,31,64,"Arcata Elementary",95521
"4721",12,62679,6007678,4,2012,111,71.1290322580645,"Arcata Elementary",95521
"4722",12,62679,6007678,5,2012,31,59.6915887850467,"Arcata Elementary",95521
"4723",12,62679,6007678,5,2012,111,94.2264150943396,"Arcata Elementary",95521
"4724",12,62687,107110,9,2012,111,60.5217391304348,"Six Rivers Charter High",95521
"4725",12,62687,107110,10,2012,111,69.2575757575758,"Six Rivers Charter High",95521
"4726",12,62687,107110,11,2012,111,37.5116279069767,"Six Rivers Charter High",95521
"4727",12,62687,124263,5,2012,111,41,"Laurel Tree Charter",95521
"4728",12,62687,124263,7,2012,111,64.5,"Laurel Tree Charter",95521
"4729",12,62687,1230705,9,2012,31,36.1276595744681,"Arcata High",95521
"4730",12,62687,1230705,9,2012,111,60.6673728813559,"Arcata High",95521
"4731",12,62687,1230705,10,2012,31,30.953488372093,"Arcata High",95521
"4732",12,62687,1230705,10,2012,111,58.2209302325581,"Arcata High",95521
"4733",12,62687,1230705,11,2012,31,58.5,"Arcata High",95521
"4734",12,62687,1230705,11,2012,111,54.3724394785847,"Arcata High",95521
"4735",12,62687,1235209,9,2012,31,36.7460317460317,"McKinleyville High",95519
"4736",12,62687,1235209,9,2012,111,53.2825278810409,"McKinleyville High",95519
"4737",12,62687,1235209,10,2012,31,35.1929824561403,"McKinleyville High",95519
"4738",12,62687,1235209,10,2012,111,53.6867167919799,"McKinleyville High",95519
"4739",12,62687,1235209,11,2012,31,37.688679245283,"McKinleyville High",95519
"4740",12,62687,1235209,11,2012,111,53.5730994152047,"McKinleyville High",95519
"4741",12,62745,6007736,3,2012,31,53,"Cutten Elementary",95503
"4742",12,62745,6007736,3,2012,111,83.5,"Cutten Elementary",95503
"4743",12,62745,6007736,4,2012,31,78.5,"Cutten Elementary",95503
"4744",12,62745,6007736,4,2012,111,78.5393258426966,"Cutten Elementary",95503
"4745",12,62745,6007736,5,2012,31,70.375,"Cutten Elementary",95503
"4746",12,62745,6007736,5,2012,111,68.6496350364963,"Cutten Elementary",95503
"4747",12,62745,6007736,6,2012,31,69.5849056603774,"Cutten Elementary",95503
"4748",12,62745,6007736,6,2012,111,85.4285714285714,"Cutten Elementary",95503
"4749",12,62745,6007744,2,2012,31,53,"Ridgewood Elementary",95503
"4750",12,62745,6007744,2,2012,111,67,"Ridgewood Elementary",95503
"4751",12,62794,6007850,2,2012,111,75,"Fieldbrook Elementary",95519
"4752",12,62794,6007850,3,2012,111,86.5,"Fieldbrook Elementary",95519
"4753",12,62794,6007850,6,2012,111,79,"Fieldbrook Elementary",95519
"4754",12,62802,6007868,6,2012,31,43.1159420289855,"Fortuna Middle",95540
"4755",12,62802,6007868,6,2012,111,83,"Fortuna Middle",95540
"4756",12,62802,6007868,7,2012,31,39.685393258427,"Fortuna Middle",95540
"4757",12,62802,6007868,7,2012,111,63.6944444444444,"Fortuna Middle",95540
"4758",12,62802,6007868,8,2012,31,41.3015075376884,"Fortuna Middle",95540
"4759",12,62802,6007868,8,2012,111,55.8571428571429,"Fortuna Middle",95540
"4760",12,62810,1233352,11,2012,31,2,"East High (Continuation)",95540
"4761",12,62810,1233402,9,2012,31,41.3448275862069,"Fortuna Union High",95540
"4762",12,62810,1233402,9,2012,111,39.6216814159292,"Fortuna Union High",95540
"4763",12,62810,1233402,10,2012,31,21.1315789473684,"Fortuna Union High",95540
"4764",12,62810,1233402,10,2012,111,37.9605734767025,"Fortuna Union High",95540
"4765",12,62810,1233402,11,2012,31,50,"Fortuna Union High",95540
"4766",12,62810,1233402,11,2012,111,39.2,"Fortuna Union High",95540
"4767",12,62828,6007884,2,2012,111,87.5,"Freshwater Elementary",95503
"4768",12,62828,6007884,3,2012,111,74.5,"Freshwater Elementary",95503
"4769",12,62828,6007884,4,2012,111,74.9615384615385,"Freshwater Elementary",95503
"4770",12,62828,6007884,5,2012,111,80,"Freshwater Elementary",95503
"4771",12,62828,6007884,6,2012,111,80.5,"Freshwater Elementary",95503
"4772",12,62828,6116289,7,2012,111,74.3846153846154,"Freshwater Charter Middle",95503
"4773",12,62828,6116289,8,2012,111,60.3802816901408,"Freshwater Charter Middle",95503
"4774",12,62885,6007942,2,2012,111,82,"Hydesville Elementary",95547
"4775",12,62885,6007942,3,2012,111,67,"Hydesville Elementary",95547
"4776",12,62885,6007942,4,2012,111,95.5,"Hydesville Elementary",95547
"4777",12,62885,6007942,5,2012,31,76,"Hydesville Elementary",95547
"4778",12,62885,6007942,6,2012,31,32,"Hydesville Elementary",95547
"4779",12,62901,1234004,9,2012,31,25.7209302325581,"Hoopa Valley High",95546
"4780",12,62901,1234004,9,2012,111,49.95,"Hoopa Valley High",95546
"4781",12,62901,1234004,10,2012,31,29.7027027027027,"Hoopa Valley High",95546
"4782",12,62901,1234004,10,2012,111,41.4700854700855,"Hoopa Valley High",95546
"4783",12,62901,1234004,11,2012,31,23.641975308642,"Hoopa Valley High",95546
"4784",12,62901,1234004,11,2012,111,32.5,"Hoopa Valley High",95546
"4785",12,62901,6007967,2,2012,31,37.5,"Hoopa Valley Elementary",95546
"4786",12,62901,6007967,4,2012,31,29,"Hoopa Valley Elementary",95546
"4787",12,62901,6007967,5,2012,31,23.3333333333333,"Hoopa Valley Elementary",95546
"4788",12,62901,6007967,6,2012,31,19.9012345679012,"Hoopa Valley Elementary",95546
"4789",12,62901,6007967,7,2012,31,32.5405405405405,"Hoopa Valley Elementary",95546
"4790",12,62901,6007967,8,2012,31,25.3866666666667,"Hoopa Valley Elementary",95546
"4791",12,62901,6007991,2,2012,31,19.5,"Trinity Valley Elementary",95573
"4792",12,62901,6007991,3,2012,31,17,"Trinity Valley Elementary",95573
"4793",12,62901,6007991,4,2012,31,48.7317073170732,"Trinity Valley Elementary",95573
"4794",12,62901,6007991,5,2012,31,29.3333333333333,"Trinity Valley Elementary",95573
"4795",12,62901,6007991,6,2012,31,27,"Trinity Valley Elementary",95573
"4796",12,62901,6007991,7,2012,31,55.1724137931034,"Trinity Valley Elementary",95573
"4797",12,62901,6007991,8,2012,31,20.4485981308411,"Trinity Valley Elementary",95573
"4798",12,62927,6008023,2,2012,31,31.5,"Loleta Elementary",95551
"4799",12,62927,6008023,3,2012,31,4.5,"Loleta Elementary",95551
"4800",12,62950,6008064,6,2012,31,53.712962962963,"McKinleyville Middle",95519
"4801",12,62950,6008064,6,2012,111,76.639175257732,"McKinleyville Middle",95519
"4802",12,62950,6008064,7,2012,31,58.5,"McKinleyville Middle",95519
"4803",12,62950,6008064,7,2012,111,85,"McKinleyville Middle",95519
"4804",12,62950,6008064,8,2012,31,51.6291079812207,"McKinleyville Middle",95519
"4805",12,62950,6008064,8,2012,111,65.5047318611987,"McKinleyville Middle",95519
"4806",12,62950,6008072,2,2012,31,66.5,"Morris Elementary",95519
"4807",12,62950,6008072,2,2012,111,85,"Morris Elementary",95519
"4808",12,62950,6008072,3,2012,31,61,"Morris Elementary",95519
"4809",12,62950,6008072,3,2012,111,86,"Morris Elementary",95519
"4810",12,62950,6008072,4,2012,31,65.5,"Morris Elementary",95519
"4811",12,62950,6008072,4,2012,111,81.5,"Morris Elementary",95519
"4812",12,62950,6008072,5,2012,31,45.6666666666667,"Morris Elementary",95519
"4813",12,62950,6008072,5,2012,111,63.3333333333333,"Morris Elementary",95519
"4814",12,62976,6008098,2,2012,31,44.5,"Pacific Union Elementary",95521
"4815",12,62976,6008098,2,2012,111,64,"Pacific Union Elementary",95521
"4816",12,62976,6008098,3,2012,31,38.1333333333333,"Pacific Union Elementary",95521
"4817",12,62976,6008098,3,2012,111,56,"Pacific Union Elementary",95521
"4818",12,62976,6008098,4,2012,31,41.8947368421053,"Pacific Union Elementary",95521
"4819",12,62976,6008098,4,2012,111,81,"Pacific Union Elementary",95521
"4820",12,62976,6008098,5,2012,31,45.4857142857143,"Pacific Union Elementary",95521
"4821",12,62976,6008098,5,2012,111,74.93,"Pacific Union Elementary",95521
"4822",12,62976,6008098,6,2012,31,45.0566037735849,"Pacific Union Elementary",95521
"4823",12,62976,6008098,6,2012,111,81,"Pacific Union Elementary",95521
"4824",12,62976,6008098,7,2012,31,40,"Pacific Union Elementary",95521
"4825",12,62976,6008098,7,2012,111,71.1139240506329,"Pacific Union Elementary",95521
"4826",12,62976,6008098,8,2012,31,65.5769230769231,"Pacific Union Elementary",95521
"4827",12,62976,6008098,8,2012,111,67.895652173913,"Pacific Union Elementary",95521
"4828",12,63008,6008114,2,2012,31,82.5,"Eagle Prairie Elementary",95562
"4829",12,63008,6008114,2,2012,111,54,"Eagle Prairie Elementary",95562
"4830",12,63008,6008114,3,2012,31,33.1794871794872,"Eagle Prairie Elementary",95562
"4831",12,63008,6008114,4,2012,31,73.5,"Eagle Prairie Elementary",95562
"4832",12,63008,6008114,5,2012,31,32,"Eagle Prairie Elementary",95562
"4833",12,63008,6008114,5,2012,111,70,"Eagle Prairie Elementary",95562
"4834",12,63008,6008122,6,2012,31,54.7575757575758,"Monument Middle",95562
"4835",12,63008,6008122,7,2012,31,55.5,"Monument Middle",95562
"4836",12,63008,6008122,8,2012,31,51.6785714285714,"Monument Middle",95562
"4837",12,63016,124164,3,2012,111,52.5,"Redwood Preparatory Charter",95540
"4838",12,63016,124164,4,2012,111,65,"Redwood Preparatory Charter",95540
"4839",12,63016,124164,5,2012,111,78,"Redwood Preparatory Charter",95540
"4840",12,63024,6008155,2,2012,31,62.5,"Stanwood A. Murphy Elementary",95565
"4841",12,63024,6008155,2,2012,111,45.5,"Stanwood A. Murphy Elementary",95565
"4842",12,63024,6008155,3,2012,31,40.4074074074074,"Stanwood A. Murphy Elementary",95565
"4843",12,63024,6008155,3,2012,111,54.5,"Stanwood A. Murphy Elementary",95565
"4844",12,63024,6008155,4,2012,31,59,"Stanwood A. Murphy Elementary",95565
"4845",12,63024,6008155,4,2012,111,41.5,"Stanwood A. Murphy Elementary",95565
"4846",12,63024,6008155,5,2012,31,71,"Stanwood A. Murphy Elementary",95565
"4847",12,63024,6008155,6,2012,31,44.8275862068966,"Stanwood A. Murphy Elementary",95565
"4848",12,63024,6008155,7,2012,31,44.734693877551,"Stanwood A. Murphy Elementary",95565
"4849",12,63024,6008155,7,2012,111,55,"Stanwood A. Murphy Elementary",95565
"4850",12,63024,6008155,8,2012,31,51.4864864864865,"Stanwood A. Murphy Elementary",95565
"4851",12,63032,124289,7,2012,31,33.5,"South Bay Charter",95503
"4852",12,63032,124289,7,2012,111,58,"South Bay Charter",95503
"4853",12,63032,124289,8,2012,31,36.25,"South Bay Charter",95503
"4854",12,63032,6008163,2,2012,31,40.5,"Pine Hill Elementary",95503
"4855",12,63032,6008163,2,2012,111,58,"Pine Hill Elementary",95503
"4856",12,63032,6008163,3,2012,31,43.5,"Pine Hill Elementary",95503
"4857",12,63032,6008163,3,2012,111,68.5,"Pine Hill Elementary",95503
"4858",12,63032,6008171,4,2012,31,58.5,"South Bay Elementary",95503
"4859",12,63032,6008171,4,2012,111,84,"South Bay Elementary",95503
"4860",12,63032,6008171,5,2012,31,45,"South Bay Elementary",95503
"4861",12,63032,6008171,5,2012,111,74.3333333333333,"South Bay Elementary",95503
"4862",12,63032,6008171,6,2012,31,52,"South Bay Elementary",95503
"4863",12,63032,6008171,6,2012,111,65,"South Bay Elementary",95503
"4864",12,63040,6008213,2,2012,31,47,"Redway Elementary",95560
"4865",12,63040,6008213,2,2012,111,54.5,"Redway Elementary",95560
"4866",12,63040,6008213,3,2012,31,58,"Redway Elementary",95560
"4867",12,63040,6008213,5,2012,31,48.6666666666667,"Redway Elementary",95560
"4868",12,63040,6008213,5,2012,111,77.6666666666667,"Redway Elementary",95560
"4869",12,63040,6008213,6,2012,31,61.5,"Redway Elementary",95560
"4870",12,63040,6008213,6,2012,111,52.1481481481481,"Redway Elementary",95560
"4871",12,63040,6008213,7,2012,31,58.5,"Redway Elementary",95560
"4872",12,63040,6008213,7,2012,111,75,"Redway Elementary",95560
"4873",12,63040,6008239,3,2012,111,31.5,"Whitethorn Elementary",95589
"4874",12,75374,1232909,9,2012,111,70.2,"Ferndale High",95536
"4875",12,75374,1232909,10,2012,111,41.621359223301,"Ferndale High",95536
"4876",12,75374,1232909,11,2012,111,49.6923076923077,"Ferndale High",95536
"4877",12,75374,6007843,2,2012,31,40.5,"Ferndale Elementary",95536
"4878",12,75374,6007843,2,2012,111,75,"Ferndale Elementary",95536
"4879",12,75374,6007843,3,2012,31,46.5,"Ferndale Elementary",95536
"4880",12,75374,6007843,3,2012,111,76.5,"Ferndale Elementary",95536
"4881",12,75374,6007843,4,2012,31,53,"Ferndale Elementary",95536
"4882",12,75374,6007843,4,2012,111,59.5,"Ferndale Elementary",95536
"4883",12,75374,6007843,5,2012,31,59.936170212766,"Ferndale Elementary",95536
"4884",12,75374,6007843,5,2012,111,63.3333333333333,"Ferndale Elementary",95536
"4885",12,75374,6007843,6,2012,31,50,"Ferndale Elementary",95536
"4886",12,75374,6007843,6,2012,111,65.6808510638298,"Ferndale Elementary",95536
"4887",12,75374,6007843,7,2012,111,79.5,"Ferndale Elementary",95536
"4888",12,75374,6007843,8,2012,31,79.5294117647059,"Ferndale Elementary",95536
"4889",12,75374,6007843,8,2012,111,77.325,"Ferndale Elementary",95536
"4890",12,75515,1232206,9,2012,31,43.375350140056,"Eureka Senior High",95501
"4891",12,75515,1232206,9,2012,111,68.9402298850575,"Eureka Senior High",95501
"4892",12,75515,1232206,10,2012,31,35.4481707317073,"Eureka Senior High",95501
"4893",12,75515,1232206,10,2012,111,60.5551782682513,"Eureka Senior High",95501
"4894",12,75515,1232206,11,2012,31,35.4210526315789,"Eureka Senior High",95501
"4895",12,75515,1232206,11,2012,111,55.9170731707317,"Eureka Senior High",95501
"4896",12,75515,6007751,2,2012,31,44,"Alice Birney Elementary",95503
"4897",12,75515,6007751,3,2012,31,50.5,"Alice Birney Elementary",95503
"4898",12,75515,6007751,4,2012,31,56.7938144329897,"Alice Birney Elementary",95503
"4899",12,75515,6007751,5,2012,31,33.3333333333333,"Alice Birney Elementary",95503
"4900",12,75515,6007751,6,2012,31,45.5,"Alice Birney Elementary",95503
"4901",12,75515,6007777,2,2012,31,51,"Grant Elementary",95503
"4902",12,75515,6007777,3,2012,31,50.2328767123288,"Grant Elementary",95503
"4903",12,75515,6007777,3,2012,111,87.5,"Grant Elementary",95503
"4904",12,75515,6007777,4,2012,31,56.962962962963,"Grant Elementary",95503
"4905",12,75515,6007777,4,2012,111,77.5,"Grant Elementary",95503
"4906",12,75515,6007777,5,2012,31,76.3265306122449,"Grant Elementary",95503
"4907",12,75515,6007777,5,2012,111,59,"Grant Elementary",95503
"4908",12,75515,6007777,6,2012,31,66,"Grant Elementary",95503
"4909",12,75515,6007793,2,2012,31,47,"Lafayette Elementary",95501
"4910",12,75515,6007793,3,2012,31,55.7205882352941,"Lafayette Elementary",95501
"4911",12,75515,6007793,4,2012,31,35.5569620253165,"Lafayette Elementary",95501
"4912",12,75515,6007793,5,2012,31,43.0173913043478,"Lafayette Elementary",95501
"4913",12,75515,6007793,5,2012,111,67.5945945945946,"Lafayette Elementary",95501
"4914",12,75515,6007827,2,2012,31,59.5,"Washington Elementary",95503
"4915",12,75515,6007827,2,2012,111,78.5,"Washington Elementary",95503
"4916",12,75515,6007827,3,2012,31,50,"Washington Elementary",95503
"4917",12,75515,6007827,3,2012,111,74.5,"Washington Elementary",95503
"4918",12,75515,6007827,4,2012,31,57.4590163934426,"Washington Elementary",95503
"4919",12,75515,6007827,4,2012,111,81,"Washington Elementary",95503
"4920",12,75515,6007827,5,2012,31,45.6724137931034,"Washington Elementary",95503
"4921",12,75515,6007827,5,2012,111,78.3333333333333,"Washington Elementary",95503
"4922",12,75515,6007827,6,2012,31,55.5641025641026,"Washington Elementary",95503
"4923",12,75515,6007827,6,2012,111,76.5,"Washington Elementary",95503
"4924",13,63099,112318,7,2012,31,49.9968701095462,"Enrique Camarena Jr. High",92231
"4925",13,63099,112318,8,2012,31,41.6905487804878,"Enrique Camarena Jr. High",92231
"4926",13,63099,113985,2,2012,31,60,"Cesar Chavez Elementary",92231
"4927",13,63099,113985,3,2012,31,47,"Cesar Chavez Elementary",92231
"4928",13,63099,113985,4,2012,31,66.010989010989,"Cesar Chavez Elementary",92231
"4929",13,63099,113985,5,2012,31,49,"Cesar Chavez Elementary",92231
"4930",13,63099,113985,6,2012,31,40.976833976834,"Cesar Chavez Elementary",92231
"4931",13,63099,1332204,10,2012,31,28.7047016772065,"Calexico High",92231
"4932",13,63099,1332204,11,2012,31,25.3646841862609,"Calexico High",92231
"4933",13,63099,6008346,2,2012,31,37.9393939393939,"Dool Elementary",92231
"4934",13,63099,6008346,3,2012,31,21,"Dool Elementary",92231
"4935",13,63099,6008346,4,2012,31,39.5245901639344,"Dool Elementary",92231
"4936",13,63099,6008346,5,2012,31,18,"Dool Elementary",92231
"4937",13,63099,6008346,6,2012,31,31,"Dool Elementary",92231
"4938",13,63099,6008361,2,2012,31,41.5,"Jefferson Elementary",92231
"4939",13,63099,6008361,3,2012,31,35.3757961783439,"Jefferson Elementary",92231
"4940",13,63099,6008361,4,2012,31,59.0760233918129,"Jefferson Elementary",92231
"4941",13,63099,6008361,5,2012,31,40.7071428571429,"Jefferson Elementary",92231
"4942",13,63099,6008361,6,2012,31,40.5187165775401,"Jefferson Elementary",92231
"4943",13,63099,6008379,2,2012,31,51.5,"Rockwood Elementary",92231
"4944",13,63099,6008379,3,2012,31,37,"Rockwood Elementary",92231
"4945",13,63099,6008379,4,2012,31,49,"Rockwood Elementary",92231
"4946",13,63099,6008379,5,2012,31,32,"Rockwood Elementary",92231
"4947",13,63099,6008379,6,2012,31,37.4846625766871,"Rockwood Elementary",92231
"4948",13,63099,6008387,2,2012,31,33.5,"Mains Elementary",92231
"4949",13,63099,6008387,3,2012,31,40.6146788990826,"Mains Elementary",92231
"4950",13,63099,6008387,4,2012,31,45.5546218487395,"Mains Elementary",92231
"4951",13,63099,6008387,5,2012,31,51.3333333333333,"Mains Elementary",92231
"4952",13,63099,6008387,6,2012,31,37.9756097560976,"Mains Elementary",92231
"4953",13,63107,1332501,9,2012,31,41.1519434628975,"Calipatria High",92233
"4954",13,63107,1332501,10,2012,31,42.0859598853868,"Calipatria High",92233
"4955",13,63107,1332501,11,2012,31,40.6759776536313,"Calipatria High",92233
"4956",13,63107,6008403,2,2012,31,53,"Grace Smith Elementary",92257
"4957",13,63107,6008403,3,2012,31,74.4285714285714,"Grace Smith Elementary",92257
"4958",13,63107,6008403,4,2012,31,48.24,"Grace Smith Elementary",92257
"4959",13,63107,6103535,2,2012,31,71.5,"Fremont Primary",92233
"4960",13,63107,6103535,3,2012,31,47.9259259259259,"Fremont Primary",92233
"4961",13,63107,6103535,4,2012,31,62.0289855072464,"Fremont Primary",92233
"4962",13,63115,1330133,9,2012,31,31.5176565008026,"Southwest High",92243
"4963",13,63115,1330133,9,2012,111,52.432915921288,"Southwest High",92243
"4964",13,63115,1330133,10,2012,31,33.4224021592443,"Southwest High",92243
"4965",13,63115,1330133,10,2012,111,53.9959731543624,"Southwest High",92243
"4966",13,63115,1330133,11,2012,31,30.2984644913628,"Southwest High",92243
"4967",13,63115,1330133,11,2012,111,43.3978685612789,"Southwest High",92243
"4968",13,63115,1333004,9,2012,31,31.0138121546961,"Central Union High",92243
"4969",13,63115,1333004,9,2012,111,52.8279569892473,"Central Union High",92243
"4970",13,63115,1333004,10,2012,31,38.8066337332392,"Central Union High",92243
"4971",13,63115,1333004,10,2012,111,48.9063444108761,"Central Union High",92243
"4972",13,63115,1333004,11,2012,31,36.1762252346194,"Central Union High",92243
"4973",13,63115,1333004,11,2012,111,51.9129353233831,"Central Union High",92243
"4974",13,63123,6008411,2,2012,31,64,"De Anza Magnet",92243
"4975",13,63123,6008411,2,2012,111,85,"De Anza Magnet",92243
"4976",13,63123,6008411,3,2012,31,51.7763157894737,"De Anza Magnet",92243
"4977",13,63123,6008411,3,2012,111,77,"De Anza Magnet",92243
"4978",13,63123,6008411,4,2012,31,88,"De Anza Magnet",92243
"4979",13,63123,6008411,4,2012,111,86,"De Anza Magnet",92243
"4980",13,63123,6008411,5,2012,31,69.3333333333333,"De Anza Magnet",92243
"4981",13,63123,6008411,5,2012,111,92,"De Anza Magnet",92243
"4982",13,63123,6008411,6,2012,31,18.5,"De Anza Magnet",92243
"4983",13,63123,6008411,6,2012,111,48.9454545454545,"De Anza Magnet",92243
"4984",13,63123,6008411,7,2012,31,54.4285714285714,"De Anza Magnet",92243
"4985",13,63123,6008411,7,2012,111,56.046511627907,"De Anza Magnet",92243
"4986",13,63123,6008411,8,2012,31,36.7731092436975,"De Anza Magnet",92243
"4987",13,63123,6008411,8,2012,111,48.2903225806452,"De Anza Magnet",92243
"4988",13,63123,6008429,2,2012,31,26.5,"Desert Garden Elementary",92243
"4989",13,63123,6008429,2,2012,111,82,"Desert Garden Elementary",92243
"4990",13,63123,6008429,3,2012,31,32.5,"Desert Garden Elementary",92243
"4991",13,63123,6008429,4,2012,31,51.063829787234,"Desert Garden Elementary",92243
"4992",13,63123,6008429,4,2012,111,75,"Desert Garden Elementary",92243
"4993",13,63123,6008429,5,2012,31,35.6666666666667,"Desert Garden Elementary",92243
"4994",13,63123,6008429,5,2012,111,68.6666666666667,"Desert Garden Elementary",92243
"4995",13,63123,6008429,6,2012,31,50.0377358490566,"Desert Garden Elementary",92243
"4996",13,63123,6008429,6,2012,111,95.5,"Desert Garden Elementary",92243
"4997",13,63123,6008437,2,2012,31,31.5,"Harding Elementary",92243
"4998",13,63123,6008437,3,2012,31,38.5,"Harding Elementary",92243
"4999",13,63123,6008437,4,2012,31,55,"Harding Elementary",92243
"5000",13,63123,6008437,5,2012,31,39.984375,"Harding Elementary",92243
"5001",13,63123,6008437,5,2012,111,61.6666666666667,"Harding Elementary",92243
"5002",13,63123,6008437,6,2012,31,47.9739130434783,"Harding Elementary",92243
"5003",13,63123,6008445,7,2012,31,41.9774919614148,"Kennedy Middle",92243
"5004",13,63123,6008445,7,2012,111,52.0344827586207,"Kennedy Middle",92243
"5005",13,63123,6008445,8,2012,31,53.8291605301915,"Kennedy Middle",92243
"5006",13,63123,6008445,8,2012,111,85.5,"Kennedy Middle",92243
"5007",13,63123,6008452,2,2012,31,48,"Lincoln Elementary",92243
"5008",13,63123,6008452,3,2012,31,34.8712871287129,"Lincoln Elementary",92243
"5009",13,63123,6008452,4,2012,31,55.5,"Lincoln Elementary",92243
"5010",13,63123,6008452,5,2012,31,53,"Lincoln Elementary",92243
"5011",13,63123,6008452,6,2012,31,56.5,"Lincoln Elementary",92243
"5012",13,63123,6008460,2,2012,31,53,"Margaret Hedrick Elementary",92243
"5013",13,63123,6008460,2,2012,111,93,"Margaret Hedrick Elementary",92243
"5014",13,63123,6008460,3,2012,31,45.8241758241758,"Margaret Hedrick Elementary",92243
"5015",13,63123,6008460,3,2012,111,58,"Margaret Hedrick Elementary",92243
"5016",13,63123,6008460,5,2012,31,61,"Margaret Hedrick Elementary",92243
"5017",13,63123,6008460,5,2012,111,82,"Margaret Hedrick Elementary",92243
"5018",13,63123,6008460,6,2012,31,78,"Margaret Hedrick Elementary",92243
"5019",13,63123,6008460,6,2012,111,66.5897435897436,"Margaret Hedrick Elementary",92243
"5020",13,63123,6008478,2,2012,31,37.5,"McKinley Elementary",92243
"5021",13,63123,6008478,3,2012,31,40,"McKinley Elementary",92243
"5022",13,63123,6008478,4,2012,31,46,"McKinley Elementary",92243
"5023",13,63123,6008478,5,2012,31,41.6666666666667,"McKinley Elementary",92243
"5024",13,63123,6008478,6,2012,31,37,"McKinley Elementary",92243
"5025",13,63123,6008486,2,2012,31,35,"Washington Elementary",92243
"5026",13,63123,6008486,3,2012,31,46.5,"Washington Elementary",92243
"5027",13,63123,6008486,4,2012,31,45,"Washington Elementary",92243
"5028",13,63123,6008486,5,2012,31,44.3333333333333,"Washington Elementary",92243
"5029",13,63123,6008486,6,2012,31,42,"Washington Elementary",92243
"5030",13,63123,6113658,2,2012,31,56.5,"Sunflower Elementary",92243
"5031",13,63123,6113658,2,2012,111,63,"Sunflower Elementary",92243
"5032",13,63123,6113658,3,2012,31,64,"Sunflower Elementary",92243
"5033",13,63123,6113658,3,2012,111,85,"Sunflower Elementary",92243
"5034",13,63123,6113658,4,2012,31,73.5,"Sunflower Elementary",92243
"5035",13,63123,6113658,4,2012,111,92,"Sunflower Elementary",92243
"5036",13,63123,6113658,5,2012,31,58.3333333333333,"Sunflower Elementary",92243
"5037",13,63123,6113658,5,2012,111,90.6666666666667,"Sunflower Elementary",92243
"5038",13,63123,6113658,6,2012,31,52,"Sunflower Elementary",92243
"5039",13,63123,6113658,6,2012,111,84,"Sunflower Elementary",92243
"5040",13,63131,6008502,2,2012,31,63,"Heber Elementary",92249
"5041",13,63131,6008502,3,2012,31,66,"Heber Elementary",92249
"5042",13,63131,6008502,4,2012,31,77,"Heber Elementary",92249
"5043",13,63131,6008502,4,2012,111,65,"Heber Elementary",92249
"5044",13,63131,6008502,5,2012,31,56.3887240356083,"Heber Elementary",92249
"5045",13,63131,6008502,5,2012,111,55.6666666666667,"Heber Elementary",92249
"5046",13,63131,6008502,6,2012,31,49.5,"Heber Elementary",92249
"5047",13,63131,6008502,6,2012,111,73,"Heber Elementary",92249
"5048",13,63131,6008502,7,2012,31,59,"Heber Elementary",92249
"5049",13,63131,6008502,7,2012,111,44,"Heber Elementary",92249
"5050",13,63131,6008502,8,2012,31,55.9217391304348,"Heber Elementary",92249
"5051",13,63131,6008502,8,2012,111,55.0666666666667,"Heber Elementary",92249
"5052",13,63149,1335306,9,2012,31,38.8716707021792,"Holtville High",92250
"5053",13,63149,1335306,10,2012,31,37.4502617801047,"Holtville High",92250
"5054",13,63149,1335306,11,2012,31,33.7844311377246,"Holtville High",92250
"5055",13,63149,6008536,2,2012,31,47,"Pine Elementary",92250
"5056",13,63149,6008536,3,2012,31,57.5,"Pine Elementary",92250
"5057",13,63149,6008536,4,2012,31,65,"Pine Elementary",92250
"5058",13,63149,6008536,5,2012,31,56,"Pine Elementary",92250
"5059",13,63149,6008536,6,2012,31,31,"Pine Elementary",92250
"5060",13,63149,6008536,7,2012,31,48.5,"Pine Elementary",92250
"5061",13,63149,6008536,8,2012,31,35.7169811320755,"Pine Elementary",92250
"5062",13,63164,1335900,9,2012,31,46.7125603864734,"Imperial High",92251
"5063",13,63164,1335900,9,2012,111,59.21926910299,"Imperial High",92251
"5064",13,63164,1335900,10,2012,31,40.5014577259475,"Imperial High",92251
"5065",13,63164,1335900,10,2012,111,59.7077114427861,"Imperial High",92251
"5066",13,63164,1335900,11,2012,31,51.453125,"Imperial High",92251
"5067",13,63164,1335900,11,2012,111,60.8085585585586,"Imperial High",92251
"5068",13,63164,6117808,2,2012,31,63.5,"T. L. Waggoner Elementary",92251
"5069",13,63164,6117808,2,2012,111,85,"T. L. Waggoner Elementary",92251
"5070",13,63164,6117808,3,2012,31,45.5,"T. L. Waggoner Elementary",92251
"5071",13,63164,6117808,3,2012,111,55.5,"T. L. Waggoner Elementary",92251
"5072",13,63164,6117808,4,2012,31,62.5409836065574,"T. L. Waggoner Elementary",92251
"5073",13,63164,6117808,4,2012,111,73,"T. L. Waggoner Elementary",92251
"5074",13,63164,6117808,5,2012,31,39.6666666666667,"T. L. Waggoner Elementary",92251
"5075",13,63164,6117808,5,2012,111,64,"T. L. Waggoner Elementary",92251
"5076",13,63172,6008585,3,2012,111,75,"Magnolia Elementary",92227
"5077",13,63172,6008585,4,2012,111,77,"Magnolia Elementary",92227
"5078",13,63172,6008585,5,2012,111,91.6666666666667,"Magnolia Elementary",92227
"5079",13,63172,6008585,7,2012,111,69,"Magnolia Elementary",92227
"5080",13,63172,6008585,8,2012,111,93.135593220339,"Magnolia Elementary",92227
"5081",13,63180,6008593,2,2012,31,80,"McCabe Elementary",92243
"5082",13,63180,6008593,2,2012,111,88.5,"McCabe Elementary",92243
"5083",13,63180,6008593,3,2012,31,76,"McCabe Elementary",92243
"5084",13,63180,6008593,3,2012,111,80,"McCabe Elementary",92243
"5085",13,63180,6008593,4,2012,31,66.1351351351351,"McCabe Elementary",92243
"5086",13,63180,6008593,4,2012,111,89,"McCabe Elementary",92243
"5087",13,63180,6008593,5,2012,31,64.0434782608696,"McCabe Elementary",92243
"5088",13,63180,6008593,5,2012,111,78.6666666666667,"McCabe Elementary",92243
"5089",13,63180,6008593,6,2012,31,76.5185185185185,"McCabe Elementary",92243
"5090",13,63180,6008593,6,2012,111,85.5,"McCabe Elementary",92243
"5091",13,63180,6008593,7,2012,31,43.5747126436782,"McCabe Elementary",92243
"5092",13,63180,6008593,7,2012,111,73.5,"McCabe Elementary",92243
"5093",13,63180,6008593,8,2012,31,64.6692307692308,"McCabe Elementary",92243
"5094",13,63180,6008593,8,2012,111,80.3720930232558,"McCabe Elementary",92243
"5095",13,63198,6008619,2,2012,31,50,"Meadows Elementary",92243
"5096",13,63198,6008619,3,2012,31,65,"Meadows Elementary",92243
"5097",13,63198,6008619,4,2012,31,64,"Meadows Elementary",92243
"5098",13,63198,6008619,5,2012,31,50,"Meadows Elementary",92243
"5099",13,63198,6008619,6,2012,31,42,"Meadows Elementary",92243
"5100",13,63198,6008619,7,2012,31,42,"Meadows Elementary",92243
"5101",13,63198,6008619,8,2012,31,38.9244186046512,"Meadows Elementary",92243
"5102",13,63214,1337609,9,2012,31,12.6064516129032,"San Pasqual Valley High",92283
"5103",13,63214,1337609,10,2012,31,27.9222222222222,"San Pasqual Valley High",92283
"5104",13,63214,1337609,11,2012,31,22.21875,"San Pasqual Valley High",92283
"5105",13,63214,6106298,6,2012,31,37.5148514851485,"San Pasqual Middle",92283
"5106",13,63214,6106298,7,2012,31,37.5454545454545,"San Pasqual Middle",92283
"5107",13,63214,6106298,8,2012,31,28.0043103448276,"San Pasqual Middle",92283
"5108",13,63222,6008643,2,2012,31,54.5,"Seeley Elementary",92273
"5109",13,63222,6008643,3,2012,31,42.5,"Seeley Elementary",92273
"5110",13,63222,6008643,4,2012,31,50,"Seeley Elementary",92273
"5111",13,63222,6008643,5,2012,31,65.3333333333333,"Seeley Elementary",92273
"5112",13,63222,6008643,6,2012,31,44.5,"Seeley Elementary",92273
"5113",13,63222,6008643,7,2012,31,41,"Seeley Elementary",92273
"5114",13,63222,6008643,8,2012,31,30.8804347826087,"Seeley Elementary",92273
"5115",13,63230,6008650,2,2012,31,34,"Westmorland Elementary",92281
"5116",13,63230,6008650,3,2012,31,25,"Westmorland Elementary",92281
"5117",13,63230,6008650,4,2012,31,44.5,"Westmorland Elementary",92281
"5118",13,63230,6008650,5,2012,31,34.3333333333333,"Westmorland Elementary",92281
"5119",13,63230,6008650,6,2012,31,29,"Westmorland Elementary",92281
"5120",13,63230,6008650,7,2012,31,48.5,"Westmorland Elementary",92281
"5121",13,63230,6008650,8,2012,31,31.75,"Westmorland Elementary",92281
"5122",14,63248,6008692,2,2012,31,56.5,"Big Pine Elementary",93513
"5123",14,63248,6008692,3,2012,31,41,"Big Pine Elementary",93513
"5124",14,63248,6008692,7,2012,31,22,"Big Pine Elementary",93513
"5125",14,63289,1434901,9,2012,31,36.390243902439,"Lone Pine High",93545
"5126",14,63289,1434901,10,2012,31,29.3333333333333,"Lone Pine High",93545
"5127",14,63289,1434901,10,2012,111,61,"Lone Pine High",93545
"5128",14,63289,1434901,11,2012,31,54.5,"Lone Pine High",93545
"5129",14,63289,1434901,11,2012,111,54.5,"Lone Pine High",93545
"5130",14,63289,6008775,2,2012,31,28,"Lo-Inyo Elementary",93545
"5131",14,63289,6008775,3,2012,31,63,"Lo-Inyo Elementary",93545
"5132",14,63289,6008775,4,2012,31,47,"Lo-Inyo Elementary",93545
"5133",14,63289,6008775,5,2012,31,57,"Lo-Inyo Elementary",93545
"5134",14,63289,6008775,6,2012,31,38,"Lo-Inyo Elementary",93545
"5135",14,63289,6008775,7,2012,31,47,"Lo-Inyo Elementary",93545
"5136",14,63289,6008775,8,2012,31,31.75,"Lo-Inyo Elementary",93545
"5137",14,63289,6008775,8,2012,111,84.25,"Lo-Inyo Elementary",93545
"5138",14,63305,6008809,2,2012,111,73,"Round Valley Elementary",93514
"5139",14,63305,6008809,5,2012,111,76,"Round Valley Elementary",93514
"5140",14,76687,1431600,9,2012,31,25.5337423312883,"Bishop Union High",93514
"5141",14,76687,1431600,9,2012,111,59.7453183520599,"Bishop Union High",93514
"5142",14,76687,1431600,10,2012,31,36.0250896057348,"Bishop Union High",93514
"5143",14,76687,1431600,10,2012,111,52.1052631578947,"Bishop Union High",93514
"5144",14,76687,1431600,11,2012,31,25.6137931034483,"Bishop Union High",93514
"5145",14,76687,1431600,11,2012,111,49.9814241486068,"Bishop Union High",93514
"5146",14,76687,6008700,6,2012,31,43.954954954955,"Home Street Middle",93514
"5147",14,76687,6008700,6,2012,111,70,"Home Street Middle",93514
"5148",14,76687,6008700,7,2012,31,43.6666666666667,"Home Street Middle",93514
"5149",14,76687,6008700,7,2012,111,66.455223880597,"Home Street Middle",93514
"5150",14,76687,6008700,8,2012,31,54.2981651376147,"Home Street Middle",93514
"5151",14,76687,6008700,8,2012,111,84.9518900343643,"Home Street Middle",93514
"5152",15,10157,1530302,8,2012,31,3.18461538461538,"Kern County Juvenile Court",93301
"5153",15,10157,1530302,9,2012,31,11.0192307692308,"Kern County Juvenile Court",93301
"5154",15,10157,1530302,10,2012,31,8.5,"Kern County Juvenile Court",93301
"5155",15,10157,1530302,11,2012,31,3.98630136986301,"Kern County Juvenile Court",93301
"5156",15,10157,1530310,5,2012,31,0,"Kern County Community",93301
"5157",15,10157,1530310,6,2012,31,4.96491228070175,"Kern County Community",93301
"5158",15,10157,1530310,7,2012,31,5.00606060606061,"Kern County Community",93301
"5159",15,10157,1530310,8,2012,31,4.03958691910499,"Kern County Community",93301
"5160",15,10157,1530310,8,2012,111,22.3518518518519,"Kern County Community",93301
"5161",15,10157,1530310,9,2012,31,6.55482166446499,"Kern County Community",93301
"5162",15,10157,1530310,9,2012,111,7.05405405405405,"Kern County Community",93301
"5163",15,10157,1530310,10,2012,31,3.77039274924471,"Kern County Community",93301
"5164",15,10157,1530310,10,2012,111,11.9577464788732,"Kern County Community",93301
"5165",15,10157,1530310,11,2012,31,2.8433734939759,"Kern County Community",93301
"5166",15,10157,1530310,11,2012,111,6,"Kern County Community",93301
"5167",15,10157,1530492,2,2012,111,47.0121212121212,"Valley Oaks Charter",93301
"5168",15,10157,1530492,3,2012,111,38,"Valley Oaks Charter",93301
"5169",15,10157,1530492,4,2012,111,47.5732484076433,"Valley Oaks Charter",93301
"5170",15,10157,1530492,5,2012,111,50.9707112970711,"Valley Oaks Charter",93301
"5171",15,10157,1530492,6,2012,111,40.5932203389831,"Valley Oaks Charter",93301
"5172",15,10157,1530492,7,2012,111,50.5502645502646,"Valley Oaks Charter",93301
"5173",15,10157,1530492,8,2012,111,41.5896103896104,"Valley Oaks Charter",93301
"5174",15,10157,1530492,9,2012,111,51.9265536723164,"Valley Oaks Charter",93301
"5175",15,10157,1530492,10,2012,111,46.2140762463343,"Valley Oaks Charter",93301
"5176",15,10157,1530492,11,2012,111,42.4729064039409,"Valley Oaks Charter",93301
"5177",15,63313,113027,2,2012,31,55.5,"El Camino Real Elementary",93203
"5178",15,63313,113027,3,2012,31,40.5,"El Camino Real Elementary",93203
"5179",15,63313,113027,4,2012,31,55.5,"El Camino Real Elementary",93203
"5180",15,63313,113027,4,2012,111,47.92,"El Camino Real Elementary",93203
"5181",15,63313,113027,5,2012,31,45.0264705882353,"El Camino Real Elementary",93203
"5182",15,63313,113027,6,2012,31,65,"El Camino Real Elementary",93203
"5183",15,63313,6008817,6,2012,31,8.5,"Haven Drive Middle",93203
"5184",15,63313,6008817,6,2012,111,13.5,"Haven Drive Middle",93203
"5185",15,63313,6008817,7,2012,31,35.5,"Haven Drive Middle",93203
"5186",15,63313,6008817,7,2012,111,43.5,"Haven Drive Middle",93203
"5187",15,63313,6008817,8,2012,31,33.1247933884298,"Haven Drive Middle",93203
"5188",15,63313,6008817,8,2012,111,40.1428571428571,"Haven Drive Middle",93203
"5189",15,63313,6008833,2,2012,31,32,"Sierra Vista Elementary",93203
"5190",15,63313,6008833,3,2012,31,30,"Sierra Vista Elementary",93203
"5191",15,63313,6008833,4,2012,31,48,"Sierra Vista Elementary",93203
"5192",15,63313,6008833,5,2012,31,27.6985074626866,"Sierra Vista Elementary",93203
"5193",15,63313,6008833,6,2012,31,41,"Sierra Vista Elementary",93203
"5194",15,63313,6110464,2,2012,31,58.5,"Bear Mountain Elementary",93203
"5195",15,63313,6110464,3,2012,31,39.5,"Bear Mountain Elementary",93203
"5196",15,63313,6110464,4,2012,31,47,"Bear Mountain Elementary",93203
"5197",15,63313,6110464,5,2012,31,26.0694006309148,"Bear Mountain Elementary",93203
"5198",15,63313,6110464,6,2012,31,34.5,"Bear Mountain Elementary",93203
"5199",15,63321,6008841,7,2012,31,59.5016611295681,"Chipman Junior High",93306
"5200",15,63321,6008841,7,2012,111,82.5,"Chipman Junior High",93306
"5201",15,63321,6008841,8,2012,31,44.0463137996219,"Chipman Junior High",93306
"5202",15,63321,6008841,8,2012,111,67.6775862068965,"Chipman Junior High",93306
"5203",15,63321,6008866,2,2012,31,54.5,"Casa Loma Elementary",93307
"5204",15,63321,6008866,3,2012,31,56.5,"Casa Loma Elementary",93307
"5205",15,63321,6008866,4,2012,31,45.5,"Casa Loma Elementary",93307
"5206",15,63321,6008866,5,2012,31,32.9413580246914,"Casa Loma Elementary",93307
"5207",15,63321,6008866,5,2012,111,36.3333333333333,"Casa Loma Elementary",93307
"5208",15,63321,6008874,2,2012,31,39.5,"Evergreen Elementary",93304
"5209",15,63321,6008874,3,2012,31,41.9433962264151,"Evergreen Elementary",93304
"5210",15,63321,6008874,4,2012,31,46.5081967213115,"Evergreen Elementary",93304
"5211",15,63321,6008874,5,2012,31,38.6666666666667,"Evergreen Elementary",93304
"5212",15,63321,6008882,2,2012,31,43.5,"College Heights Elementary",93305
"5213",15,63321,6008882,3,2012,31,29,"College Heights Elementary",93305
"5214",15,63321,6008882,4,2012,31,42.0630630630631,"College Heights Elementary",93305
"5215",15,63321,6008882,5,2012,31,45.0310559006211,"College Heights Elementary",93305
"5216",15,63321,6008882,6,2012,31,39.4861111111111,"College Heights Elementary",93305
"5217",15,63321,6008916,6,2012,31,24.5238095238095,"Emerson Middle",93304
"5218",15,63321,6008916,7,2012,31,30.0306748466258,"Emerson Middle",93304
"5219",15,63321,6008916,7,2012,111,43,"Emerson Middle",93304
"5220",15,63321,6008916,8,2012,31,27.1571428571429,"Emerson Middle",93304
"5221",15,63321,6008916,8,2012,111,55.2307692307692,"Emerson Middle",93304
"5222",15,63321,6008924,2,2012,31,47,"Frank West Elementary",93304
"5223",15,63321,6008924,3,2012,31,42.0710659898477,"Frank West Elementary",93304
"5224",15,63321,6008924,4,2012,31,50.5320197044335,"Frank West Elementary",93304
"5225",15,63321,6008924,5,2012,31,41.4623655913978,"Frank West Elementary",93304
"5226",15,63321,6008932,2,2012,31,60,"Franklin Elementary",93301
"5227",15,63321,6008932,3,2012,31,68.5,"Franklin Elementary",93301
"5228",15,63321,6008932,4,2012,31,82.5714285714286,"Franklin Elementary",93301
"5229",15,63321,6008932,4,2012,111,73,"Franklin Elementary",93301
"5230",15,63321,6008932,5,2012,31,61.3333333333333,"Franklin Elementary",93301
"5231",15,63321,6008932,6,2012,31,79.4415584415584,"Franklin Elementary",93301
"5232",15,63321,6008940,2,2012,31,37,"Fremont Elementary",93307
"5233",15,63321,6008940,3,2012,31,47,"Fremont Elementary",93307
"5234",15,63321,6008940,4,2012,31,36,"Fremont Elementary",93307
"5235",15,63321,6008940,5,2012,31,32.6997084548105,"Fremont Elementary",93307
"5236",15,63321,6008940,6,2012,31,30.027027027027,"Fremont Elementary",93307
"5237",15,63321,6008957,6,2012,31,43.5065666041276,"Sequoia Middle",93304
"5238",15,63321,6008957,6,2012,111,53,"Sequoia Middle",93304
"5239",15,63321,6008957,7,2012,31,45.0521172638436,"Sequoia Middle",93304
"5240",15,63321,6008957,7,2012,111,67,"Sequoia Middle",93304
"5241",15,63321,6008957,8,2012,31,34.6413540713632,"Sequoia Middle",93304
"5242",15,63321,6008957,8,2012,111,38.247191011236,"Sequoia Middle",93304
"5243",15,63321,6008965,2,2012,31,52,"Harding Elementary",93306
"5244",15,63321,6008965,2,2012,111,59.5,"Harding Elementary",93306
"5245",15,63321,6008965,3,2012,31,58.1234567901235,"Harding Elementary",93306
"5246",15,63321,6008965,3,2012,111,85.5,"Harding Elementary",93306
"5247",15,63321,6008965,4,2012,31,73.1525423728814,"Harding Elementary",93306
"5248",15,63321,6008965,4,2012,111,85.1219512195122,"Harding Elementary",93306
"5249",15,63321,6008965,5,2012,31,62.3422818791946,"Harding Elementary",93306
"5250",15,63321,6008965,5,2012,111,85,"Harding Elementary",93306
"5251",15,63321,6008965,6,2012,31,44.9217391304348,"Harding Elementary",93306
"5252",15,63321,6008965,6,2012,111,75,"Harding Elementary",93306
"5253",15,63321,6008981,2,2012,31,40.5,"Horace Mann Elementary",93306
"5254",15,63321,6008981,3,2012,31,56.7655502392345,"Horace Mann Elementary",93306
"5255",15,63321,6008981,4,2012,31,56,"Horace Mann Elementary",93306
"5256",15,63321,6008981,5,2012,31,43.0577507598784,"Horace Mann Elementary",93306
"5257",15,63321,6008999,2,2012,31,43.5,"Hort Elementary",93306
"5258",15,63321,6008999,2,2012,111,64,"Hort Elementary",93306
"5259",15,63321,6008999,3,2012,31,37.0755555555556,"Hort Elementary",93306
"5260",15,63321,6008999,3,2012,111,39.5,"Hort Elementary",93306
"5261",15,63321,6008999,4,2012,31,51.0228571428571,"Hort Elementary",93306
"5262",15,63321,6008999,4,2012,111,85,"Hort Elementary",93306
"5263",15,63321,6008999,5,2012,31,32.2185628742515,"Hort Elementary",93306
"5264",15,63321,6008999,5,2012,111,43,"Hort Elementary",93306
"5265",15,63321,6009005,6,2012,31,32,"Curran Middle",93309
"5266",15,63321,6009005,6,2012,111,25,"Curran Middle",93309
"5267",15,63321,6009005,7,2012,31,32.495670995671,"Curran Middle",93309
"5268",15,63321,6009005,7,2012,111,41.0196078431373,"Curran Middle",93309
"5269",15,63321,6009005,8,2012,31,23.8454356846473,"Curran Middle",93309
"5270",15,63321,6009005,8,2012,111,43.5384615384615,"Curran Middle",93309
"5271",15,63321,6009013,2,2012,31,39,"Jefferson Elementary",93305
"5272",15,63321,6009013,3,2012,31,30.0751445086705,"Jefferson Elementary",93305
"5273",15,63321,6009013,4,2012,31,36.0392156862745,"Jefferson Elementary",93305
"5274",15,63321,6009013,5,2012,31,26.3333333333333,"Jefferson Elementary",93305
"5275",15,63321,6009021,7,2012,31,46.5089463220676,"Compton Junior High",93306
"5276",15,63321,6009021,7,2012,111,73,"Compton Junior High",93306
"5277",15,63321,6009021,8,2012,31,37.1634199134199,"Compton Junior High",93306
"5278",15,63321,6009021,8,2012,111,65.4899598393574,"Compton Junior High",93306
"5279",15,63321,6009062,2,2012,31,47.5,"Longfellow Elementary",93305
"5280",15,63321,6009062,3,2012,31,39.5,"Longfellow Elementary",93305
"5281",15,63321,6009062,4,2012,31,42.5132275132275,"Longfellow Elementary",93305
"5282",15,63321,6009062,5,2012,31,45.6265560165975,"Longfellow Elementary",93305
"5283",15,63321,6009062,6,2012,31,34.360248447205,"Longfellow Elementary",93305
"5284",15,63321,6009070,2,2012,31,32.5,"McKinley Elementary",93304
"5285",15,63321,6009070,3,2012,31,27.5581395348837,"McKinley Elementary",93304
"5286",15,63321,6009070,4,2012,31,29,"McKinley Elementary",93304
"5287",15,63321,6009070,5,2012,31,33.3333333333333,"McKinley Elementary",93304
"5288",15,63321,6009070,6,2012,31,73,"McKinley Elementary",93304
"5289",15,63321,6009088,2,2012,31,45.5,"Mt. Vernon Elementary",93307
"5290",15,63321,6009088,3,2012,31,41.6986301369863,"Mt. Vernon Elementary",93307
"5291",15,63321,6009088,4,2012,31,50.5633802816901,"Mt. Vernon Elementary",93307
"5292",15,63321,6009088,5,2012,31,33.6666666666667,"Mt. Vernon Elementary",93307
"5293",15,63321,6009088,6,2012,31,56.5260115606936,"Mt. Vernon Elementary",93307
"5294",15,63321,6009096,2,2012,31,43,"Munsey Elementary",93309
"5295",15,63321,6009096,3,2012,31,43.5,"Munsey Elementary",93309
"5296",15,63321,6009096,4,2012,31,54.0497237569061,"Munsey Elementary",93309
"5297",15,63321,6009096,5,2012,31,37.508896797153,"Munsey Elementary",93309
"5298",15,63321,6009120,2,2012,31,42.5,"Pioneer Drive Elementary",93306
"5299",15,63321,6009120,3,2012,31,23.5,"Pioneer Drive Elementary",93306
"5300",15,63321,6009120,4,2012,31,57.4607329842932,"Pioneer Drive Elementary",93306
"5301",15,63321,6009120,5,2012,31,35.6225680933852,"Pioneer Drive Elementary",93306
"5302",15,63321,6009120,6,2012,31,29,"Pioneer Drive Elementary",93306
"5303",15,63321,6009146,2,2012,31,62,"Roosevelt Elementary",93304
"5304",15,63321,6009146,3,2012,31,42,"Roosevelt Elementary",93304
"5305",15,63321,6009146,4,2012,31,53.1428571428571,"Roosevelt Elementary",93304
"5306",15,63321,6009146,5,2012,31,36.2151162790698,"Roosevelt Elementary",93304
"5307",15,63321,6009153,6,2012,31,30.5,"Sierra Middle",93306
"5308",15,63321,6009153,7,2012,31,49.4685185185185,"Sierra Middle",93306
"5309",15,63321,6009153,8,2012,31,33.6620450606586,"Sierra Middle",93306
"5310",15,63321,6009153,8,2012,111,55.92,"Sierra Middle",93306
"5311",15,63321,6009161,2,2012,31,54,"Voorhies Elementary",93306
"5312",15,63321,6009161,2,2012,111,81,"Voorhies Elementary",93306
"5313",15,63321,6009161,3,2012,31,53.3076923076923,"Voorhies Elementary",93306
"5314",15,63321,6009161,3,2012,111,50,"Voorhies Elementary",93306
"5315",15,63321,6009161,4,2012,31,68.622009569378,"Voorhies Elementary",93306
"5316",15,63321,6009161,4,2012,111,84.5,"Voorhies Elementary",93306
"5317",15,63321,6009161,5,2012,31,42.0679245283019,"Voorhies Elementary",93306
"5318",15,63321,6009161,6,2012,31,64.4644549763033,"Voorhies Elementary",93306
"5319",15,63321,6009161,6,2012,111,79,"Voorhies Elementary",93306
"5320",15,63321,6009179,6,2012,31,34,"Washington Middle",93305
"5321",15,63321,6009179,7,2012,31,38.5,"Washington Middle",93305
"5322",15,63321,6009179,7,2012,111,53.5,"Washington Middle",93305
"5323",15,63321,6009179,8,2012,31,35.1953216374269,"Washington Middle",93305
"5324",15,63321,6009179,8,2012,111,44.1894736842105,"Washington Middle",93305
"5325",15,63321,6009187,2,2012,31,35.5,"Wayside Elementary",93307
"5326",15,63321,6009187,3,2012,31,48,"Wayside Elementary",93307
"5327",15,63321,6009187,4,2012,31,56.6078431372549,"Wayside Elementary",93307
"5328",15,63321,6009187,5,2012,31,56.0072727272727,"Wayside Elementary",93307
"5329",15,63321,6009203,2,2012,31,48.5033112582781,"Williams Elementary",93305
"5330",15,63321,6009203,3,2012,31,35.2794117647059,"Williams Elementary",93305
"5331",15,63321,6009203,4,2012,31,42.5454545454545,"Williams Elementary",93305
"5332",15,63321,6009203,5,2012,31,29.6666666666667,"Williams Elementary",93305
"5333",15,63321,6114284,2,2012,31,86.5,"Downtown Elementary",93301
"5334",15,63321,6114284,2,2012,111,89.5,"Downtown Elementary",93301
"5335",15,63321,6114284,3,2012,31,68.5,"Downtown Elementary",93301
"5336",15,63321,6114284,3,2012,111,74,"Downtown Elementary",93301
"5337",15,63321,6114284,4,2012,111,70,"Downtown Elementary",93301
"5338",15,63321,6114284,5,2012,111,89.3333333333333,"Downtown Elementary",93301
"5339",15,63321,6114284,6,2012,111,81,"Downtown Elementary",93301
"5340",15,63321,6114284,7,2012,111,77.5,"Downtown Elementary",93301
"5341",15,63321,6114284,8,2012,111,95,"Downtown Elementary",93301
"5342",15,63339,108589,2,2012,31,62.5,"San Lauren Elementary",93308
"5343",15,63339,108589,2,2012,111,79,"San Lauren Elementary",93308
"5344",15,63339,108589,3,2012,31,51.5,"San Lauren Elementary",93308
"5345",15,63339,108589,3,2012,111,90.5471698113208,"San Lauren Elementary",93308
"5346",15,63339,108589,4,2012,31,64,"San Lauren Elementary",93308
"5347",15,63339,108589,4,2012,111,79,"San Lauren Elementary",93308
"5348",15,63339,108589,5,2012,31,48.1898734177215,"San Lauren Elementary",93308
"5349",15,63339,108589,5,2012,111,73.3333333333333,"San Lauren Elementary",93308
"5350",15,63339,108589,6,2012,31,42.5,"San Lauren Elementary",93308
"5351",15,63339,108589,6,2012,111,68,"San Lauren Elementary",93308
"5352",15,63339,6009211,2,2012,31,38,"Beardsley Elementary",93308
"5353",15,63339,6009211,3,2012,31,45.8518518518519,"Beardsley Elementary",93308
"5354",15,63339,6009211,4,2012,31,61.5074626865672,"Beardsley Elementary",93308
"5355",15,63339,6009211,5,2012,31,22.3333333333333,"Beardsley Elementary",93308
"5356",15,63339,6009229,7,2012,31,53.5,"Beardsley Junior High",93308
"5357",15,63339,6009229,7,2012,111,67.5,"Beardsley Junior High",93308
"5358",15,63339,6009229,8,2012,31,60.4969818913481,"Beardsley Junior High",93308
"5359",15,63339,6009229,8,2012,111,61.3373493975904,"Beardsley Junior High",93308
"5360",15,63339,6009237,2,2012,31,44,"North Beardsley Elementary",93308
"5361",15,63339,6009237,2,2012,111,54.5,"North Beardsley Elementary",93308
"5362",15,63339,6009237,3,2012,31,36,"North Beardsley Elementary",93308
"5363",15,63339,6009237,4,2012,31,32,"North Beardsley Elementary",93308
"5364",15,63339,6009237,5,2012,31,31.6666666666667,"North Beardsley Elementary",93308
"5365",15,63339,6009237,6,2012,31,35,"North Beardsley Elementary",93308
"5366",15,63362,110775,7,2012,31,42.5,"Stonecreek Junior High",93313
"5367",15,63362,110775,7,2012,111,59.041095890411,"Stonecreek Junior High",93313
"5368",15,63362,110775,8,2012,31,41.305114638448,"Stonecreek Junior High",93313
"5369",15,63362,110775,8,2012,111,54.5670103092784,"Stonecreek Junior High",93313
"5370",15,63362,113951,2,2012,31,60,"Old River Elementary",93311
"5371",15,63362,113951,2,2012,111,71,"Old River Elementary",93311
"5372",15,63362,113951,3,2012,31,59.5934959349593,"Old River Elementary",93311
"5373",15,63362,113951,3,2012,111,75.5,"Old River Elementary",93311
"5374",15,63362,113951,4,2012,31,67.5,"Old River Elementary",93311
"5375",15,63362,113951,4,2012,111,83.5,"Old River Elementary",93311
"5376",15,63362,113951,5,2012,31,54.3457446808511,"Old River Elementary",93311
"5377",15,63362,113951,5,2012,111,68.6666666666667,"Old River Elementary",93311
"5378",15,63362,113951,6,2012,31,34,"Old River Elementary",93311
"5379",15,63362,113951,6,2012,111,69.5,"Old River Elementary",93311
"5380",15,63362,119099,2,2012,31,39.5,"Douglas J. Miller Elementary",93313
"5381",15,63362,119099,2,2012,111,53,"Douglas J. Miller Elementary",93313
"5382",15,63362,119099,3,2012,31,42,"Douglas J. Miller Elementary",93313
"5383",15,63362,119099,3,2012,111,64.5,"Douglas J. Miller Elementary",93313
"5384",15,63362,119099,4,2012,31,57.4939024390244,"Douglas J. Miller Elementary",93313
"5385",15,63362,119099,4,2012,111,85.5,"Douglas J. Miller Elementary",93313
"5386",15,63362,119099,5,2012,31,56.9744680851064,"Douglas J. Miller Elementary",93313
"5387",15,63362,119099,5,2012,111,88.3333333333333,"Douglas J. Miller Elementary",93313
"5388",15,63362,119099,6,2012,31,42,"Douglas J. Miller Elementary",93313
"5389",15,63362,119099,6,2012,111,60.780487804878,"Douglas J. Miller Elementary",93313
"5390",15,63362,6009260,2,2012,31,54,"Buena Vista Elementary",93311
"5391",15,63362,6009260,2,2012,111,65.5,"Buena Vista Elementary",93311
"5392",15,63362,6009260,3,2012,31,44.7421875,"Buena Vista Elementary",93311
"5393",15,63362,6009260,3,2012,111,69.5739130434783,"Buena Vista Elementary",93311
"5394",15,63362,6009260,4,2012,31,59,"Buena Vista Elementary",93311
"5395",15,63362,6009260,4,2012,111,76.0451127819549,"Buena Vista Elementary",93311
"5396",15,63362,6009260,5,2012,31,45.3801652892562,"Buena Vista Elementary",93311
"5397",15,63362,6009260,5,2012,111,66.6666666666667,"Buena Vista Elementary",93311
"5398",15,63362,6009260,6,2012,31,52.5785123966942,"Buena Vista Elementary",93311
"5399",15,63362,6009260,6,2012,111,62.5,"Buena Vista Elementary",93311
"5400",15,63362,6009948,2,2012,31,28.5,"Panama Elementary",93313
"5401",15,63362,6009948,2,2012,111,59.5,"Panama Elementary",93313
"5402",15,63362,6009948,3,2012,31,46.5,"Panama Elementary",93313
"5403",15,63362,6009948,3,2012,111,58.5,"Panama Elementary",93313
"5404",15,63362,6009948,4,2012,31,44.5744680851064,"Panama Elementary",93313
"5405",15,63362,6009948,4,2012,111,64.1525423728814,"Panama Elementary",93313
"5406",15,63362,6009948,5,2012,31,54.0108695652174,"Panama Elementary",93313
"5407",15,63362,6009948,5,2012,111,91.3333333333333,"Panama Elementary",93313
"5408",15,63362,6009948,6,2012,31,42,"Panama Elementary",93313
"5409",15,63362,6009948,6,2012,111,47.8135593220339,"Panama Elementary",93313
"5410",15,63362,6009955,2,2012,31,48,"Stine Elementary",93309
"5411",15,63362,6009955,3,2012,31,36.5,"Stine Elementary",93309
"5412",15,63362,6009955,4,2012,31,69.5329949238579,"Stine Elementary",93309
"5413",15,63362,6009955,4,2012,111,86.5,"Stine Elementary",93309
"5414",15,63362,6009955,5,2012,31,40.3456375838926,"Stine Elementary",93309
"5415",15,63362,6009955,5,2012,111,49,"Stine Elementary",93309
"5416",15,63362,6009955,6,2012,31,40.4313725490196,"Stine Elementary",93309
"5417",15,63362,6009955,6,2012,111,60,"Stine Elementary",93309
"5418",15,63362,6096986,2,2012,31,40,"Stockdale Elementary",93309
"5419",15,63362,6096986,2,2012,111,68,"Stockdale Elementary",93309
"5420",15,63362,6096986,3,2012,31,50,"Stockdale Elementary",93309
"5421",15,63362,6096986,3,2012,111,72.5,"Stockdale Elementary",93309
"5422",15,63362,6096986,4,2012,31,48.4186046511628,"Stockdale Elementary",93309
"5423",15,63362,6096986,4,2012,111,81.9677419354839,"Stockdale Elementary",93309
"5424",15,63362,6096986,5,2012,31,81.3333333333333,"Stockdale Elementary",93309
"5425",15,63362,6096986,5,2012,111,92,"Stockdale Elementary",93309
"5426",15,63362,6096986,6,2012,31,58.5,"Stockdale Elementary",93309
"5427",15,63362,6096986,6,2012,111,86,"Stockdale Elementary",93309
"5428",15,63362,6104632,2,2012,31,47,"Sing Lum Elementary",93311
"5429",15,63362,6104632,2,2012,111,58.5,"Sing Lum Elementary",93311
"5430",15,63362,6104632,3,2012,31,50.0708661417323,"Sing Lum Elementary",93311
"5431",15,63362,6104632,3,2012,111,58.9354838709677,"Sing Lum Elementary",93311
"5432",15,63362,6104632,4,2012,31,66.5,"Sing Lum Elementary",93311
"5433",15,63362,6104632,4,2012,111,81.041095890411,"Sing Lum Elementary",93311
"5434",15,63362,6104632,5,2012,31,47.6428571428571,"Sing Lum Elementary",93311
"5435",15,63362,6104632,5,2012,111,73.3333333333333,"Sing Lum Elementary",93311
"5436",15,63362,6104632,6,2012,31,42.4025974025974,"Sing Lum Elementary",93311
"5437",15,63362,6104632,6,2012,111,61,"Sing Lum Elementary",93311
"5438",15,63362,6105423,2,2012,31,42,"Laurelglen Elementary",93309
"5439",15,63362,6105423,2,2012,111,61,"Laurelglen Elementary",93309
"5440",15,63362,6105423,3,2012,31,40.5,"Laurelglen Elementary",93309
"5441",15,63362,6105423,3,2012,111,58,"Laurelglen Elementary",93309
"5442",15,63362,6105423,4,2012,31,63.5070422535211,"Laurelglen Elementary",93309
"5443",15,63362,6105423,4,2012,111,83,"Laurelglen Elementary",93309
"5444",15,63362,6105423,5,2012,31,64.3432835820896,"Laurelglen Elementary",93309
"5445",15,63362,6105423,5,2012,111,57.1978021978022,"Laurelglen Elementary",93309
"5446",15,63362,6105423,6,2012,31,34.5,"Laurelglen Elementary",93309
"5447",15,63362,6105423,6,2012,111,65,"Laurelglen Elementary",93309
"5448",15,63362,6107619,7,2012,31,56.0983606557377,"Tevis Junior High",93311
"5449",15,63362,6107619,7,2012,111,72.038961038961,"Tevis Junior High",93311
"5450",15,63362,6107619,8,2012,31,45.9320388349515,"Tevis Junior High",93311
"5451",15,63362,6107619,8,2012,111,70.4346666666667,"Tevis Junior High",93311
"5452",15,63362,6119994,2,2012,31,70.5,"Berkshire Elementary",93313
"5453",15,63362,6119994,2,2012,111,80.5,"Berkshire Elementary",93313
"5454",15,63362,6119994,3,2012,31,41,"Berkshire Elementary",93313
"5455",15,63362,6119994,3,2012,111,73.5849056603774,"Berkshire Elementary",93313
"5456",15,63362,6119994,4,2012,31,76,"Berkshire Elementary",93313
"5457",15,63362,6119994,4,2012,111,79.5,"Berkshire Elementary",93313
"5458",15,63362,6119994,5,2012,31,51,"Berkshire Elementary",93313
"5459",15,63362,6119994,5,2012,111,65.6666666666667,"Berkshire Elementary",93313
"5460",15,63362,6119994,6,2012,31,60.4798206278027,"Berkshire Elementary",93313
"5461",15,63362,6119994,6,2012,111,67.5,"Berkshire Elementary",93313
"5462",15,63370,6009278,2,2012,31,45.5,"Buttonwillow Elementary",93206
"5463",15,63370,6009278,3,2012,31,44,"Buttonwillow Elementary",93206
"5464",15,63370,6009278,4,2012,31,34.5,"Buttonwillow Elementary",93206
"5465",15,63370,6009278,5,2012,31,16.9716981132075,"Buttonwillow Elementary",93206
"5466",15,63370,6009278,7,2012,31,20,"Buttonwillow Elementary",93206
"5467",15,63370,6009278,8,2012,31,27.962962962963,"Buttonwillow Elementary",93206
"5468",15,63404,106575,2,2012,31,34,"Harvest Elementary",93215
"5469",15,63404,106575,2,2012,111,55,"Harvest Elementary",93215
"5470",15,63404,106575,3,2012,31,39.5818181818182,"Harvest Elementary",93215
"5471",15,63404,106575,3,2012,111,51.5,"Harvest Elementary",93215
"5472",15,63404,106575,4,2012,31,41.4713375796178,"Harvest Elementary",93215
"5473",15,63404,106575,4,2012,111,62.5,"Harvest Elementary",93215
"5474",15,63404,106575,5,2012,31,30.3775933609958,"Harvest Elementary",93215
"5475",15,63404,106575,5,2012,111,38,"Harvest Elementary",93215
"5476",15,63404,112185,6,2012,31,40,"La Vina Middle",93215
"5477",15,63404,112185,6,2012,111,66,"La Vina Middle",93215
"5478",15,63404,112185,7,2012,31,56.0176470588235,"La Vina Middle",93215
"5479",15,63404,112185,7,2012,111,69,"La Vina Middle",93215
"5480",15,63404,112185,8,2012,31,45.5925925925926,"La Vina Middle",93215
"5481",15,63404,112185,8,2012,111,68.15625,"La Vina Middle",93215
"5482",15,63404,120139,2,2012,31,24.5,"Nueva Vista Language Academy",93215
"5483",15,63404,120139,2,2012,111,43,"Nueva Vista Language Academy",93215
"5484",15,63404,120139,3,2012,31,47,"Nueva Vista Language Academy",93215
"5485",15,63404,120139,4,2012,31,32.5,"Nueva Vista Language Academy",93215
"5486",15,63404,120139,5,2012,31,18.6563706563707,"Nueva Vista Language Academy",93215
"5487",15,63404,120139,6,2012,31,44.4363636363636,"Nueva Vista Language Academy",93215
"5488",15,63404,120139,7,2012,31,45.5,"Nueva Vista Language Academy",93215
"5489",15,63404,120139,8,2012,31,25.9808612440191,"Nueva Vista Language Academy",93215
"5490",15,63404,6009344,2,2012,31,51,"Albany Park Elementary",93215
"5491",15,63404,6009344,2,2012,111,70,"Albany Park Elementary",93215
"5492",15,63404,6009344,3,2012,31,51.0610687022901,"Albany Park Elementary",93215
"5493",15,63404,6009344,3,2012,111,60.5,"Albany Park Elementary",93215
"5494",15,63404,6009344,4,2012,31,47.9315068493151,"Albany Park Elementary",93215
"5495",15,63404,6009344,4,2012,111,68.9850746268657,"Albany Park Elementary",93215
"5496",15,63404,6009344,5,2012,31,42,"Albany Park Elementary",93215
"5497",15,63404,6009344,5,2012,111,43.0451127819549,"Albany Park Elementary",93215
"5498",15,63404,6009377,2,2012,31,26,"Fremont Elementary",93215
"5499",15,63404,6009377,2,2012,111,60.5,"Fremont Elementary",93215
"5500",15,63404,6009377,3,2012,31,46.9425837320574,"Fremont Elementary",93215
"5501",15,63404,6009377,3,2012,111,63.5,"Fremont Elementary",93215
"5502",15,63404,6009377,4,2012,31,62.5,"Fremont Elementary",93215
"5503",15,63404,6009377,4,2012,111,40.5,"Fremont Elementary",93215
"5504",15,63404,6009377,5,2012,31,52,"Fremont Elementary",93215
"5505",15,63404,6009393,2,2012,31,43.5,"Terrace Elementary",93215
"5506",15,63404,6009393,2,2012,111,59,"Terrace Elementary",93215
"5507",15,63404,6009393,4,2012,31,47.5,"Terrace Elementary",93215
"5508",15,63404,6009393,4,2012,111,73.5,"Terrace Elementary",93215
"5509",15,63404,6009393,5,2012,31,35.477508650519,"Terrace Elementary",93215
"5510",15,63404,6111355,2,2012,31,36,"Princeton Street Elementary",93215
"5511",15,63404,6111355,2,2012,111,46,"Princeton Street Elementary",93215
"5512",15,63404,6111355,3,2012,31,49,"Princeton Street Elementary",93215
"5513",15,63404,6111355,3,2012,111,53.5,"Princeton Street Elementary",93215
"5514",15,63404,6111355,4,2012,31,54.5,"Princeton Street Elementary",93215
"5515",15,63404,6111355,4,2012,111,71,"Princeton Street Elementary",93215
"5516",15,63404,6111355,5,2012,31,32.3333333333333,"Princeton Street Elementary",93215
"5517",15,63404,6111355,5,2012,111,47,"Princeton Street Elementary",93215
"5518",15,63404,6115471,6,2012,31,44.501312335958,"Almond Tree Middle",93215
"5519",15,63404,6115471,6,2012,111,59,"Almond Tree Middle",93215
"5520",15,63404,6115471,7,2012,31,51.5120643431635,"Almond Tree Middle",93215
"5521",15,63404,6115471,7,2012,111,75,"Almond Tree Middle",93215
"5522",15,63404,6115471,8,2012,31,53.720741599073,"Almond Tree Middle",93215
"5523",15,63404,6115471,8,2012,111,74.75,"Almond Tree Middle",93215
"5524",15,63404,6117915,2,2012,31,39,"Morningside",93215
"5525",15,63404,6117915,2,2012,111,73.5,"Morningside",93215
"5526",15,63404,6117915,3,2012,31,51.3925925925926,"Morningside",93215
"5527",15,63404,6117915,3,2012,111,64,"Morningside",93215
"5528",15,63404,6117915,4,2012,31,68.5,"Morningside",93215
"5529",15,63404,6117915,4,2012,111,83.5,"Morningside",93215
"5530",15,63404,6117915,5,2012,31,40.6398305084746,"Morningside",93215
"5531",15,63404,6117915,5,2012,111,65,"Morningside",93215
"5532",15,63412,100529,9,2012,31,52.7637254901961,"Cesar E. Chavez High",93215
"5533",15,63412,100529,10,2012,31,67.5317286652079,"Cesar E. Chavez High",93215
"5534",15,63412,100529,11,2012,31,57.6153091265947,"Cesar E. Chavez High",93215
"5535",15,63412,116384,9,2012,31,38.2269503546099,"Robert F. Kennedy High",93215
"5536",15,63412,116384,10,2012,31,52.941431670282,"Robert F. Kennedy High",93215
"5537",15,63412,116384,11,2012,31,41.0996441281139,"Robert F. Kennedy High",93215
"5538",15,63412,1531656,9,2012,31,12,"Valley High",93215
"5539",15,63412,1531656,11,2012,31,3.03157894736842,"Valley High",93215
"5540",15,63412,1531672,9,2012,31,40.8768790264853,"Delano High",93215
"5541",15,63412,1531672,10,2012,31,51.2126038781163,"Delano High",93215
"5542",15,63412,1531672,11,2012,31,38.1124401913876,"Delano High",93215
"5543",15,63420,6009419,2,2012,31,29,"Di Giorgio Elementary",93203
"5544",15,63420,6009419,3,2012,31,21,"Di Giorgio Elementary",93203
"5545",15,63420,6009419,4,2012,31,62,"Di Giorgio Elementary",93203
"5546",15,63420,6009419,5,2012,31,27.6666666666667,"Di Giorgio Elementary",93203
"5547",15,63420,6009419,6,2012,31,41.5,"Di Giorgio Elementary",93203
"5548",15,63420,6009419,7,2012,31,37,"Di Giorgio Elementary",93203
"5549",15,63420,6009419,8,2012,31,51.8518518518519,"Di Giorgio Elementary",93203
"5550",15,63438,6009435,5,2012,31,53.3969465648855,"Edison Middle",93307
"5551",15,63438,6009435,6,2012,31,46.031746031746,"Edison Middle",93307
"5552",15,63438,6009435,6,2012,111,54,"Edison Middle",93307
"5553",15,63438,6009435,7,2012,31,42.0179372197309,"Edison Middle",93307
"5554",15,63438,6009435,7,2012,111,50,"Edison Middle",93307
"5555",15,63438,6009435,8,2012,31,59.3497854077253,"Edison Middle",93307
"5556",15,63438,6009435,8,2012,111,86.5,"Edison Middle",93307
"5557",15,63438,6009443,2,2012,31,52,"Orangewood Elementary",93306
"5558",15,63438,6009443,3,2012,31,44,"Orangewood Elementary",93306
"5559",15,63438,6009443,4,2012,31,35.5,"Orangewood Elementary",93306
"5560",15,63446,6009450,2,2012,31,18,"Elk Hills Elementary",93276
"5561",15,63446,6009450,3,2012,31,27,"Elk Hills Elementary",93276
"5562",15,63446,6009450,3,2012,111,29,"Elk Hills Elementary",93276
"5563",15,63446,6009450,4,2012,111,36,"Elk Hills Elementary",93276
"5564",15,63446,6009450,5,2012,31,24.6666666666667,"Elk Hills Elementary",93276
"5565",15,63446,6009450,7,2012,31,16.5,"Elk Hills Elementary",93276
"5566",15,63461,106690,3,2012,31,46.5,"Shirley Lane Elementary",93307
"5567",15,63461,106690,3,2012,111,46.5,"Shirley Lane Elementary",93307
"5568",15,63461,106690,4,2012,31,41.5741239892183,"Shirley Lane Elementary",93307
"5569",15,63461,106690,4,2012,111,26.4888888888889,"Shirley Lane Elementary",93307
"5570",15,63461,106690,5,2012,31,46.0980066445183,"Shirley Lane Elementary",93307
"5571",15,63461,106690,5,2012,111,45,"Shirley Lane Elementary",93307
"5572",15,63461,6009500,2,2012,31,41.5,"Virginia Avenue Elementary",93307
"5573",15,63461,6009500,2,2012,111,43.5,"Virginia Avenue Elementary",93307
"5574",15,63479,6101588,2,2012,31,54.5,"Quailwood Elementary",93309
"5575",15,63479,6101588,2,2012,111,71.5,"Quailwood Elementary",93309
"5576",15,63479,6101588,3,2012,31,56.5,"Quailwood Elementary",93309
"5577",15,63479,6101588,3,2012,111,73.5,"Quailwood Elementary",93309
"5578",15,63479,6101588,4,2012,31,45.4516129032258,"Quailwood Elementary",93309
"5579",15,63479,6101588,4,2012,111,73.5094339622642,"Quailwood Elementary",93309
"5580",15,63479,6101588,5,2012,31,55.3582089552239,"Quailwood Elementary",93309
"5581",15,63479,6101588,5,2012,111,76.3333333333333,"Quailwood Elementary",93309
"5582",15,63479,6101588,6,2012,31,59,"Quailwood Elementary",93309
"5583",15,63479,6101588,6,2012,111,78.5135135135135,"Quailwood Elementary",93309
"5584",15,63479,6104004,7,2012,31,55.0292682926829,"Fruitvale Junior High",93312
"5585",15,63479,6104004,7,2012,111,75,"Fruitvale Junior High",93312
"5586",15,63479,6104004,8,2012,31,64.8432671081678,"Fruitvale Junior High",93312
"5587",15,63479,6104004,8,2012,111,75.9742798353909,"Fruitvale Junior High",93312
"5588",15,63479,6109987,2,2012,31,58.5,"Discovery Elementary",93308
"5589",15,63479,6109987,2,2012,111,84.5,"Discovery Elementary",93308
"5590",15,63479,6109987,3,2012,31,64.5,"Discovery Elementary",93308
"5591",15,63479,6109987,3,2012,111,74.5369127516778,"Discovery Elementary",93308
"5592",15,63479,6109987,4,2012,31,88,"Discovery Elementary",93308
"5593",15,63479,6109987,4,2012,111,86.5,"Discovery Elementary",93308
"5594",15,63479,6109987,5,2012,31,62.3333333333333,"Discovery Elementary",93308
"5595",15,63479,6109987,5,2012,111,87.3333333333333,"Discovery Elementary",93308
"5596",15,63479,6109987,6,2012,31,44,"Discovery Elementary",93308
"5597",15,63479,6109987,6,2012,111,85,"Discovery Elementary",93308
"5598",15,63479,6112783,2,2012,31,59.5,"Columbia Elementary",93312
"5599",15,63479,6112783,2,2012,111,78,"Columbia Elementary",93312
"5600",15,63479,6112783,3,2012,31,57.5,"Columbia Elementary",93312
"5601",15,63479,6112783,3,2012,111,61.5,"Columbia Elementary",93312
"5602",15,63479,6112783,4,2012,31,86,"Columbia Elementary",93312
"5603",15,63479,6112783,4,2012,111,91,"Columbia Elementary",93312
"5604",15,63479,6112783,5,2012,31,52.6907216494845,"Columbia Elementary",93312
"5605",15,63479,6112783,5,2012,111,62.3333333333333,"Columbia Elementary",93312
"5606",15,63479,6112783,6,2012,31,80.5,"Columbia Elementary",93312
"5607",15,63479,6112783,6,2012,111,75.5,"Columbia Elementary",93312
"5608",15,63479,6112791,2,2012,31,56.5,"Endeavour Elementary",93312
"5609",15,63479,6112791,2,2012,111,82.5,"Endeavour Elementary",93312
"5610",15,63479,6112791,3,2012,31,77,"Endeavour Elementary",93312
"5611",15,63479,6112791,3,2012,111,87.5,"Endeavour Elementary",93312
"5612",15,63479,6112791,4,2012,31,56.9402985074627,"Endeavour Elementary",93312
"5613",15,63479,6112791,4,2012,111,74.5,"Endeavour Elementary",93312
"5614",15,63479,6112791,5,2012,31,48.3203125,"Endeavour Elementary",93312
"5615",15,63479,6112791,5,2012,111,77,"Endeavour Elementary",93312
"5616",15,63479,6112791,6,2012,31,58.037037037037,"Endeavour Elementary",93312
"5617",15,63479,6112791,6,2012,111,72.5,"Endeavour Elementary",93312
"5618",15,63487,6009534,2,2012,31,71,"General Shafter Elementary",93313
"5619",15,63487,6009534,3,2012,31,46.5,"General Shafter Elementary",93313
"5620",15,63487,6009534,4,2012,31,62.5,"General Shafter Elementary",93313
"5621",15,63487,6009534,6,2012,31,32.5,"General Shafter Elementary",93313
"5622",15,63487,6009534,8,2012,31,44.25,"General Shafter Elementary",93313
"5623",15,63503,101014,6,2012,31,37.5,"McKee Middle",93307
"5624",15,63503,101014,6,2012,111,53.4779411764706,"McKee Middle",93307
"5625",15,63503,101014,7,2012,31,46.0048780487805,"McKee Middle",93307
"5626",15,63503,101014,7,2012,111,54,"McKee Middle",93307
"5627",15,63503,101014,8,2012,31,61.0524553571429,"McKee Middle",93307
"5628",15,63503,101014,8,2012,111,62.9508196721311,"McKee Middle",93307
"5629",15,63503,110767,2,2012,31,56,"Horizon Elementary",93307
"5630",15,63503,110767,2,2012,111,55,"Horizon Elementary",93307
"5631",15,63503,110767,3,2012,31,40.1058201058201,"Horizon Elementary",93307
"5632",15,63503,110767,3,2012,111,43.3018867924528,"Horizon Elementary",93307
"5633",15,63503,110767,4,2012,31,58.487684729064,"Horizon Elementary",93307
"5634",15,63503,110767,4,2012,111,62.5,"Horizon Elementary",93307
"5635",15,63503,110767,5,2012,31,52.3458646616541,"Horizon Elementary",93307
"5636",15,63503,110767,5,2012,111,54,"Horizon Elementary",93307
"5637",15,63503,116715,3,2012,31,44.5,"Granite Pointe Elementary",93313
"5638",15,63503,116715,3,2012,111,55,"Granite Pointe Elementary",93313
"5639",15,63503,116715,4,2012,31,61.5194805194805,"Granite Pointe Elementary",93313
"5640",15,63503,116715,4,2012,111,80.5573770491803,"Granite Pointe Elementary",93313
"5641",15,63503,116715,5,2012,31,55.6666666666667,"Granite Pointe Elementary",93313
"5642",15,63503,116715,5,2012,111,58.3333333333333,"Granite Pointe Elementary",93313
"5643",15,63503,120865,6,2012,31,3,"Greenfield Community",93307
"5644",15,63503,120865,8,2012,31,3.78048780487805,"Greenfield Community",93307
"5645",15,63503,6009559,2,2012,31,49.5,"Fairview Elementary",93307
"5646",15,63503,6009559,2,2012,111,36.5,"Fairview Elementary",93307
"5647",15,63503,6009559,3,2012,31,40.5,"Fairview Elementary",93307
"5648",15,63503,6009559,3,2012,111,31.5,"Fairview Elementary",93307
"5649",15,63503,6009559,4,2012,31,61.4418604651163,"Fairview Elementary",93307
"5650",15,63503,6009559,5,2012,31,41.9748743718593,"Fairview Elementary",93307
"5651",15,63503,6009567,6,2012,31,40.5295508274232,"Greenfield Middle",93307
"5652",15,63503,6009567,6,2012,111,44,"Greenfield Middle",93307
"5653",15,63503,6009567,7,2012,31,53.0298210735587,"Greenfield Middle",93307
"5654",15,63503,6009567,7,2012,111,33.5,"Greenfield Middle",93307
"5655",15,63503,6009567,8,2012,31,43.2979166666667,"Greenfield Middle",93307
"5656",15,63503,6009567,8,2012,111,40.3316326530612,"Greenfield Middle",93307
"5657",15,63503,6009583,2,2012,31,59.5,"Plantation Elementary",93304
"5658",15,63503,6009583,2,2012,111,53,"Plantation Elementary",93304
"5659",15,63503,6009583,3,2012,31,74.5347593582888,"Plantation Elementary",93304
"5660",15,63503,6009583,3,2012,111,82,"Plantation Elementary",93304
"5661",15,63503,6009583,4,2012,31,47.609756097561,"Plantation Elementary",93304
"5662",15,63503,6009583,5,2012,31,58.0659340659341,"Plantation Elementary",93304
"5663",15,63503,6009591,2,2012,31,65,"Planz Elementary",93304
"5664",15,63503,6009591,2,2012,111,67,"Planz Elementary",93304
"5665",15,63503,6009591,3,2012,31,46.1135135135135,"Planz Elementary",93304
"5666",15,63503,6009591,3,2012,111,47.2941176470588,"Planz Elementary",93304
"5667",15,63503,6009591,4,2012,31,52.0538922155689,"Planz Elementary",93304
"5668",15,63503,6009591,4,2012,111,54,"Planz Elementary",93304
"5669",15,63503,6009591,5,2012,31,44.0267857142857,"Planz Elementary",93304
"5670",15,63503,6009591,5,2012,111,33.3333333333333,"Planz Elementary",93304
"5671",15,63529,100198,9,2012,31,35.2846003898635,"Golden Valley High",93307
"5672",15,63529,100198,9,2012,111,39.3296398891967,"Golden Valley High",93307
"5673",15,63529,100198,10,2012,31,36.6285169289461,"Golden Valley High",93307
"5674",15,63529,100198,10,2012,111,43.8399122807018,"Golden Valley High",93307
"5675",15,63529,100198,11,2012,31,27.6869896570495,"Golden Valley High",93307
"5676",15,63529,100198,11,2012,111,30.4219178082192,"Golden Valley High",93307
"5677",15,63529,110999,9,2012,31,37.7612244897959,"Frontier High",93314
"5678",15,63529,110999,9,2012,111,58.872131147541,"Frontier High",93314
"5679",15,63529,110999,10,2012,31,50.1290322580645,"Frontier High",93314
"5680",15,63529,110999,10,2012,111,64.3941320293399,"Frontier High",93314
"5681",15,63529,110999,11,2012,31,34.8501872659176,"Frontier High",93314
"5682",15,63529,110999,11,2012,111,53.3720547945206,"Frontier High",93314
"5683",15,63529,116392,9,2012,31,39.6919431279621,"Independence High",93311
"5684",15,63529,116392,9,2012,111,55.6392914653784,"Independence High",93311
"5685",15,63529,116392,10,2012,31,45.1673189823875,"Independence High",93311
"5686",15,63529,116392,10,2012,111,50.8640226628895,"Independence High",93311
"5687",15,63529,116392,11,2012,31,38.2289156626506,"Independence High",93311
"5688",15,63529,116392,11,2012,111,52.0778739184178,"Independence High",93311
"5689",15,63529,116400,9,2012,31,26.4604810996564,"Mira Monte High",93307
"5690",15,63529,116400,9,2012,111,41.7373737373737,"Mira Monte High",93307
"5691",15,63529,116400,10,2012,31,35.6222104144527,"Mira Monte High",93307
"5692",15,63529,116400,10,2012,111,43.0751445086705,"Mira Monte High",93307
"5693",15,63529,116400,11,2012,31,23.2940397350993,"Mira Monte High",93307
"5694",15,63529,116400,11,2012,111,37.042735042735,"Mira Monte High",93307
"5695",15,63529,1530047,11,2012,31,11.504132231405,"Nueva Continuation High",93241
"5696",15,63529,1530252,9,2012,31,18.1714836223507,"Arvin High",93203
"5697",15,63529,1530252,9,2012,111,29.4606741573034,"Arvin High",93203
"5698",15,63529,1530252,10,2012,31,28.3885989562425,"Arvin High",93203
"5699",15,63529,1530252,10,2012,111,35.0816326530612,"Arvin High",93203
"5700",15,63529,1530252,11,2012,31,24.0815154994259,"Arvin High",93203
"5701",15,63529,1530252,11,2012,111,32.3165467625899,"Arvin High",93203
"5702",15,63529,1530344,9,2012,31,32.9073569482289,"Stockdale High",93311
"5703",15,63529,1530344,9,2012,111,67.3052325581395,"Stockdale High",93311
"5704",15,63529,1530344,10,2012,31,43.8294573643411,"Stockdale High",93311
"5705",15,63529,1530344,10,2012,111,65.1201671891327,"Stockdale High",93311
"5706",15,63529,1530344,11,2012,31,33.0512129380054,"Stockdale High",93311
"5707",15,63529,1530344,11,2012,111,58.8547687861272,"Stockdale High",93311
"5708",15,63529,1530369,9,2012,31,48.0238805970149,"Centennial High",93312
"5709",15,63529,1530369,9,2012,111,65.7582417582418,"Centennial High",93312
"5710",15,63529,1530369,10,2012,31,57.3206106870229,"Centennial High",93312
"5711",15,63529,1530369,10,2012,111,69.8070997990623,"Centennial High",93312
"5712",15,63529,1530369,11,2012,31,39.9487179487179,"Centennial High",93312
"5713",15,63529,1530369,11,2012,111,54.5103391232423,"Centennial High",93312
"5714",15,63529,1530385,9,2012,31,33.1743421052632,"Ridgeview High",93313
"5715",15,63529,1530385,9,2012,111,46.2761506276151,"Ridgeview High",93313
"5716",15,63529,1530385,10,2012,31,38.6761083743842,"Ridgeview High",93313
"5717",15,63529,1530385,10,2012,111,52.125340599455,"Ridgeview High",93313
"5718",15,63529,1530385,11,2012,31,27.88298691301,"Ridgeview High",93313
"5719",15,63529,1530385,11,2012,111,36.4006024096386,"Ridgeview High",93313
"5720",15,63529,1530435,11,2012,31,5.32590529247911,"Kern Workforce 2000 Academy",93309
"5721",15,63529,1530435,11,2012,111,5.99173553719008,"Kern Workforce 2000 Academy",93309
"5722",15,63529,1530476,9,2012,31,41.3070539419087,"Liberty High",93312
"5723",15,63529,1530476,9,2012,111,62.0738461538462,"Liberty High",93312
"5724",15,63529,1530476,10,2012,31,49.7410256410256,"Liberty High",93312
"5725",15,63529,1530476,10,2012,111,57.4544920728127,"Liberty High",93312
"5726",15,63529,1530476,11,2012,31,28.7314049586777,"Liberty High",93312
"5727",15,63529,1530476,11,2012,111,49.9885361552028,"Liberty High",93312
"5728",15,63529,1530708,9,2012,31,25.253112033195,"Bakersfield High",93301
"5729",15,63529,1530708,9,2012,111,51.1940850277264,"Bakersfield High",93301
"5730",15,63529,1530708,10,2012,31,32.4962750716332,"Bakersfield High",93301
"5731",15,63529,1530708,10,2012,111,50.5390625,"Bakersfield High",93301
"5732",15,63529,1530708,11,2012,31,24.5164750957854,"Bakersfield High",93301
"5733",15,63529,1530708,11,2012,111,42.0540540540541,"Bakersfield High",93301
"5734",15,63529,1532290,9,2012,31,31.9087694483734,"East Bakersfield High",93306
"5735",15,63529,1532290,9,2012,111,46.9083333333333,"East Bakersfield High",93306
"5736",15,63529,1532290,10,2012,31,29.295995945261,"East Bakersfield High",93306
"5737",15,63529,1532290,10,2012,111,48.9047619047619,"East Bakersfield High",93306
"5738",15,63529,1532290,11,2012,31,20.0431754874652,"East Bakersfield High",93306
"5739",15,63529,1532290,11,2012,111,33.2793522267206,"East Bakersfield High",93306
"5740",15,63529,1532605,9,2012,31,33.4622441778405,"Foothill High",93306
"5741",15,63529,1532605,9,2012,111,31.1621621621622,"Foothill High",93306
"5742",15,63529,1532605,10,2012,31,36.7014326647564,"Foothill High",93306
"5743",15,63529,1532605,10,2012,111,51.7757575757576,"Foothill High",93306
"5744",15,63529,1532605,11,2012,31,28.6219081272085,"Foothill High",93306
"5745",15,63529,1532605,11,2012,111,42.1931818181818,"Foothill High",93306
"5746",15,63529,1533330,9,2012,31,32.3333333333333,"Highland High",93306
"5747",15,63529,1533330,9,2012,111,58.7430278884462,"Highland High",93306
"5748",15,63529,1533330,10,2012,31,38.3233201581028,"Highland High",93306
"5749",15,63529,1533330,10,2012,111,53.6466575716235,"Highland High",93306
"5750",15,63529,1533330,11,2012,31,25.6570048309179,"Highland High",93306
"5751",15,63529,1533330,11,2012,111,43.1026548672566,"Highland High",93306
"5752",15,63529,1533538,9,2012,31,30.979079497908,"Kern Valley High",93240
"5753",15,63529,1533538,9,2012,111,36.2417582417582,"Kern Valley High",93240
"5754",15,63529,1533538,10,2012,31,27.8934911242604,"Kern Valley High",93240
"5755",15,63529,1533538,10,2012,111,39.2183908045977,"Kern Valley High",93240
"5756",15,63529,1533538,11,2012,31,23.6559633027523,"Kern Valley High",93240
"5757",15,63529,1533538,11,2012,111,33.8562091503268,"Kern Valley High",93240
"5758",15,63529,1534775,9,2012,31,35.439858490566,"North High",93308
"5759",15,63529,1534775,9,2012,111,49.3594306049822,"North High",93308
"5760",15,63529,1534775,10,2012,31,46.0754237288136,"North High",93308
"5761",15,63529,1534775,10,2012,111,45.5347334410339,"North High",93308
"5762",15,63529,1534775,11,2012,31,32.3676470588235,"North High",93308
"5763",15,63529,1534775,11,2012,111,35.704641350211,"North High",93308
"5764",15,63529,1535087,9,2012,31,22.2035749751738,"Shafter High",93263
"5765",15,63529,1535087,9,2012,111,38.1277777777778,"Shafter High",93263
"5766",15,63529,1535087,10,2012,31,25.6644640234949,"Shafter High",93263
"5767",15,63529,1535087,10,2012,111,37.4338235294118,"Shafter High",93263
"5768",15,63529,1535087,11,2012,31,22.1815181518152,"Shafter High",93263
"5769",15,63529,1535087,11,2012,111,37.0189873417722,"Shafter High",93263
"5770",15,63529,1535392,9,2012,31,32.2732417138238,"South High",93304
"5771",15,63529,1535392,9,2012,111,36.7631578947368,"South High",93304
"5772",15,63529,1535392,10,2012,31,30.0708564386938,"South High",93304
"5773",15,63529,1535392,10,2012,111,41.0146341463415,"South High",93304
"5774",15,63529,1535392,11,2012,31,31.1339165545087,"South High",93304
"5775",15,63529,1535392,11,2012,111,42.018691588785,"South High",93304
"5776",15,63529,1536606,9,2012,31,29.3911262798635,"West High",93309
"5777",15,63529,1536606,9,2012,111,37.4319727891156,"West High",93309
"5778",15,63529,1536606,10,2012,31,37.501677852349,"West High",93309
"5779",15,63529,1536606,10,2012,111,45.9057471264368,"West High",93309
"5780",15,63529,1536606,11,2012,31,29.9117013639627,"West High",93309
"5781",15,63529,1536606,11,2012,111,48.0528301886792,"West High",93309
"5782",15,63545,122887,5,2012,31,42.961038961039,"Woodrow Wallace Middle",93240
"5783",15,63545,122887,5,2012,111,62.6666666666667,"Woodrow Wallace Middle",93240
"5784",15,63545,122887,6,2012,31,34.9124087591241,"Woodrow Wallace Middle",93240
"5785",15,63545,122887,6,2012,111,57.5,"Woodrow Wallace Middle",93240
"5786",15,63545,122887,7,2012,31,36.031746031746,"Woodrow Wallace Middle",93240
"5787",15,63545,122887,7,2012,111,64.3513513513514,"Woodrow Wallace Middle",93240
"5788",15,63545,122887,8,2012,31,45.4851063829787,"Woodrow Wallace Middle",93240
"5789",15,63545,122887,8,2012,111,68.6385542168675,"Woodrow Wallace Middle",93240
"5790",15,63545,6009658,2,2012,31,60.5,"Woodrow W. Wallace Elementary",93240
"5791",15,63545,6009658,3,2012,31,60.1688311688312,"Woodrow W. Wallace Elementary",93240
"5792",15,63545,6009658,4,2012,31,68.992,"Woodrow W. Wallace Elementary",93240
"5793",15,63545,6009658,4,2012,111,72.5,"Woodrow W. Wallace Elementary",93240
"5794",15,63552,6009666,2,2012,31,46,"Lakeside",93311
"5795",15,63552,6009666,3,2012,31,47,"Lakeside",93311
"5796",15,63552,6009666,4,2012,31,36.8857142857143,"Lakeside",93311
"5797",15,63552,6009666,4,2012,111,45,"Lakeside",93311
"5798",15,63552,6009666,5,2012,31,37.3333333333333,"Lakeside",93311
"5799",15,63552,6009666,6,2012,31,34,"Lakeside",93311
"5800",15,63552,6009666,6,2012,111,62.5,"Lakeside",93311
"5801",15,63552,6009666,7,2012,31,65.4434782608696,"Lakeside",93311
"5802",15,63552,6009666,7,2012,111,74,"Lakeside",93311
"5803",15,63552,6009666,8,2012,31,51.1577464788732,"Lakeside",93311
"5804",15,63552,6009666,8,2012,111,70.4717741935484,"Lakeside",93311
"5805",15,63552,6115042,2,2012,31,55.5,"Donald E. Suburu",93313
"5806",15,63552,6115042,2,2012,111,77.5,"Donald E. Suburu",93313
"5807",15,63552,6115042,3,2012,31,46.6071428571429,"Donald E. Suburu",93313
"5808",15,63552,6115042,3,2012,111,56.5670103092784,"Donald E. Suburu",93313
"5809",15,63552,6115042,4,2012,31,58.0405405405405,"Donald E. Suburu",93313
"5810",15,63552,6115042,4,2012,111,77.5,"Donald E. Suburu",93313
"5811",15,63552,6115042,5,2012,31,38.372972972973,"Donald E. Suburu",93313
"5812",15,63552,6115042,5,2012,111,62,"Donald E. Suburu",93313
"5813",15,63560,6009674,2,2012,31,39,"Alicante Avenue Elementary",93241
"5814",15,63560,6009674,2,2012,111,62.5,"Alicante Avenue Elementary",93241
"5815",15,63560,6009674,3,2012,31,40.5,"Alicante Avenue Elementary",93241
"5816",15,63560,6009674,3,2012,111,47.9655172413793,"Alicante Avenue Elementary",93241
"5817",15,63560,6009674,4,2012,31,44,"Alicante Avenue Elementary",93241
"5818",15,63560,6009674,5,2012,31,53.3333333333333,"Alicante Avenue Elementary",93241
"5819",15,63560,6009674,5,2012,111,57,"Alicante Avenue Elementary",93241
"5820",15,63560,6009674,6,2012,31,34.5,"Alicante Avenue Elementary",93241
"5821",15,63560,6009674,6,2012,111,38.5,"Alicante Avenue Elementary",93241
"5822",15,63560,6009682,2,2012,31,42.5,"Lamont Elementary",93241
"5823",15,63560,6009682,3,2012,31,47.0549019607843,"Lamont Elementary",93241
"5824",15,63560,6009708,4,2012,31,54.0960854092527,"Myrtle Avenue Elementary",93241
"5825",15,63560,6009708,4,2012,111,45.5,"Myrtle Avenue Elementary",93241
"5826",15,63560,6009708,5,2012,31,42.357476635514,"Myrtle Avenue Elementary",93241
"5827",15,63560,6009708,6,2012,31,44.5141700404858,"Myrtle Avenue Elementary",93241
"5828",15,63560,6009708,6,2012,111,56.5,"Myrtle Avenue Elementary",93241
"5829",15,63578,107771,2,2012,31,49.5,"Sequoia Elementary",93263
"5830",15,63578,107771,3,2012,31,39.14,"Sequoia Elementary",93263
"5831",15,63578,107771,4,2012,31,39.5,"Sequoia Elementary",93263
"5832",15,63578,107771,5,2012,31,41.3529411764706,"Sequoia Elementary",93263
"5833",15,63578,107771,6,2012,31,42.6666666666667,"Sequoia Elementary",93263
"5834",15,63578,6009989,2,2012,31,55,"Redwood Elementary",93263
"5835",15,63578,6009989,3,2012,31,34.6107382550336,"Redwood Elementary",93263
"5836",15,63578,6009989,4,2012,31,52,"Redwood Elementary",93263
"5837",15,63578,6009989,5,2012,31,33.0513447432763,"Redwood Elementary",93263
"5838",15,63578,6009989,6,2012,31,37,"Redwood Elementary",93263
"5839",15,63578,6010003,7,2012,31,44.0198675496689,"Richland Junior High",93263
"5840",15,63578,6010003,8,2012,31,40.6283783783784,"Richland Junior High",93263
"5841",15,63578,6090591,2,2012,31,56.5,"Golden Oak Elementary",93263
"5842",15,63578,6090591,3,2012,31,43.6360294117647,"Golden Oak Elementary",93263
"5843",15,63578,6090591,4,2012,31,67.6728110599078,"Golden Oak Elementary",93263
"5844",15,63578,6090591,5,2012,31,48,"Golden Oak Elementary",93263
"5845",15,63578,6090591,6,2012,31,43.5255102040816,"Golden Oak Elementary",93263
"5846",15,63594,6060420,2,2012,31,53.5,"Lost Hills Elementary",93249
"5847",15,63594,6060420,3,2012,31,47.5,"Lost Hills Elementary",93249
"5848",15,63594,6060420,4,2012,31,59.6050420168067,"Lost Hills Elementary",93249
"5849",15,63594,6060420,5,2012,31,38.6666666666667,"Lost Hills Elementary",93249
"5850",15,63610,6009732,2,2012,31,59,"Maple Elementary",93263
"5851",15,63610,6009732,3,2012,31,21.5,"Maple Elementary",93263
"5852",15,63610,6009732,3,2012,111,64,"Maple Elementary",93263
"5853",15,63610,6009732,4,2012,31,62.9428571428571,"Maple Elementary",93263
"5854",15,63610,6009732,4,2012,111,50,"Maple Elementary",93263
"5855",15,63610,6009732,5,2012,31,36,"Maple Elementary",93263
"5856",15,63610,6009732,5,2012,111,62.6666666666667,"Maple Elementary",93263
"5857",15,63610,6009732,6,2012,31,36,"Maple Elementary",93263
"5858",15,63610,6009732,6,2012,111,73,"Maple Elementary",93263
"5859",15,63610,6009732,7,2012,31,64,"Maple Elementary",93263
"5860",15,63610,6009732,7,2012,111,79,"Maple Elementary",93263
"5861",15,63610,6009732,8,2012,31,42.4235294117647,"Maple Elementary",93263
"5862",15,63628,122853,6,2012,31,16,"Maricopa Middle",93252
"5863",15,63628,122853,7,2012,31,33.5384615384615,"Maricopa Middle",93252
"5864",15,63628,122853,8,2012,31,45.4716981132075,"Maricopa Middle",93252
"5865",15,63628,1533843,9,2012,31,30.1276595744681,"Maricopa High",93252
"5866",15,63628,1533843,10,2012,31,10.7012987012987,"Maricopa High",93252
"5867",15,63628,1533843,11,2012,31,29,"Maricopa High",93252
"5868",15,63628,6009740,2,2012,31,19.5,"Maricopa Elementary",93252
"5869",15,63628,6009740,3,2012,31,19,"Maricopa Elementary",93252
"5870",15,63628,6009740,4,2012,31,26.1111111111111,"Maricopa Elementary",93252
"5871",15,63628,6009740,5,2012,31,17.6666666666667,"Maricopa Elementary",93252
"5872",15,63677,113837,4,2012,31,42,"Hacienda Elementary",93505
"5873",15,63677,113837,4,2012,111,66,"Hacienda Elementary",93505
"5874",15,63677,113837,5,2012,31,33.6648793565684,"Hacienda Elementary",93505
"5875",15,63677,113837,5,2012,111,52,"Hacienda Elementary",93505
"5876",15,63677,113837,6,2012,31,36.5067873303167,"Hacienda Elementary",93505
"5877",15,63677,113837,6,2012,111,58,"Hacienda Elementary",93505
"5878",15,63677,114512,9,2012,31,18.3321033210332,"California City High",93505
"5879",15,63677,114512,9,2012,111,32.0888888888889,"California City High",93505
"5880",15,63677,114512,10,2012,31,22.1090909090909,"California City High",93505
"5881",15,63677,114512,10,2012,111,36.8561151079137,"California City High",93505
"5882",15,63677,114512,11,2012,31,29.8471074380165,"California City High",93505
"5883",15,63677,114512,11,2012,111,52,"California City High",93505
"5884",15,63677,1534460,7,2012,31,22.8791208791209,"Mojave Jr./Sr. High",93501
"5885",15,63677,1534460,8,2012,31,18.6162790697674,"Mojave Jr./Sr. High",93501
"5886",15,63677,1534460,9,2012,31,14.9537037037037,"Mojave Jr./Sr. High",93501
"5887",15,63677,1534460,10,2012,31,13.1437908496732,"Mojave Jr./Sr. High",93501
"5888",15,63677,1534460,10,2012,111,46,"Mojave Jr./Sr. High",93501
"5889",15,63677,1534460,11,2012,31,22.9734513274336,"Mojave Jr./Sr. High",93501
"5890",15,63677,6009799,2,2012,31,40,"Mojave Elementary",93501
"5891",15,63677,6009799,3,2012,31,10,"Mojave Elementary",93501
"5892",15,63677,6009799,3,2012,111,11.5,"Mojave Elementary",93501
"5893",15,63677,6009799,4,2012,31,32,"Mojave Elementary",93501
"5894",15,63677,6009799,5,2012,31,28.6666666666667,"Mojave Elementary",93501
"5895",15,63677,6009799,6,2012,31,18,"Mojave Elementary",93501
"5896",15,63677,6111272,7,2012,31,25.565,"California City Middle",93505
"5897",15,63677,6111272,7,2012,111,44.4067796610169,"California City Middle",93505
"5898",15,63677,6111272,8,2012,31,26.0857787810384,"California City Middle",93505
"5899",15,63677,6111272,8,2012,111,39.7768595041322,"California City Middle",93505
"5900",15,63685,1530997,7,2012,31,25.8085106382979,"Boron Junior-Senior High",93516
"5901",15,63685,1530997,7,2012,111,58,"Boron Junior-Senior High",93516
"5902",15,63685,1530997,8,2012,31,39.3648648648649,"Boron Junior-Senior High",93516
"5903",15,63685,1530997,8,2012,111,53.7272727272727,"Boron Junior-Senior High",93516
"5904",15,63685,1530997,9,2012,31,29.7,"Boron Junior-Senior High",93516
"5905",15,63685,1530997,9,2012,111,71.1836734693878,"Boron Junior-Senior High",93516
"5906",15,63685,1530997,10,2012,31,26.0833333333333,"Boron Junior-Senior High",93516
"5907",15,63685,1530997,10,2012,111,32.7536231884058,"Boron Junior-Senior High",93516
"5908",15,63685,1530997,11,2012,31,29,"Boron Junior-Senior High",93516
"5909",15,63685,1530997,11,2012,111,34.2191780821918,"Boron Junior-Senior High",93516
"5910",15,63685,1531987,7,2012,31,33.5,"Desert Junior-Senior High",93523
"5911",15,63685,1531987,7,2012,111,53.6237623762376,"Desert Junior-Senior High",93523
"5912",15,63685,1531987,8,2012,111,57.0811455847255,"Desert Junior-Senior High",93523
"5913",15,63685,1531987,9,2012,31,64,"Desert Junior-Senior High",93523
"5914",15,63685,1531987,9,2012,111,46.9307692307692,"Desert Junior-Senior High",93523
"5915",15,63685,1531987,10,2012,111,53.5544147843943,"Desert Junior-Senior High",93523
"5916",15,63685,1531987,11,2012,111,46.3161290322581,"Desert Junior-Senior High",93523
"5917",15,63685,6009880,2,2012,31,70,"Irving L. Branch Elementary",93523
"5918",15,63685,6009880,2,2012,111,64,"Irving L. Branch Elementary",93523
"5919",15,63685,6009880,3,2012,31,65.6857142857143,"Irving L. Branch Elementary",93523
"5920",15,63685,6009880,3,2012,111,62.5481171548117,"Irving L. Branch Elementary",93523
"5921",15,63685,6009880,4,2012,31,54,"Irving L. Branch Elementary",93523
"5922",15,63685,6009880,4,2012,111,68.4700854700855,"Irving L. Branch Elementary",93523
"5923",15,63685,6009880,5,2012,31,50,"Irving L. Branch Elementary",93523
"5924",15,63685,6009880,5,2012,111,74.6666666666667,"Irving L. Branch Elementary",93523
"5925",15,63685,6009880,6,2012,31,31.4,"Irving L. Branch Elementary",93523
"5926",15,63685,6009880,6,2012,111,61,"Irving L. Branch Elementary",93523
"5927",15,63685,6009906,2,2012,31,52,"West Boron Elementary",93516
"5928",15,63685,6009906,2,2012,111,93,"West Boron Elementary",93516
"5929",15,63685,6009906,3,2012,31,92.5,"West Boron Elementary",93516
"5930",15,63685,6009906,3,2012,111,92,"West Boron Elementary",93516
"5931",15,63685,6009906,4,2012,31,36.5,"West Boron Elementary",93516
"5932",15,63685,6009906,5,2012,31,26.40625,"West Boron Elementary",93516
"5933",15,63685,6009906,5,2012,111,57,"West Boron Elementary",93516
"5934",15,63685,6009906,6,2012,31,55,"West Boron Elementary",93516
"5935",15,63685,6009906,6,2012,111,64.5,"West Boron Elementary",93516
"5936",15,63693,113738,2,2012,31,53,"Veterans Elementary",93312
"5937",15,63693,113738,2,2012,111,83.0053475935829,"Veterans Elementary",93312
"5938",15,63693,113738,3,2012,31,65,"Veterans Elementary",93312
"5939",15,63693,113738,3,2012,111,81.5,"Veterans Elementary",93312
"5940",15,63693,113738,4,2012,31,44.5,"Veterans Elementary",93312
"5941",15,63693,113738,4,2012,111,73,"Veterans Elementary",93312
"5942",15,63693,113738,5,2012,31,83.3333333333333,"Veterans Elementary",93312
"5943",15,63693,113738,5,2012,111,81.6666666666667,"Veterans Elementary",93312
"5944",15,63693,6009914,2,2012,31,62.5,"Norris Elementary",93312
"5945",15,63693,6009914,2,2012,111,75,"Norris Elementary",93312
"5946",15,63693,6009914,3,2012,31,55.5,"Norris Elementary",93312
"5947",15,63693,6009914,3,2012,111,80,"Norris Elementary",93312
"5948",15,63693,6009914,4,2012,31,54.5,"Norris Elementary",93312
"5949",15,63693,6009914,4,2012,111,78.5,"Norris Elementary",93312
"5950",15,63693,6009914,5,2012,31,65.6666666666667,"Norris Elementary",93312
"5951",15,63693,6009914,5,2012,111,76.6666666666667,"Norris Elementary",93312
"5952",15,63693,6103493,6,2012,31,51.0335195530726,"Norris Middle",93312
"5953",15,63693,6103493,6,2012,111,68.487091222031,"Norris Middle",93312
"5954",15,63693,6103493,7,2012,31,43.5,"Norris Middle",93312
"5955",15,63693,6103493,7,2012,111,66.5261538461538,"Norris Middle",93312
"5956",15,63693,6103493,8,2012,31,53.8024316109423,"Norris Middle",93312
"5957",15,63693,6103493,8,2012,111,64.6111518708731,"Norris Middle",93312
"5958",15,63693,6108575,2,2012,31,39,"Olive Drive Elementary",93308
"5959",15,63693,6108575,2,2012,111,65,"Olive Drive Elementary",93308
"5960",15,63693,6108575,3,2012,31,58.5,"Olive Drive Elementary",93308
"5961",15,63693,6108575,3,2012,111,80.5794392523364,"Olive Drive Elementary",93308
"5962",15,63693,6108575,4,2012,31,58,"Olive Drive Elementary",93308
"5963",15,63693,6108575,4,2012,111,80.5,"Olive Drive Elementary",93308
"5964",15,63693,6108575,5,2012,31,28.3333333333333,"Olive Drive Elementary",93308
"5965",15,63693,6108575,5,2012,111,77.3333333333333,"Olive Drive Elementary",93308
"5966",15,63719,6009963,2,2012,31,70,"Pond Elementary",93280
"5967",15,63719,6009963,3,2012,31,64,"Pond Elementary",93280
"5968",15,63719,6009963,4,2012,31,82.5,"Pond Elementary",93280
"5969",15,63719,6009963,5,2012,31,77.6666666666667,"Pond Elementary",93280
"5970",15,63719,6009963,6,2012,31,35.2888888888889,"Pond Elementary",93280
"5971",15,63719,6009963,7,2012,31,61.6923076923077,"Pond Elementary",93280
"5972",15,63719,6009963,8,2012,31,58.9444444444444,"Pond Elementary",93280
"5973",15,63750,111245,2,2012,31,61,"American Elementary",93312
"5974",15,63750,111245,2,2012,111,73.5,"American Elementary",93312
"5975",15,63750,111245,3,2012,31,63.5,"American Elementary",93312
"5976",15,63750,111245,3,2012,111,87.0503597122302,"American Elementary",93312
"5977",15,63750,111245,4,2012,31,57,"American Elementary",93312
"5978",15,63750,111245,4,2012,111,80,"American Elementary",93312
"5979",15,63750,111245,5,2012,31,68.3333333333333,"American Elementary",93312
"5980",15,63750,111245,5,2012,111,73.6666666666667,"American Elementary",93312
"5981",15,63750,111245,6,2012,31,35.9836065573771,"American Elementary",93312
"5982",15,63750,111245,6,2012,111,73.5,"American Elementary",93312
"5983",15,63750,6010029,7,2012,31,52.0791366906475,"Rosedale Middle",93312
"5984",15,63750,6010029,7,2012,111,65.6910112359551,"Rosedale Middle",93312
"5985",15,63750,6010029,8,2012,31,51.8102766798419,"Rosedale Middle",93312
"5986",15,63750,6010029,8,2012,111,74.8047393364929,"Rosedale Middle",93312
"5987",15,63750,6096127,2,2012,31,44,"Rosedale-North Elementary",93312
"5988",15,63750,6096127,2,2012,111,76.5,"Rosedale-North Elementary",93312
"5989",15,63750,6096127,3,2012,31,57.9473684210526,"Rosedale-North Elementary",93312
"5990",15,63750,6096127,3,2012,111,53.8461538461538,"Rosedale-North Elementary",93312
"5991",15,63750,6096127,4,2012,31,51.0175438596491,"Rosedale-North Elementary",93312
"5992",15,63750,6096127,4,2012,111,62,"Rosedale-North Elementary",93312
"5993",15,63750,6096127,5,2012,31,72.6666666666667,"Rosedale-North Elementary",93312
"5994",15,63750,6096127,5,2012,111,76.6666666666667,"Rosedale-North Elementary",93312
"5995",15,63750,6096127,6,2012,31,54.0361445783133,"Rosedale-North Elementary",93312
"5996",15,63750,6096127,6,2012,111,50,"Rosedale-North Elementary",93312
"5997",15,63750,6108781,2,2012,31,39.5,"Centennial Elementary",93314
"5998",15,63750,6108781,2,2012,111,77.5,"Centennial Elementary",93314
"5999",15,63750,6108781,3,2012,31,23.64,"Centennial Elementary",93314
"6000",15,63750,6108781,3,2012,111,69.5,"Centennial Elementary",93314
"6001",15,63750,6108781,4,2012,31,71.5,"Centennial Elementary",93314
"6002",15,63750,6108781,4,2012,111,84.9842519685039,"Centennial Elementary",93314
"6003",15,63750,6108781,5,2012,31,41.6666666666667,"Centennial Elementary",93314
"6004",15,63750,6108781,5,2012,111,70.3457446808511,"Centennial Elementary",93314
"6005",15,63750,6108781,6,2012,31,29.5,"Centennial Elementary",93314
"6006",15,63750,6108781,6,2012,111,63,"Centennial Elementary",93314
"6007",15,63750,6110431,2,2012,31,52.5,"Del Rio Elementary",93314
"6008",15,63750,6110431,2,2012,111,66,"Del Rio Elementary",93314
"6009",15,63750,6110431,3,2012,31,36,"Del Rio Elementary",93314
"6010",15,63750,6110431,3,2012,111,56.5,"Del Rio Elementary",93314
"6011",15,63750,6110431,4,2012,31,50,"Del Rio Elementary",93314
"6012",15,63750,6110431,4,2012,111,76.4675324675325,"Del Rio Elementary",93314
"6013",15,63750,6110431,5,2012,31,38.6666666666667,"Del Rio Elementary",93314
"6014",15,63750,6110431,5,2012,111,57.3333333333333,"Del Rio Elementary",93314
"6015",15,63750,6110431,6,2012,31,43,"Del Rio Elementary",93314
"6016",15,63750,6110431,6,2012,111,43.7931034482759,"Del Rio Elementary",93314
"6017",15,63750,6111686,2,2012,31,75.5,"Almondale Elementary",93312
"6018",15,63750,6111686,2,2012,111,69,"Almondale Elementary",93312
"6019",15,63750,6111686,3,2012,31,48.7142857142857,"Almondale Elementary",93312
"6020",15,63750,6111686,3,2012,111,68.6533333333333,"Almondale Elementary",93312
"6021",15,63750,6111686,4,2012,31,60.5,"Almondale Elementary",93312
"6022",15,63750,6111686,4,2012,111,72.4778761061947,"Almondale Elementary",93312
"6023",15,63750,6111686,5,2012,31,58.3333333333333,"Almondale Elementary",93312
"6024",15,63750,6111686,5,2012,111,75.00625,"Almondale Elementary",93312
"6025",15,63750,6111686,6,2012,31,47.377358490566,"Almondale Elementary",93312
"6026",15,63750,6111686,6,2012,111,74,"Almondale Elementary",93312
"6027",15,63750,6113484,2,2012,31,46,"Independence Elementary",93312
"6028",15,63750,6113484,2,2012,111,54,"Independence Elementary",93312
"6029",15,63750,6113484,3,2012,31,30.5,"Independence Elementary",93312
"6030",15,63750,6113484,3,2012,111,61,"Independence Elementary",93312
"6031",15,63750,6113484,4,2012,31,58.375,"Independence Elementary",93312
"6032",15,63750,6113484,4,2012,111,77,"Independence Elementary",93312
"6033",15,63750,6113484,5,2012,31,43,"Independence Elementary",93312
"6034",15,63750,6113484,5,2012,111,76.6666666666667,"Independence Elementary",93312
"6035",15,63750,6113484,6,2012,31,54,"Independence Elementary",93312
"6036",15,63750,6113484,6,2012,111,81,"Independence Elementary",93312
"6037",15,63750,6117717,7,2012,31,37.9512195121951,"Freedom Middle",93312
"6038",15,63750,6117717,7,2012,111,58.983908045977,"Freedom Middle",93312
"6039",15,63750,6117717,8,2012,31,50.0555555555556,"Freedom Middle",93312
"6040",15,63750,6117717,8,2012,111,65.7427027027027,"Freedom Middle",93312
"6041",15,63750,6120398,2,2012,31,56,"Patriot Elementary",93312
"6042",15,63750,6120398,2,2012,111,66.5,"Patriot Elementary",93312
"6043",15,63750,6120398,3,2012,31,68.6315789473684,"Patriot Elementary",93312
"6044",15,63750,6120398,3,2012,111,75.0503144654088,"Patriot Elementary",93312
"6045",15,63750,6120398,4,2012,31,68.5,"Patriot Elementary",93312
"6046",15,63750,6120398,4,2012,111,79.4821428571429,"Patriot Elementary",93312
"6047",15,63750,6120398,5,2012,31,31.3333333333333,"Patriot Elementary",93312
"6048",15,63750,6120398,5,2012,111,76.6936936936937,"Patriot Elementary",93312
"6049",15,63750,6120398,6,2012,31,39.4264705882353,"Patriot Elementary",93312
"6050",15,63750,6120398,6,2012,111,62,"Patriot Elementary",93312
"6051",15,63768,6010037,2,2012,31,63,"Semitropic Elementary",93280
"6052",15,63768,6010037,3,2012,31,17.5,"Semitropic Elementary",93280
"6053",15,63768,6010037,4,2012,31,39,"Semitropic Elementary",93280
"6054",15,63768,6010037,5,2012,31,17.3333333333333,"Semitropic Elementary",93280
"6055",15,63768,6010037,6,2012,31,19.5,"Semitropic Elementary",93280
"6056",15,63768,6010037,7,2012,31,24,"Semitropic Elementary",93280
"6057",15,63768,6010037,8,2012,31,19.1228070175439,"Semitropic Elementary",93280
"6058",15,63776,6010045,2,2012,31,29.5,"Rosamond Elementary",93560
"6059",15,63776,6010045,2,2012,111,41,"Rosamond Elementary",93560
"6060",15,63776,6010045,3,2012,31,40,"Rosamond Elementary",93560
"6061",15,63776,6010045,3,2012,111,52.5,"Rosamond Elementary",93560
"6062",15,63776,6010045,4,2012,31,57.5,"Rosamond Elementary",93560
"6063",15,63776,6010045,4,2012,111,64,"Rosamond Elementary",93560
"6064",15,63776,6010045,5,2012,31,30.8780487804878,"Rosamond Elementary",93560
"6065",15,63776,6010045,5,2012,111,56.2739726027397,"Rosamond Elementary",93560
"6066",15,63776,6010052,6,2012,31,23,"Tropico Middle",93560
"6067",15,63776,6010052,6,2012,111,52,"Tropico Middle",93560
"6068",15,63776,6010052,7,2012,31,32.0287539936102,"Tropico Middle",93560
"6069",15,63776,6010052,7,2012,111,58,"Tropico Middle",93560
"6070",15,63776,6010052,8,2012,31,29.4761904761905,"Tropico Middle",93560
"6071",15,63776,6010052,8,2012,111,33.8989898989899,"Tropico Middle",93560
"6072",15,63784,6010060,2,2012,31,41,"South Fork Elementary",93283
"6073",15,63784,6010060,3,2012,31,53.5,"South Fork Elementary",93283
"6074",15,63784,6010060,4,2012,31,68.5,"South Fork Elementary",93283
"6075",15,63792,6010078,2,2012,31,56.5,"Highland Elementary",93308
"6076",15,63792,6010078,2,2012,111,64,"Highland Elementary",93308
"6077",15,63792,6010078,3,2012,31,56.9497206703911,"Highland Elementary",93308
"6078",15,63792,6010078,3,2012,111,56.5,"Highland Elementary",93308
"6079",15,63792,6010078,4,2012,31,50.0245398773006,"Highland Elementary",93308
"6080",15,63792,6010078,4,2012,111,67.9135802469136,"Highland Elementary",93308
"6081",15,63792,6010078,5,2012,31,57.0354330708661,"Highland Elementary",93308
"6082",15,63792,6010078,5,2012,111,62.3490566037736,"Highland Elementary",93308
"6083",15,63792,6010086,2,2012,31,48.5,"Standard Elementary",93308
"6084",15,63792,6010086,2,2012,111,36,"Standard Elementary",93308
"6085",15,63792,6010086,3,2012,31,45.5,"Standard Elementary",93308
"6086",15,63792,6010086,4,2012,31,54.0655737704918,"Standard Elementary",93308
"6087",15,63792,6010086,5,2012,31,57.3696682464455,"Standard Elementary",93308
"6088",15,63792,6010086,5,2012,111,66.6666666666667,"Standard Elementary",93308
"6089",15,63792,6010094,6,2012,31,41.4545454545455,"Standard Middle",93308
"6090",15,63792,6010094,6,2012,111,52.0697674418605,"Standard Middle",93308
"6091",15,63792,6010094,7,2012,31,36.0504201680672,"Standard Middle",93308
"6092",15,63792,6010094,7,2012,111,50.5,"Standard Middle",93308
"6093",15,63792,6010094,8,2012,31,45.9985207100592,"Standard Middle",93308
"6094",15,63792,6010094,8,2012,111,54.9870410367171,"Standard Middle",93308
"6095",15,63792,6010102,2,2012,31,39.4928229665072,"Wingland Elementary",93308
"6096",15,63792,6010102,2,2012,111,50,"Wingland Elementary",93308
"6097",15,63792,6010102,3,2012,31,39.0710059171598,"Wingland Elementary",93308
"6098",15,63792,6010102,3,2012,111,42,"Wingland Elementary",93308
"6099",15,63792,6010102,4,2012,31,45.5102040816327,"Wingland Elementary",93308
"6100",15,63792,6010102,4,2012,111,64,"Wingland Elementary",93308
"6101",15,63792,6010102,5,2012,31,47.3388429752066,"Wingland Elementary",93308
"6102",15,63792,6010102,5,2012,111,69.027027027027,"Wingland Elementary",93308
"6103",15,63800,6010110,2,2012,31,41.5,"Conley Elementary",93268
"6104",15,63800,6010110,3,2012,31,50,"Conley Elementary",93268
"6105",15,63800,6010110,3,2012,111,77,"Conley Elementary",93268
"6106",15,63800,6010128,2,2012,31,31,"Jefferson Elementary",93268
"6107",15,63800,6010128,3,2012,31,37.2098765432099,"Jefferson Elementary",93268
"6108",15,63800,6010144,2,2012,31,34.5,"Parkview Elementary",93268
"6109",15,63800,6010144,2,2012,111,48.5,"Parkview Elementary",93268
"6110",15,63800,6010144,3,2012,31,63.5,"Parkview Elementary",93268
"6111",15,63800,6010144,3,2012,111,64,"Parkview Elementary",93268
"6112",15,63800,6010151,4,2012,31,53.4882943143813,"Roosevelt Elementary",93268
"6113",15,63800,6010151,4,2012,111,64.5,"Roosevelt Elementary",93268
"6114",15,63800,6010151,5,2012,31,63.6666666666667,"Roosevelt Elementary",93268
"6115",15,63800,6010151,5,2012,111,83,"Roosevelt Elementary",93268
"6116",15,63800,6010169,2,2012,31,33.5,"Taft Primary",93268
"6117",15,63800,6010169,2,2012,111,69,"Taft Primary",93268
"6118",15,63800,6010169,3,2012,31,40.5,"Taft Primary",93268
"6119",15,63818,1535905,9,2012,31,40.6948640483384,"Taft Union High",93268
"6120",15,63818,1535905,9,2012,111,54.1494565217391,"Taft Union High",93268
"6121",15,63818,1535905,10,2012,31,37.4665461121157,"Taft Union High",93268
"6122",15,63818,1535905,10,2012,111,49.2370936902486,"Taft Union High",93268
"6123",15,63818,1535905,11,2012,31,32.1361256544503,"Taft Union High",93268
"6124",15,63818,1535905,11,2012,111,45.3850746268657,"Taft Union High",93268
"6125",15,63826,1536135,9,2012,31,33.5344827586207,"Tehachapi High",93561
"6126",15,63826,1536135,9,2012,111,55.2067448680352,"Tehachapi High",93561
"6127",15,63826,1536135,10,2012,31,41.7535885167464,"Tehachapi High",93561
"6128",15,63826,1536135,10,2012,111,59.2881794650561,"Tehachapi High",93561
"6129",15,63826,1536135,11,2012,31,39.1826484018265,"Tehachapi High",93561
"6130",15,63826,1536135,11,2012,111,61.2105263157895,"Tehachapi High",93561
"6131",15,63826,6010201,2,2012,31,48.5,"Tompkins Elementary",93561
"6132",15,63826,6010201,2,2012,111,52,"Tompkins Elementary",93561
"6133",15,63826,6010201,3,2012,31,48.8260869565217,"Tompkins Elementary",93561
"6134",15,63826,6010201,3,2012,111,66,"Tompkins Elementary",93561
"6135",15,63826,6010201,4,2012,31,51.9294117647059,"Tompkins Elementary",93561
"6136",15,63826,6010201,4,2012,111,65.5233644859813,"Tompkins Elementary",93561
"6137",15,63826,6010201,5,2012,31,37.134328358209,"Tompkins Elementary",93561
"6138",15,63826,6010201,5,2012,111,73.6666666666667,"Tompkins Elementary",93561
"6139",15,63826,6057426,6,2012,31,42.5643564356436,"Jacobsen Middle",93561
"6140",15,63826,6057426,6,2012,111,57.4781341107872,"Jacobsen Middle",93561
"6141",15,63826,6057426,7,2012,31,41.962962962963,"Jacobsen Middle",93561
"6142",15,63826,6057426,7,2012,111,64.713567839196,"Jacobsen Middle",93561
"6143",15,63826,6057426,8,2012,31,44.569416498994,"Jacobsen Middle",93561
"6144",15,63826,6057426,8,2012,111,63.4591346153846,"Jacobsen Middle",93561
"6145",15,63826,6105415,2,2012,31,51.4876033057851,"Golden Hills Elementary",93561
"6146",15,63826,6105415,2,2012,111,64,"Golden Hills Elementary",93561
"6147",15,63826,6105415,3,2012,31,48.5,"Golden Hills Elementary",93561
"6148",15,63826,6105415,3,2012,111,77,"Golden Hills Elementary",93561
"6149",15,63826,6105415,4,2012,31,48.5061728395062,"Golden Hills Elementary",93561
"6150",15,63826,6105415,4,2012,111,79.5,"Golden Hills Elementary",93561
"6151",15,63826,6105415,5,2012,31,47.3170731707317,"Golden Hills Elementary",93561
"6152",15,63826,6105415,5,2012,111,74.5123456790123,"Golden Hills Elementary",93561
"6153",15,63834,6010227,5,2012,31,21.9879518072289,"Sunset",93307
"6154",15,63834,6010227,6,2012,31,21.5,"Sunset",93307
"6155",15,63834,6010227,7,2012,31,32.5,"Sunset",93307
"6156",15,63834,6010227,8,2012,31,22.4583333333333,"Sunset",93307
"6157",15,63834,6010235,3,2012,31,34,"Vineland Elementary",93307
"6158",15,63834,6010235,4,2012,31,43.5508982035928,"Vineland Elementary",93307
"6159",15,63842,113167,2,2012,31,36,"Teresa Burke Elementary",93280
"6160",15,63842,113167,2,2012,111,62,"Teresa Burke Elementary",93280
"6161",15,63842,113167,3,2012,31,39.0769230769231,"Teresa Burke Elementary",93280
"6162",15,63842,113167,3,2012,111,42.5,"Teresa Burke Elementary",93280
"6163",15,63842,113167,4,2012,31,50.5,"Teresa Burke Elementary",93280
"6164",15,63842,113167,5,2012,31,51.76171875,"Teresa Burke Elementary",93280
"6165",15,63842,113167,6,2012,31,37.0063694267516,"Teresa Burke Elementary",93280
"6166",15,63859,1536440,9,2012,31,30.2412318220701,"Wasco High",93280
"6167",15,63859,1536440,9,2012,111,50.7790055248619,"Wasco High",93280
"6168",15,63859,1536440,10,2012,31,42.4517945109078,"Wasco High",93280
"6169",15,63859,1536440,10,2012,111,49.3563218390805,"Wasco High",93280
"6170",15,63859,1536440,11,2012,31,44.0855855855856,"Wasco High",93280
"6171",15,63859,1536440,11,2012,111,51.9025641025641,"Wasco High",93280
"6172",15,73544,6010011,5,2012,31,35,"Rio Bravo-Greeley Elementary",93314
"6173",15,73544,6010011,5,2012,111,68.3333333333333,"Rio Bravo-Greeley Elementary",93314
"6174",15,73544,6010011,6,2012,31,41.5,"Rio Bravo-Greeley Elementary",93314
"6175",15,73544,6010011,6,2012,111,68.5,"Rio Bravo-Greeley Elementary",93314
"6176",15,73544,6010011,7,2012,31,56,"Rio Bravo-Greeley Elementary",93314
"6177",15,73544,6010011,7,2012,111,82,"Rio Bravo-Greeley Elementary",93314
"6178",15,73544,6010011,8,2012,31,40.789156626506,"Rio Bravo-Greeley Elementary",93314
"6179",15,73544,6010011,8,2012,111,58.2490974729242,"Rio Bravo-Greeley Elementary",93314
"6180",15,73544,6117816,2,2012,31,44.5,"Rio Bravo Elementary",93314
"6181",15,73544,6117816,2,2012,111,69,"Rio Bravo Elementary",93314
"6182",15,73544,6117816,3,2012,31,24,"Rio Bravo Elementary",93314
"6183",15,73544,6117816,3,2012,111,53.5,"Rio Bravo Elementary",93314
"6184",15,73544,6117816,4,2012,31,52,"Rio Bravo Elementary",93314
"6185",15,73544,6117816,4,2012,111,77.5,"Rio Bravo Elementary",93314
"6186",15,73742,1531367,9,2012,31,42.8280098280098,"Burroughs High",93555
"6187",15,73742,1531367,9,2012,111,58.820324005891,"Burroughs High",93555
"6188",15,73742,1531367,10,2012,31,37.3179297597042,"Burroughs High",93555
"6189",15,73742,1531367,10,2012,111,58.3608768971332,"Burroughs High",93555
"6190",15,73742,1531367,11,2012,31,39.2769953051643,"Burroughs High",93555
"6191",15,73742,1531367,11,2012,111,67.7758620689655,"Burroughs High",93555
"6192",15,73742,6009294,2,2012,31,71.9438202247191,"Pierce Elementary",93555
"6193",15,73742,6009294,2,2012,111,96.5,"Pierce Elementary",93555
"6194",15,73742,6009294,3,2012,31,42.64,"Pierce Elementary",93555
"6195",15,73742,6009294,3,2012,111,67.5,"Pierce Elementary",93555
"6196",15,73742,6009294,4,2012,31,65.04,"Pierce Elementary",93555
"6197",15,73742,6009294,4,2012,111,77.4193548387097,"Pierce Elementary",93555
"6198",15,73742,6009294,5,2012,31,71.9615384615385,"Pierce Elementary",93555
"6199",15,73742,6009294,5,2012,111,83,"Pierce Elementary",93555
"6200",15,73742,6009310,6,2012,31,42.5,"Murray Middle",93555
"6201",15,73742,6009310,6,2012,111,63.5226130653266,"Murray Middle",93555
"6202",15,73742,6009310,7,2012,31,45.0322580645161,"Murray Middle",93555
"6203",15,73742,6009310,7,2012,111,75.527027027027,"Murray Middle",93555
"6204",15,73742,6009310,8,2012,31,50.4782608695652,"Murray Middle",93555
"6205",15,73742,6009310,8,2012,111,78.5375253549696,"Murray Middle",93555
"6206",15,73742,6009328,2,2012,31,42.5,"Richmond Elementary",93555
"6207",15,73742,6009328,2,2012,111,75,"Richmond Elementary",93555
"6208",15,73742,6009328,4,2012,31,54.9672131147541,"Richmond Elementary",93555
"6209",15,73742,6009328,4,2012,111,77,"Richmond Elementary",93555
"6210",15,73742,6009328,5,2012,31,45.9325842696629,"Richmond Elementary",93555
"6211",15,73742,6009328,5,2012,111,71.6692913385827,"Richmond Elementary",93555
"6212",15,73742,6009609,2,2012,31,54.5,"Inyokern Elementary",93527
"6213",15,73742,6009609,3,2012,31,65.4651162790698,"Inyokern Elementary",93527
"6214",15,73742,6009609,4,2012,31,60.5,"Inyokern Elementary",93527
"6215",15,73742,6009609,5,2012,31,60.9661016949153,"Inyokern Elementary",93527
"6216",15,73742,6009625,2,2012,31,69.5,"Las Flores Elementary",93555
"6217",15,73742,6009625,2,2012,111,92.5,"Las Flores Elementary",93555
"6218",15,73742,6009625,3,2012,31,52.7142857142857,"Las Flores Elementary",93555
"6219",15,73742,6009625,3,2012,111,77,"Las Flores Elementary",93555
"6220",15,73742,6009625,4,2012,31,61.5,"Las Flores Elementary",93555
"6221",15,73742,6009625,4,2012,111,83.5,"Las Flores Elementary",93555
"6222",15,73742,6009625,5,2012,31,56.18,"Las Flores Elementary",93555
"6223",15,73742,6009625,5,2012,111,77.3947368421053,"Las Flores Elementary",93555
"6224",15,73742,6009633,2,2012,31,63,"Faller Elementary",93555
"6225",15,73742,6009633,2,2012,111,85,"Faller Elementary",93555
"6226",15,73742,6009633,3,2012,31,51,"Faller Elementary",93555
"6227",15,73742,6009633,3,2012,111,83.344262295082,"Faller Elementary",93555
"6228",15,73742,6009633,4,2012,31,62.1904761904762,"Faller Elementary",93555
"6229",15,73742,6009633,4,2012,111,93.4347826086957,"Faller Elementary",93555
"6230",15,73742,6009633,5,2012,31,63.6666666666667,"Faller Elementary",93555
"6231",15,73742,6009633,5,2012,111,87.3333333333333,"Faller Elementary",93555
"6232",15,73742,6110712,2,2012,31,55.5,"Gateway Elementary",93555
"6233",15,73742,6110712,2,2012,111,78,"Gateway Elementary",93555
"6234",15,73742,6110712,3,2012,31,46.0634920634921,"Gateway Elementary",93555
"6235",15,73742,6110712,3,2012,111,65.3898305084746,"Gateway Elementary",93555
"6236",15,73742,6110712,4,2012,31,68.6909090909091,"Gateway Elementary",93555
"6237",15,73742,6110712,4,2012,111,86.031746031746,"Gateway Elementary",93555
"6238",15,73742,6110712,5,2012,31,50.6666666666667,"Gateway Elementary",93555
"6239",15,73742,6110712,5,2012,111,73.3333333333333,"Gateway Elementary",93555
"6240",15,73908,6009765,2,2012,31,45.5,"Kern Avenue Elementary",93250
"6241",15,73908,6009765,3,2012,31,47.0438871473354,"Kern Avenue Elementary",93250
"6242",15,73908,6009765,4,2012,31,59.6415094339623,"Kern Avenue Elementary",93250
"6243",15,73908,6009765,5,2012,31,49.4368308351178,"Kern Avenue Elementary",93250
"6244",15,75168,1530401,9,2012,31,41.3333333333333,"Frazier Mountain High",93243
"6245",15,75168,1530401,9,2012,111,63.5054945054945,"Frazier Mountain High",93243
"6246",15,75168,1530401,10,2012,31,20.9126213592233,"Frazier Mountain High",93243
"6247",15,75168,1530401,10,2012,111,53.4166666666667,"Frazier Mountain High",93243
"6248",15,75168,1530401,11,2012,31,28.6571428571429,"Frazier Mountain High",93243
"6249",15,75168,1530401,11,2012,111,50.392523364486,"Frazier Mountain High",93243
"6250",15,75168,6009468,6,2012,31,29.5,"El Tejon Elementary",93243
"6251",15,75168,6009468,6,2012,111,59,"El Tejon Elementary",93243
"6252",15,75168,6009468,7,2012,31,31.5,"El Tejon Elementary",93243
"6253",15,75168,6009468,7,2012,111,54.5,"El Tejon Elementary",93243
"6254",15,75168,6009468,8,2012,31,36.1971830985916,"El Tejon Elementary",93243
"6255",15,75168,6009468,8,2012,111,70.9776119402985,"El Tejon Elementary",93243
"6256",15,75168,6009476,2,2012,31,34,"Frazier Park Elementary",93243
"6257",15,75168,6009476,2,2012,111,77.5,"Frazier Park Elementary",93243
"6258",15,75168,6009476,3,2012,31,35,"Frazier Park Elementary",93243
"6259",15,75168,6009476,3,2012,111,53,"Frazier Park Elementary",93243
"6260",15,75168,6009476,4,2012,31,64,"Frazier Park Elementary",93243
"6261",15,75168,6009476,4,2012,111,72.5,"Frazier Park Elementary",93243
"6262",15,75168,6009476,5,2012,31,40,"Frazier Park Elementary",93243
"6263",15,75168,6009476,5,2012,111,49,"Frazier Park Elementary",93243
"6264",16,63875,6010276,2,2012,31,48.5,"Armona Elementary",93202
"6265",16,63875,6010276,2,2012,111,46,"Armona Elementary",93202
"6266",16,63875,6010276,3,2012,31,44.5,"Armona Elementary",93202
"6267",16,63875,6010276,4,2012,31,52,"Armona Elementary",93202
"6268",16,63875,6010284,5,2012,31,56.5303643724696,"Parkview Middle",93202
"6269",16,63875,6010284,6,2012,31,37.0066225165563,"Parkview Middle",93202
"6270",16,63875,6010284,7,2012,31,60,"Parkview Middle",93202
"6271",16,63875,6010284,8,2012,31,50.6384839650146,"Parkview Middle",93202
"6272",16,63883,6010292,2,2012,31,62.5,"Akers Elementary",93245
"6273",16,63883,6010292,2,2012,111,89.5,"Akers Elementary",93245
"6274",16,63883,6010292,3,2012,31,50.5,"Akers Elementary",93245
"6275",16,63883,6010292,3,2012,111,75,"Akers Elementary",93245
"6276",16,63883,6010292,4,2012,31,83.0731707317073,"Akers Elementary",93245
"6277",16,63883,6010292,4,2012,111,82,"Akers Elementary",93245
"6278",16,63883,6010292,5,2012,31,56.8490566037736,"Akers Elementary",93245
"6279",16,63883,6010292,5,2012,111,78.01,"Akers Elementary",93245
"6280",16,63883,6010292,6,2012,31,71.98,"Akers Elementary",93245
"6281",16,63883,6010292,6,2012,111,81,"Akers Elementary",93245
"6282",16,63883,6010292,7,2012,31,76.9036144578313,"Akers Elementary",93245
"6283",16,63883,6010292,7,2012,111,81.0891089108911,"Akers Elementary",93245
"6284",16,63883,6010292,8,2012,31,51.8583333333333,"Akers Elementary",93245
"6285",16,63883,6010292,8,2012,111,68.9393939393939,"Akers Elementary",93245
"6286",16,63883,6010300,2,2012,31,80,"Central Elementary",93245
"6287",16,63883,6010300,2,2012,111,69,"Central Elementary",93245
"6288",16,63883,6010300,3,2012,31,58,"Central Elementary",93245
"6289",16,63883,6010300,3,2012,111,61.5,"Central Elementary",93245
"6290",16,63883,6010300,4,2012,31,30.5,"Central Elementary",93245
"6291",16,63883,6010300,4,2012,111,21,"Central Elementary",93245
"6292",16,63883,6010300,5,2012,31,30.2857142857143,"Central Elementary",93245
"6293",16,63883,6010300,6,2012,31,27,"Central Elementary",93245
"6294",16,63883,6010300,6,2012,111,25,"Central Elementary",93245
"6295",16,63883,6010300,7,2012,31,19.5,"Central Elementary",93245
"6296",16,63883,6010300,7,2012,111,39,"Central Elementary",93245
"6297",16,63883,6010300,8,2012,31,21.3333333333333,"Central Elementary",93245
"6298",16,63883,6010300,8,2012,111,32.06,"Central Elementary",93245
"6299",16,63891,1632140,11,2012,31,3.39393939393939,"Kings Lake Education Center",93212
"6300",16,63891,1632207,9,2012,31,34.2312703583062,"Corcoran High",93212
"6301",16,63891,1632207,9,2012,111,47.8938053097345,"Corcoran High",93212
"6302",16,63891,1632207,10,2012,31,37.9398663697105,"Corcoran High",93212
"6303",16,63891,1632207,10,2012,111,47.9192546583851,"Corcoran High",93212
"6304",16,63891,1632207,11,2012,31,30.6982456140351,"Corcoran High",93212
"6305",16,63891,1632207,11,2012,111,42.1654135338346,"Corcoran High",93212
"6306",16,63891,6010359,6,2012,31,26.9927710843373,"John Muir Middle",93212
"6307",16,63891,6010359,6,2012,111,57,"John Muir Middle",93212
"6308",16,63891,6010359,7,2012,31,37.0168539325843,"John Muir Middle",93212
"6309",16,63891,6010359,7,2012,111,57.5,"John Muir Middle",93212
"6310",16,63891,6010359,8,2012,31,38.8370786516854,"John Muir Middle",93212
"6311",16,63891,6010359,8,2012,111,52.3304347826087,"John Muir Middle",93212
"6312",16,63891,6010367,4,2012,31,45.5036496350365,"Mark Twain Elementary",93212
"6313",16,63891,6010367,4,2012,111,55,"Mark Twain Elementary",93212
"6314",16,63891,6010367,5,2012,31,43.347972972973,"Mark Twain Elementary",93212
"6315",16,63891,6010367,5,2012,111,71.6666666666667,"Mark Twain Elementary",93212
"6316",16,63925,118919,9,2012,31,35.1260504201681,"Sierra Pacific High",93230
"6317",16,63925,118919,9,2012,111,55.2788104089219,"Sierra Pacific High",93230
"6318",16,63925,118919,10,2012,31,32.2630272952854,"Sierra Pacific High",93230
"6319",16,63925,118919,10,2012,111,46.4720812182741,"Sierra Pacific High",93230
"6320",16,63925,118919,11,2012,31,24.6505190311419,"Sierra Pacific High",93230
"6321",16,63925,118919,11,2012,111,42.47533632287,"Sierra Pacific High",93230
"6322",16,63925,1630169,9,2012,31,33.475,"Hanford West High",93230
"6323",16,63925,1630169,9,2012,111,43.8609625668449,"Hanford West High",93230
"6324",16,63925,1630169,10,2012,31,36.3767605633803,"Hanford West High",93230
"6325",16,63925,1630169,10,2012,111,47.2864923747277,"Hanford West High",93230
"6326",16,63925,1630169,11,2012,31,23.1582278481013,"Hanford West High",93230
"6327",16,63925,1630169,11,2012,111,39.3278443113772,"Hanford West High",93230
"6328",16,63925,1634401,9,2012,31,33.2790697674419,"Hanford High",93230
"6329",16,63925,1634401,9,2012,111,44.4562647754137,"Hanford High",93230
"6330",16,63925,1634401,10,2012,31,31.0608108108108,"Hanford High",93230
"6331",16,63925,1634401,10,2012,111,45.6,"Hanford High",93230
"6332",16,63925,1634401,11,2012,31,29.421978021978,"Hanford High",93230
"6333",16,63925,1634401,11,2012,111,48.3129445234708,"Hanford High",93230
"6334",16,63933,6010466,2,2012,31,46.5,"Island Elementary",93245
"6335",16,63933,6010466,2,2012,111,53.5,"Island Elementary",93245
"6336",16,63933,6010466,3,2012,31,40,"Island Elementary",93245
"6337",16,63933,6010466,3,2012,111,68,"Island Elementary",93245
"6338",16,63933,6010466,4,2012,31,64,"Island Elementary",93245
"6339",16,63933,6010466,4,2012,111,78.5,"Island Elementary",93245
"6340",16,63933,6010466,5,2012,31,50,"Island Elementary",93245
"6341",16,63933,6010466,5,2012,111,83.6666666666667,"Island Elementary",93245
"6342",16,63933,6010466,6,2012,31,58.3103448275862,"Island Elementary",93245
"6343",16,63933,6010466,6,2012,111,82,"Island Elementary",93245
"6344",16,63933,6010466,7,2012,111,76.7647058823529,"Island Elementary",93245
"6345",16,63933,6010466,8,2012,111,70,"Island Elementary",93245
"6346",16,63958,6010482,2,2012,31,48,"Kit Carson Elementary",93230
"6347",16,63958,6010482,2,2012,111,52,"Kit Carson Elementary",93230
"6348",16,63958,6010482,3,2012,31,38.5,"Kit Carson Elementary",93230
"6349",16,63958,6010482,3,2012,111,58,"Kit Carson Elementary",93230
"6350",16,63958,6010482,4,2012,31,73,"Kit Carson Elementary",93230
"6351",16,63958,6010482,4,2012,111,97,"Kit Carson Elementary",93230
"6352",16,63958,6010482,5,2012,31,31.3333333333333,"Kit Carson Elementary",93230
"6353",16,63958,6010482,5,2012,111,62.6666666666667,"Kit Carson Elementary",93230
"6354",16,63958,6010482,6,2012,31,35.5,"Kit Carson Elementary",93230
"6355",16,63958,6010482,6,2012,111,47,"Kit Carson Elementary",93230
"6356",16,63958,6010482,7,2012,31,47,"Kit Carson Elementary",93230
"6357",16,63958,6010482,7,2012,111,74.4651162790698,"Kit Carson Elementary",93230
"6358",16,63958,6010482,8,2012,31,39.0392156862745,"Kit Carson Elementary",93230
"6359",16,63958,6010482,8,2012,111,62.7,"Kit Carson Elementary",93230
"6360",16,63966,6010508,2,2012,31,55.5,"Lakeside Elementary",93230
"6361",16,63966,6010508,3,2012,31,35.6716417910448,"Lakeside Elementary",93230
"6362",16,63966,6010508,4,2012,31,37,"Lakeside Elementary",93230
"6363",16,63966,6010508,5,2012,31,35.0093457943925,"Lakeside Elementary",93230
"6364",16,63966,6010508,6,2012,31,14.9591836734694,"Lakeside Elementary",93230
"6365",16,63966,6010508,7,2012,31,62,"Lakeside Elementary",93230
"6366",16,63966,6010508,8,2012,31,40.6744186046512,"Lakeside Elementary",93230
"6367",16,63974,6010532,2,2012,31,64,"Meadow Lane Elementary",93245
"6368",16,63974,6010532,2,2012,111,87.5,"Meadow Lane Elementary",93245
"6369",16,63974,6010532,3,2012,31,55.5,"Meadow Lane Elementary",93245
"6370",16,63974,6010532,3,2012,111,74,"Meadow Lane Elementary",93245
"6371",16,63974,6010532,4,2012,31,60.5,"Meadow Lane Elementary",93245
"6372",16,63974,6010532,4,2012,111,70,"Meadow Lane Elementary",93245
"6373",16,63974,6010532,5,2012,31,62.4782608695652,"Meadow Lane Elementary",93245
"6374",16,63974,6010532,6,2012,31,37.7241379310345,"Meadow Lane Elementary",93245
"6375",16,63974,6010532,6,2012,111,51.4571428571429,"Meadow Lane Elementary",93245
"6376",16,63974,6069140,2,2012,31,59,"Lemoore Elementary",93245
"6377",16,63974,6069140,2,2012,111,83.5,"Lemoore Elementary",93245
"6378",16,63974,6069140,3,2012,31,57.6138613861386,"Lemoore Elementary",93245
"6379",16,63974,6069140,3,2012,111,70,"Lemoore Elementary",93245
"6380",16,63974,6069140,4,2012,31,59.5,"Lemoore Elementary",93245
"6381",16,63974,6069140,4,2012,111,92.5,"Lemoore Elementary",93245
"6382",16,63974,6069140,5,2012,31,42.3117647058824,"Lemoore Elementary",93245
"6383",16,63974,6069140,5,2012,111,58.3333333333333,"Lemoore Elementary",93245
"6384",16,63974,6069140,6,2012,31,46,"Lemoore Elementary",93245
"6385",16,63974,6069140,6,2012,111,67.4186046511628,"Lemoore Elementary",93245
"6386",16,63974,6111934,7,2012,31,55,"Liberty Middle",93245
"6387",16,63974,6111934,7,2012,111,71.4845814977974,"Liberty Middle",93245
"6388",16,63974,6111934,8,2012,31,47.6837837837838,"Liberty Middle",93245
"6389",16,63974,6111934,8,2012,111,59.5496031746032,"Liberty Middle",93245
"6390",16,63974,6118590,2,2012,31,57,"Cinnamon Elementary",93245
"6391",16,63974,6118590,2,2012,111,71.1730769230769,"Cinnamon Elementary",93245
"6392",16,63974,6118590,3,2012,31,42.0540540540541,"Cinnamon Elementary",93245
"6393",16,63974,6118590,3,2012,111,75,"Cinnamon Elementary",93245
"6394",16,63974,6118590,4,2012,31,63.4950495049505,"Cinnamon Elementary",93245
"6395",16,63974,6118590,4,2012,111,76.468085106383,"Cinnamon Elementary",93245
"6396",16,63974,6118590,5,2012,31,57.74375,"Cinnamon Elementary",93245
"6397",16,63974,6118590,5,2012,111,73.027027027027,"Cinnamon Elementary",93245
"6398",16,63974,6118590,6,2012,31,34.5,"Cinnamon Elementary",93245
"6399",16,63974,6118590,6,2012,111,66.5,"Cinnamon Elementary",93245
"6400",16,63982,110205,9,2012,31,60.8243243243243,"Lemoore Middle College High",93245
"6401",16,63982,110205,9,2012,111,86.2280701754386,"Lemoore Middle College High",93245
"6402",16,63982,110205,10,2012,31,54.1216216216216,"Lemoore Middle College High",93245
"6403",16,63982,110205,10,2012,111,78.2380952380952,"Lemoore Middle College High",93245
"6404",16,63982,110205,11,2012,31,62.0540540540541,"Lemoore Middle College High",93245
"6405",16,63982,110205,11,2012,111,76.7317073170732,"Lemoore Middle College High",93245
"6406",16,63982,1635606,9,2012,31,35.1561264822134,"Lemoore High",93245
"6407",16,63982,1635606,9,2012,111,47.1563573883162,"Lemoore High",93245
"6408",16,63982,1635606,10,2012,31,22.0053248136315,"Lemoore High",93245
"6409",16,63982,1635606,10,2012,111,46.7781402936378,"Lemoore High",93245
"6410",16,63982,1635606,11,2012,31,35.4389830508475,"Lemoore High",93245
"6411",16,63982,1635606,11,2012,111,48.8230088495575,"Lemoore High",93245
"6412",16,63990,116699,2,2012,31,58,"Frontier Elementary",93230
"6413",16,63990,116699,2,2012,111,75.5,"Frontier Elementary",93230
"6414",16,63990,116699,3,2012,31,56,"Frontier Elementary",93230
"6415",16,63990,116699,3,2012,111,68.5,"Frontier Elementary",93230
"6416",16,63990,116699,4,2012,31,62.8139534883721,"Frontier Elementary",93230
"6417",16,63990,116699,4,2012,111,85.4533333333333,"Frontier Elementary",93230
"6418",16,63990,116699,5,2012,31,58.6666666666667,"Frontier Elementary",93230
"6419",16,63990,116699,5,2012,111,89.6666666666667,"Frontier Elementary",93230
"6420",16,63990,6010557,2,2012,31,70,"Pioneer Elementary",93230
"6421",16,63990,6010557,2,2012,111,81.5,"Pioneer Elementary",93230
"6422",16,63990,6010557,3,2012,31,48.5609756097561,"Pioneer Elementary",93230
"6423",16,63990,6010557,3,2012,111,71.5,"Pioneer Elementary",93230
"6424",16,63990,6010557,4,2012,31,65.5,"Pioneer Elementary",93230
"6425",16,63990,6010557,4,2012,111,85.983606557377,"Pioneer Elementary",93230
"6426",16,63990,6010557,5,2012,31,48.6666666666667,"Pioneer Elementary",93230
"6427",16,63990,6010557,5,2012,111,77,"Pioneer Elementary",93230
"6428",16,63990,6110233,6,2012,31,61.5060240963855,"Pioneer Middle",93230
"6429",16,63990,6110233,6,2012,111,76.4030418250951,"Pioneer Middle",93230
"6430",16,63990,6110233,7,2012,31,54.4953271028037,"Pioneer Middle",93230
"6431",16,63990,6110233,7,2012,111,81.020618556701,"Pioneer Middle",93230
"6432",16,63990,6110233,8,2012,31,53.9822485207101,"Pioneer Middle",93230
"6433",16,63990,6110233,8,2012,111,69.4676870748299,"Pioneer Middle",93230
"6434",16,73932,1630953,9,2012,31,20.6601941747573,"Avenal High",93204
"6435",16,73932,1630953,10,2012,31,22.9311859443631,"Avenal High",93204
"6436",16,73932,1630953,11,2012,31,12.3865168539326,"Avenal High",93204
"6437",16,73932,6010565,2,2012,31,36.5,"Avenal Elementary",93204
"6438",16,73932,6010565,3,2012,31,23,"Avenal Elementary",93204
"6439",16,73932,6010565,4,2012,31,38,"Avenal Elementary",93204
"6440",16,73932,6010565,5,2012,31,40,"Avenal Elementary",93204
"6441",16,73932,6010565,6,2012,31,26,"Avenal Elementary",93204
"6442",16,73932,6010573,2,2012,31,47.5,"Kettleman City Elementary",93239
"6443",16,73932,6010573,3,2012,31,62,"Kettleman City Elementary",93239
"6444",16,73932,6010573,4,2012,31,54.5,"Kettleman City Elementary",93239
"6445",16,73932,6010573,5,2012,31,45.4787234042553,"Kettleman City Elementary",93239
"6446",16,73932,6010573,6,2012,31,25,"Kettleman City Elementary",93239
"6447",16,73932,6010573,7,2012,31,42.5,"Kettleman City Elementary",93239
"6448",16,73932,6010573,8,2012,31,31.5135135135135,"Kettleman City Elementary",93239
"6449",16,73932,6109888,7,2012,31,31,"Reef Sunset Middle",93204
"6450",16,73932,6109888,8,2012,31,21.8063492063492,"Reef Sunset Middle",93204
"6451",16,73932,6118566,2,2012,31,22.4901960784314,"Tamarack Elementary",93204
"6452",16,73932,6118566,3,2012,31,23,"Tamarack Elementary",93204
"6453",16,73932,6118566,4,2012,31,36,"Tamarack Elementary",93204
"6454",16,73932,6118566,5,2012,31,31.6666666666667,"Tamarack Elementary",93204
"6455",17,64014,1734359,9,2012,31,40.766081871345,"Kelseyville High",95451
"6456",17,64014,1734359,9,2012,111,54.8709677419355,"Kelseyville High",95451
"6457",17,64014,1734359,10,2012,31,32.5055187637969,"Kelseyville High",95451
"6458",17,64014,1734359,10,2012,111,45.6666666666667,"Kelseyville High",95451
"6459",17,64014,1734359,11,2012,31,28.745406824147,"Kelseyville High",95451
"6460",17,64014,1734359,11,2012,111,64.5,"Kelseyville High",95451
"6461",17,64014,6010607,2,2012,31,34.5,"Kelseyville Elementary",95451
"6462",17,64014,6010607,3,2012,31,42,"Kelseyville Elementary",95451
"6463",17,64014,6010607,4,2012,31,45.5,"Kelseyville Elementary",95451
"6464",17,64014,6010607,5,2012,31,40.3649289099526,"Kelseyville Elementary",95451
"6465",17,64014,6107791,6,2012,31,55.9912663755458,"Mountain Vista Middle",95451
"6466",17,64014,6107791,7,2012,31,38.4979423868313,"Mountain Vista Middle",95451
"6467",17,64014,6107791,8,2012,31,38.5021551724138,"Mountain Vista Middle",95451
"6468",17,64014,6112759,2,2012,31,44.5,"Riviera Elementary",95451
"6469",17,64014,6112759,2,2012,111,55,"Riviera Elementary",95451
"6470",17,64014,6112759,3,2012,31,51.5,"Riviera Elementary",95451
"6471",17,64014,6112759,3,2012,111,41.7741935483871,"Riviera Elementary",95451
"6472",17,64014,6112759,4,2012,31,63.9056603773585,"Riviera Elementary",95451
"6473",17,64014,6112759,4,2012,111,87,"Riviera Elementary",95451
"6474",17,64014,6112759,5,2012,31,42,"Riviera Elementary",95451
"6475",17,64014,6112759,5,2012,111,81.3333333333333,"Riviera Elementary",95451
"6476",17,64022,107706,10,2012,31,4.5,"Blue Heron",95457
"6477",17,64022,1735000,9,2012,31,26.2144373673036,"Lower Lake High",95457
"6478",17,64022,1735000,9,2012,111,52.04,"Lower Lake High",95457
"6479",17,64022,1735000,10,2012,31,26.5769230769231,"Lower Lake High",95457
"6480",17,64022,1735000,10,2012,111,48.5663716814159,"Lower Lake High",95457
"6481",17,64022,1735000,11,2012,31,23.8733031674208,"Lower Lake High",95457
"6482",17,64022,1735000,11,2012,111,44.8163265306122,"Lower Lake High",95457
"6483",17,64022,6010615,2,2012,31,31,"Burns Valley",95422
"6484",17,64022,6010615,3,2012,31,46.5,"Burns Valley",95422
"6485",17,64022,6010615,4,2012,31,45.5,"Burns Valley",95422
"6486",17,64022,6010615,5,2012,31,40.9256198347107,"Burns Valley",95422
"6487",17,64022,6010615,6,2012,31,33.5,"Burns Valley",95422
"6488",17,64022,6010615,7,2012,31,50.0097087378641,"Burns Valley",95422
"6489",17,64022,6010615,8,2012,31,32.1904761904762,"Burns Valley",95422
"6490",17,64022,6010623,2,2012,31,26.5,"East Lake",95423
"6491",17,64022,6010623,3,2012,31,32.5,"East Lake",95423
"6492",17,64022,6010623,4,2012,31,35,"East Lake",95423
"6493",17,64022,6010623,5,2012,31,30.8461538461538,"East Lake",95423
"6494",17,64022,6010623,6,2012,31,24.1034482758621,"East Lake",95423
"6495",17,64022,6010623,7,2012,31,67.5,"East Lake",95423
"6496",17,64022,6010623,8,2012,31,53.012987012987,"East Lake",95423
"6497",17,64022,6084990,2,2012,31,52.5,"Lower Lake Elementary",95457
"6498",17,64022,6084990,3,2012,31,37,"Lower Lake Elementary",95457
"6499",17,64022,6084990,4,2012,31,50,"Lower Lake Elementary",95457
"6500",17,64022,6084990,5,2012,31,46,"Lower Lake Elementary",95457
"6501",17,64022,6084990,6,2012,31,37,"Lower Lake Elementary",95457
"6502",17,64022,6084990,6,2012,111,41.2051282051282,"Lower Lake Elementary",95457
"6503",17,64022,6084990,7,2012,31,42.5,"Lower Lake Elementary",95457
"6504",17,64022,6084990,8,2012,31,47.7448979591837,"Lower Lake Elementary",95457
"6505",17,64022,6109706,2,2012,31,55,"Pomo",95422
"6506",17,64022,6109706,3,2012,31,69,"Pomo",95422
"6507",17,64022,6109706,4,2012,31,44,"Pomo",95422
"6508",17,64022,6109706,5,2012,31,31.6666666666667,"Pomo",95422
"6509",17,64022,6109706,6,2012,31,23.5,"Pomo",95422
"6510",17,64022,6109706,7,2012,31,52.9306930693069,"Pomo",95422
"6511",17,64022,6109706,8,2012,31,32.8761061946903,"Pomo",95422
"6512",17,64030,1732304,9,2012,31,52.2731707317073,"Clear Lake High",95453
"6513",17,64030,1732304,9,2012,111,69.6051282051282,"Clear Lake High",95453
"6514",17,64030,1732304,10,2012,31,48.0335195530726,"Clear Lake High",95453
"6515",17,64030,1732304,10,2012,111,53.9580152671756,"Clear Lake High",95453
"6516",17,64030,1732304,11,2012,31,54.3628318584071,"Clear Lake High",95453
"6517",17,64030,1732304,11,2012,111,62.9195402298851,"Clear Lake High",95453
"6518",17,64030,6010631,2,2012,31,50,"Lakeport Elementary",95453
"6519",17,64030,6010631,2,2012,111,71,"Lakeport Elementary",95453
"6520",17,64030,6010631,3,2012,31,52,"Lakeport Elementary",95453
"6521",17,64030,6010631,3,2012,111,76,"Lakeport Elementary",95453
"6522",17,64048,6010656,2,2012,31,55.5,"Lucerne Elementary",95458
"6523",17,64048,6010656,3,2012,31,55.3404255319149,"Lucerne Elementary",95458
"6524",17,64048,6010656,4,2012,31,41,"Lucerne Elementary",95458
"6525",17,64048,6010656,5,2012,31,61,"Lucerne Elementary",95458
"6526",17,64048,6010656,6,2012,31,44,"Lucerne Elementary",95458
"6527",17,64048,6010656,7,2012,31,48.3548387096774,"Lucerne Elementary",95458
"6528",17,64048,6010656,8,2012,31,35.8307692307692,"Lucerne Elementary",95458
"6529",17,64055,1736008,9,2012,31,33.7483870967742,"Middletown High",95461
"6530",17,64055,1736008,9,2012,111,46.4066985645933,"Middletown High",95461
"6531",17,64055,1736008,10,2012,31,24.3333333333333,"Middletown High",95461
"6532",17,64055,1736008,10,2012,111,43.2704545454545,"Middletown High",95461
"6533",17,64055,1736008,11,2012,31,44.7415730337079,"Middletown High",95461
"6534",17,64055,1736008,11,2012,111,46.984375,"Middletown High",95461
"6535",17,64055,6107049,7,2012,31,60.1376146788991,"Middletown Middle",95461
"6536",17,64055,6107049,7,2012,111,61.5354330708661,"Middletown Middle",95461
"6537",17,64055,6107049,8,2012,31,48.8227272727273,"Middletown Middle",95461
"6538",17,64055,6107049,8,2012,111,71.5508771929825,"Middletown Middle",95461
"6539",17,64063,6010680,2,2012,31,32,"Upper Lake Elementary",95485
"6540",17,64063,6010680,2,2012,111,50,"Upper Lake Elementary",95485
"6541",17,64063,6010680,3,2012,31,49,"Upper Lake Elementary",95485
"6542",17,64063,6010680,4,2012,31,40,"Upper Lake Elementary",95485
"6543",17,64063,6010680,5,2012,31,35.3333333333333,"Upper Lake Elementary",95485
"6544",17,64063,6108773,6,2012,31,39.5,"Upper Lake Middle",95485
"6545",17,64063,6108773,7,2012,31,29,"Upper Lake Middle",95485
"6546",17,64063,6108773,8,2012,31,40.25,"Upper Lake Middle",95485
"6547",17,64071,1737006,9,2012,31,18.2012987012987,"Upper Lake High",95485
"6548",17,64071,1737006,9,2012,111,33.4358974358974,"Upper Lake High",95485
"6549",17,64071,1737006,10,2012,31,24.7530864197531,"Upper Lake High",95485
"6550",17,64071,1737006,10,2012,111,37.6521739130435,"Upper Lake High",95485
"6551",17,64071,1737006,11,2012,31,23.036036036036,"Upper Lake High",95485
"6552",17,64071,1737006,11,2012,111,48.1111111111111,"Upper Lake High",95485
"6553",18,64089,1831601,8,2012,31,40.2,"Big Valley Jr. Sr. High",96009
"6554",18,64089,1831601,9,2012,31,53.5,"Big Valley Jr. Sr. High",96009
"6555",18,64089,1831601,10,2012,31,16.4722222222222,"Big Valley Jr. Sr. High",96009
"6556",18,64089,6010698,5,2012,31,51.3333333333333,"Big Valley Elementary",96009
"6557",18,64105,6010730,2,2012,31,33,"Janesville Elementary",96114
"6558",18,64105,6010730,2,2012,111,46,"Janesville Elementary",96114
"6559",18,64105,6010730,3,2012,111,80.5,"Janesville Elementary",96114
"6560",18,64105,6010730,4,2012,31,77.1290322580645,"Janesville Elementary",96114
"6561",18,64105,6010730,4,2012,111,80.5161290322581,"Janesville Elementary",96114
"6562",18,64105,6010730,5,2012,31,45,"Janesville Elementary",96114
"6563",18,64105,6010730,5,2012,111,68.025641025641,"Janesville Elementary",96114
"6564",18,64105,6010730,6,2012,111,58,"Janesville Elementary",96114
"6565",18,64105,6010730,7,2012,31,77.5,"Janesville Elementary",96114
"6566",18,64105,6010730,7,2012,111,83.0307692307692,"Janesville Elementary",96114
"6567",18,64105,6010730,8,2012,111,81.0866141732283,"Janesville Elementary",96114
"6568",18,64113,6010748,2,2012,31,61.5,"Johnstonville Elementary",96130
"6569",18,64113,6010748,3,2012,31,37,"Johnstonville Elementary",96130
"6570",18,64113,6010748,4,2012,111,91.5,"Johnstonville Elementary",96130
"6571",18,64113,6010748,5,2012,31,76.3333333333333,"Johnstonville Elementary",96130
"6572",18,64113,6010748,6,2012,111,50,"Johnstonville Elementary",96130
"6573",18,64113,6010748,7,2012,111,28,"Johnstonville Elementary",96130
"6574",18,64139,1833805,9,2012,31,37.2096774193548,"Lassen High",96130
"6575",18,64139,1833805,9,2012,111,46.5065176908752,"Lassen High",96130
"6576",18,64139,1833805,10,2012,31,32.0267857142857,"Lassen High",96130
"6577",18,64139,1833805,10,2012,111,45.1211340206186,"Lassen High",96130
"6578",18,64139,1833805,11,2012,31,28.3571428571429,"Lassen High",96130
"6579",18,64139,1833805,11,2012,111,38.18125,"Lassen High",96130
"6580",18,64170,6010797,2,2012,111,44,"Richmond Elementary",96130
"6581",18,64170,6010797,3,2012,111,73.5,"Richmond Elementary",96130
"6582",18,64170,6010797,4,2012,111,89,"Richmond Elementary",96130
"6583",18,64170,6010797,5,2012,111,86,"Richmond Elementary",96130
"6584",18,64170,6010797,6,2012,111,59,"Richmond Elementary",96130
"6585",18,64170,6010797,7,2012,111,72.8305084745763,"Richmond Elementary",96130
"6586",18,64170,6010797,8,2012,111,76.453488372093,"Richmond Elementary",96130
"6587",18,64188,6010805,2,2012,31,41.5,"Shaffer Elementary",96117
"6588",18,64188,6010805,2,2012,111,50,"Shaffer Elementary",96117
"6589",18,64188,6010805,3,2012,111,35.5,"Shaffer Elementary",96117
"6590",18,64188,6010805,5,2012,31,41,"Shaffer Elementary",96117
"6591",18,64188,6010805,7,2012,31,26.5,"Shaffer Elementary",96117
"6592",18,64188,6010805,7,2012,111,61,"Shaffer Elementary",96117
"6593",18,64188,6010805,8,2012,31,35.0294117647059,"Shaffer Elementary",96117
"6594",18,64188,6010805,8,2012,111,25.6666666666667,"Shaffer Elementary",96117
"6595",18,64196,6010813,6,2012,31,30,"Diamond View Middle",96130
"6596",18,64196,6010813,6,2012,111,55.5050505050505,"Diamond View Middle",96130
"6597",18,64196,6010813,7,2012,31,40.5,"Diamond View Middle",96130
"6598",18,64196,6010813,7,2012,111,57.8761904761905,"Diamond View Middle",96130
"6599",18,64196,6010813,8,2012,31,28.8295964125561,"Diamond View Middle",96130
"6600",18,64196,6010813,8,2012,111,64.3614457831325,"Diamond View Middle",96130
"6601",18,64196,6010821,2,2012,31,45,"McKinley Elementary",96130
"6602",18,64196,6010821,2,2012,111,66,"McKinley Elementary",96130
"6603",18,64196,6109748,3,2012,31,45.5,"Meadow View",96130
"6604",18,64196,6109748,3,2012,111,67.5,"Meadow View",96130
"6605",18,64196,6109748,4,2012,31,52,"Meadow View",96130
"6606",18,64196,6109748,4,2012,111,79,"Meadow View",96130
"6607",18,64196,6109748,5,2012,31,43.4405594405594,"Meadow View",96130
"6608",18,64196,6109748,5,2012,111,69.3333333333333,"Meadow View",96130
"6609",18,64204,1838507,9,2012,111,42.5,"Westwood High",96137
"6610",18,75036,1833409,9,2012,31,18,"Herlong High",96113
"6611",18,75036,1833409,11,2012,31,21,"Herlong High",96113
"6612",18,75036,6096341,5,2012,31,47.3333333333333,"Sierra Primary",96113
"6613",19,10199,109926,6,2012,31,24,"Academia Avance Charter",90042
"6614",19,10199,109926,7,2012,31,28.5,"Academia Avance Charter",90042
"6615",19,10199,109926,8,2012,31,39.75,"Academia Avance Charter",90042
"6616",19,10199,109926,9,2012,31,32.78125,"Academia Avance Charter",90042
"6617",19,10199,109926,10,2012,31,34.9561128526646,"Academia Avance Charter",90042
"6618",19,10199,109926,11,2012,31,35.3018867924528,"Academia Avance Charter",90042
"6619",19,10199,6116883,2,2012,31,50,"Odyssey Charter",91001
"6620",19,10199,6116883,2,2012,111,75,"Odyssey Charter",91001
"6621",19,10199,6116883,3,2012,31,30.1304347826087,"Odyssey Charter",91001
"6622",19,10199,6116883,3,2012,111,60,"Odyssey Charter",91001
"6623",19,10199,6116883,4,2012,31,67,"Odyssey Charter",91001
"6624",19,10199,6116883,4,2012,111,80.2,"Odyssey Charter",91001
"6625",19,10199,6116883,5,2012,31,69.3333333333333,"Odyssey Charter",91001
"6626",19,10199,6116883,5,2012,111,90.3333333333333,"Odyssey Charter",91001
"6627",19,10199,6116883,6,2012,31,43.5,"Odyssey Charter",91001
"6628",19,10199,6116883,6,2012,111,59.2203389830508,"Odyssey Charter",91001
"6629",19,10199,6116883,7,2012,111,54.027027027027,"Odyssey Charter",91001
"6630",19,10199,6116883,8,2012,111,45,"Odyssey Charter",91001
"6631",19,64212,1930056,9,2012,31,57.0943820224719,"Cerritos High",90703
"6632",19,64212,1930056,9,2012,111,75.7402799377916,"Cerritos High",90703
"6633",19,64212,1930056,10,2012,31,52.4414261460102,"Cerritos High",90703
"6634",19,64212,1930056,10,2012,111,71.2295839753467,"Cerritos High",90703
"6635",19,64212,1930056,11,2012,31,55.1584362139918,"Cerritos High",90703
"6636",19,64212,1930056,11,2012,111,71.385754583921,"Cerritos High",90703
"6637",19,64212,1930361,9,2012,31,42.9967284623773,"Artesia High",90715
"6638",19,64212,1930361,9,2012,111,66.3188976377953,"Artesia High",90715
"6639",19,64212,1930361,10,2012,31,44.1740924092409,"Artesia High",90715
"6640",19,64212,1930361,10,2012,111,64.3977591036415,"Artesia High",90715
"6641",19,64212,1930361,11,2012,31,45.2858707557503,"Artesia High",90715
"6642",19,64212,1930361,11,2012,111,61.9685314685315,"Artesia High",90715
"6643",19,64212,1931880,7,2012,31,100,"Whitney (Gretchen) High",90703
"6644",19,64212,1931880,7,2012,111,100,"Whitney (Gretchen) High",90703
"6645",19,64212,1931880,8,2012,31,99.1986301369863,"Whitney (Gretchen) High",90703
"6646",19,64212,1931880,8,2012,111,99.7470355731225,"Whitney (Gretchen) High",90703
"6647",19,64212,1931880,9,2012,31,96,"Whitney (Gretchen) High",90703
"6648",19,64212,1931880,9,2012,111,98.6880570409982,"Whitney (Gretchen) High",90703
"6649",19,64212,1931880,10,2012,31,98.9565217391304,"Whitney (Gretchen) High",90703
"6650",19,64212,1931880,10,2012,111,97.9127516778524,"Whitney (Gretchen) High",90703
"6651",19,64212,1931880,11,2012,31,95.6,"Whitney (Gretchen) High",90703
"6652",19,64212,1931880,11,2012,111,97.2317073170732,"Whitney (Gretchen) High",90703
"6653",19,64212,1933159,9,2012,31,46.3849557522124,"Gahr (Richard) High",90703
"6654",19,64212,1933159,9,2012,111,65.6789115646258,"Gahr (Richard) High",90703
"6655",19,64212,1933159,10,2012,31,39.9740470397405,"Gahr (Richard) High",90703
"6656",19,64212,1933159,10,2012,111,62.9837251356239,"Gahr (Richard) High",90703
"6657",19,64212,1933159,11,2012,31,45.4725568942436,"Gahr (Richard) High",90703
"6658",19,64212,1933159,11,2012,111,53.3468013468013,"Gahr (Richard) High",90703
"6659",19,64212,6010862,2,2012,31,44,"Aloha Elementary",90715
"6660",19,64212,6010862,3,2012,31,43,"Aloha Elementary",90715
"6661",19,64212,6010862,4,2012,31,45,"Aloha Elementary",90715
"6662",19,64212,6010862,5,2012,31,56.0078125,"Aloha Elementary",90715
"6663",19,64212,6010862,6,2012,31,37,"Aloha Elementary",90715
"6664",19,64212,6010920,2,2012,31,41.5,"Hawaiian Elementary",90716
"6665",19,64212,6010920,3,2012,31,33.5,"Hawaiian Elementary",90716
"6666",19,64212,6010920,4,2012,31,51.5555555555556,"Hawaiian Elementary",90716
"6667",19,64212,6010920,5,2012,31,44.6666666666667,"Hawaiian Elementary",90716
"6668",19,64212,6010920,6,2012,31,36.5130434782609,"Hawaiian Elementary",90716
"6669",19,64212,6010961,2,2012,31,57.5,"Palms Elementary",90715
"6670",19,64212,6010961,2,2012,111,80,"Palms Elementary",90715
"6671",19,64212,6010961,3,2012,31,60,"Palms Elementary",90715
"6672",19,64212,6010961,3,2012,111,67.5,"Palms Elementary",90715
"6673",19,64212,6010961,4,2012,31,78,"Palms Elementary",90715
"6674",19,64212,6010961,4,2012,111,86.0697674418605,"Palms Elementary",90715
"6675",19,64212,6010961,5,2012,31,56.7203389830508,"Palms Elementary",90715
"6676",19,64212,6010961,5,2012,111,78.3333333333333,"Palms Elementary",90715
"6677",19,64212,6010961,6,2012,31,57.5,"Palms Elementary",90715
"6678",19,64212,6010961,6,2012,111,78,"Palms Elementary",90715
"6679",19,64212,6010995,2,2012,31,50.5,"Willow Elementary",90715
"6680",19,64212,6010995,3,2012,31,52.5,"Willow Elementary",90715
"6681",19,64212,6010995,4,2012,31,64.5,"Willow Elementary",90715
"6682",19,64212,6010995,4,2012,111,77.5,"Willow Elementary",90715
"6683",19,64212,6010995,5,2012,31,38.3333333333333,"Willow Elementary",90715
"6684",19,64212,6010995,6,2012,31,53.5,"Willow Elementary",90715
"6685",19,64212,6057442,7,2012,31,52.4922680412371,"Ross (Faye) Middle",90701
"6686",19,64212,6057442,7,2012,111,80.552036199095,"Ross (Faye) Middle",90701
"6687",19,64212,6057442,8,2012,31,59.6245398773006,"Ross (Faye) Middle",90701
"6688",19,64212,6057442,8,2012,111,75.9191919191919,"Ross (Faye) Middle",90701
"6689",19,64212,6061238,7,2012,31,48.2388888888889,"Fedde (Pharis F.) Middle",90716
"6690",19,64212,6061238,8,2012,31,40.2825,"Fedde (Pharis F.) Middle",90716
"6691",19,64212,6061238,8,2012,111,58.1759259259259,"Fedde (Pharis F.) Middle",90716
"6692",19,64212,6066708,7,2012,31,84.3012048192771,"Carmenita Middle",90703
"6693",19,64212,6066708,7,2012,111,93.3695652173913,"Carmenita Middle",90703
"6694",19,64212,6066708,8,2012,31,79.6135770234987,"Carmenita Middle",90703
"6695",19,64212,6066708,8,2012,111,89.4949944382647,"Carmenita Middle",90703
"6696",19,64212,6068274,2,2012,31,84,"Cerritos Elementary",90703
"6697",19,64212,6068274,2,2012,111,92.5,"Cerritos Elementary",90703
"6698",19,64212,6068274,3,2012,31,66.5,"Cerritos Elementary",90703
"6699",19,64212,6068274,3,2012,111,82.9554140127389,"Cerritos Elementary",90703
"6700",19,64212,6068274,4,2012,31,85.5,"Cerritos Elementary",90703
"6701",19,64212,6068274,4,2012,111,96.5,"Cerritos Elementary",90703
"6702",19,64212,6068274,5,2012,31,100,"Cerritos Elementary",90703
"6703",19,64212,6068274,5,2012,111,96.6666666666667,"Cerritos Elementary",90703
"6704",19,64212,6068274,6,2012,31,88.5,"Cerritos Elementary",90703
"6705",19,64212,6068274,6,2012,111,90.5,"Cerritos Elementary",90703
"6706",19,64212,6071369,2,2012,31,62.5,"Bragg Elementary",90703
"6707",19,64212,6071369,2,2012,111,77.5,"Bragg Elementary",90703
"6708",19,64212,6071369,3,2012,31,58,"Bragg Elementary",90703
"6709",19,64212,6071369,3,2012,111,76.0967741935484,"Bragg Elementary",90703
"6710",19,64212,6071369,4,2012,31,64.390625,"Bragg Elementary",90703
"6711",19,64212,6071369,4,2012,111,88.5,"Bragg Elementary",90703
"6712",19,64212,6071369,5,2012,31,66.6666666666667,"Bragg Elementary",90703
"6713",19,64212,6071369,5,2012,111,86.6666666666667,"Bragg Elementary",90703
"6714",19,64212,6071369,6,2012,31,59,"Bragg Elementary",90703
"6715",19,64212,6071369,6,2012,111,92,"Bragg Elementary",90703
"6716",19,64246,100081,9,2012,31,30.9411764705882,"William J. (Pete) Knight High",93552
"6717",19,64246,100081,9,2012,111,37.8578066914498,"William J. (Pete) Knight High",93552
"6718",19,64246,100081,10,2012,31,23.0547945205479,"William J. (Pete) Knight High",93552
"6719",19,64246,100081,10,2012,111,27.7840735068913,"William J. (Pete) Knight High",93552
"6720",19,64246,100081,11,2012,31,26.0188053097345,"William J. (Pete) Knight High",93552
"6721",19,64246,100081,11,2012,111,38.3556201550388,"William J. (Pete) Knight High",93552
"6722",19,64246,108407,9,2012,31,18.9227871939736,"Eastside High",93535
"6723",19,64246,108407,9,2012,111,27.4377330350485,"Eastside High",93535
"6724",19,64246,108407,10,2012,31,17.3743169398907,"Eastside High",93535
"6725",19,64246,108407,10,2012,111,20.1256304447501,"Eastside High",93535
"6726",19,64246,108407,11,2012,31,24.3947368421053,"Eastside High",93535
"6727",19,64246,108407,11,2012,111,27.3136645962733,"Eastside High",93535
"6728",19,64246,1930213,9,2012,31,16.8449367088608,"Antelope Valley High",93535
"6729",19,64246,1930213,9,2012,111,20.3428571428571,"Antelope Valley High",93535
"6730",19,64246,1930213,10,2012,31,17.7859778597786,"Antelope Valley High",93535
"6731",19,64246,1930213,10,2012,111,24.2735775526111,"Antelope Valley High",93535
"6732",19,64246,1930213,11,2012,31,13.5195460277427,"Antelope Valley High",93535
"6733",19,64246,1930213,11,2012,111,21.3815028901734,"Antelope Valley High",93535
"6734",19,64246,1936624,9,2012,31,27.4942675159236,"Palmdale High",93550
"6735",19,64246,1936624,9,2012,111,26.4012944983819,"Palmdale High",93550
"6736",19,64246,1936624,10,2012,31,22.0981354268891,"Palmdale High",93550
"6737",19,64246,1936624,10,2012,111,23.634977938227,"Palmdale High",93550
"6738",19,64246,1936624,11,2012,31,26.5998690242305,"Palmdale High",93550
"6739",19,64246,1936624,11,2012,111,32.904033379694,"Palmdale High",93550
"6740",19,64246,1937051,9,2012,31,32.475,"Quartz Hill High",93536
"6741",19,64246,1937051,9,2012,111,52.4964948453608,"Quartz Hill High",93536
"6742",19,64246,1937051,10,2012,31,29.1221374045802,"Quartz Hill High",93536
"6743",19,64246,1937051,10,2012,111,49.4452440550688,"Quartz Hill High",93536
"6744",19,64246,1937051,11,2012,31,34.4399293286219,"Quartz Hill High",93536
"6745",19,64246,1937051,11,2012,111,44.362494586401,"Quartz Hill High",93536
"6746",19,64246,1995398,9,2012,31,25.5574324324324,"Highland High",93551
"6747",19,64246,1995398,9,2012,111,45.6241197183099,"Highland High",93551
"6748",19,64246,1995398,10,2012,31,23.4644808743169,"Highland High",93551
"6749",19,64246,1995398,10,2012,111,39.1477311497782,"Highland High",93551
"6750",19,64246,1995398,11,2012,31,29.0377019748653,"Highland High",93551
"6751",19,64246,1995398,11,2012,111,40.0435287289611,"Highland High",93551
"6752",19,64246,1995406,9,2012,31,21.0748299319728,"Littlerock High",93543
"6753",19,64246,1995406,9,2012,111,32.376213592233,"Littlerock High",93543
"6754",19,64246,1995406,10,2012,31,17.8919860627178,"Littlerock High",93543
"6755",19,64246,1995406,10,2012,111,25.4787339268051,"Littlerock High",93543
"6756",19,64246,1995406,11,2012,31,24.3644646924829,"Littlerock High",93543
"6757",19,64246,1995406,11,2012,111,28.4221453287197,"Littlerock High",93543
"6758",19,64246,1995844,9,2012,31,27.2385321100917,"Lancaster High",93536
"6759",19,64246,1995844,9,2012,111,41.5744408945687,"Lancaster High",93536
"6760",19,64246,1995844,10,2012,31,27.1678832116788,"Lancaster High",93536
"6761",19,64246,1995844,10,2012,111,35.4366260712675,"Lancaster High",93536
"6762",19,64246,1995844,11,2012,31,27.2941988950276,"Lancaster High",93536
"6763",19,64246,1995844,11,2012,111,39.9222903885481,"Lancaster High",93536
"6764",19,64246,1996537,9,2012,31,6.51198630136986,"Desert Sands Charter",93534
"6765",19,64246,1996537,9,2012,111,27.963963963964,"Desert Sands Charter",93534
"6766",19,64246,1996537,10,2012,31,6.48540856031128,"Desert Sands Charter",93534
"6767",19,64246,1996537,10,2012,111,9.11742424242424,"Desert Sands Charter",93534
"6768",19,64246,1996537,11,2012,31,7.12844702467344,"Desert Sands Charter",93534
"6769",19,64246,1996537,11,2012,111,12.9043715846995,"Desert Sands Charter",93534
"6770",19,64246,1996644,11,2012,31,3.07169811320755,"R. Rex Parris High",93550
"6771",19,64246,1996644,11,2012,111,1.89867841409692,"R. Rex Parris High",93550
"6772",19,64261,1930288,9,2012,31,66.9457700650759,"Arcadia High",91007
"6773",19,64261,1930288,9,2012,111,83.8115308151094,"Arcadia High",91007
"6774",19,64261,1930288,10,2012,31,60.7292817679558,"Arcadia High",91007
"6775",19,64261,1930288,10,2012,111,79.1177918424754,"Arcadia High",91007
"6776",19,64261,1930288,11,2012,31,58.824,"Arcadia High",91007
"6777",19,64261,1930288,11,2012,111,75.9684129429892,"Arcadia High",91007
"6778",19,64261,6011134,2,2012,111,95.5,"Baldwin Stocker Elementary",91007
"6779",19,64261,6011134,3,2012,111,92.5,"Baldwin Stocker Elementary",91007
"6780",19,64261,6011134,4,2012,111,96,"Baldwin Stocker Elementary",91007
"6781",19,64261,6011134,5,2012,31,72.6666666666667,"Baldwin Stocker Elementary",91007
"6782",19,64261,6011134,5,2012,111,96.6654676258993,"Baldwin Stocker Elementary",91007
"6783",19,64261,6011159,2,2012,31,84.5,"Camino Grove Elementary",91007
"6784",19,64261,6011159,2,2012,111,90,"Camino Grove Elementary",91007
"6785",19,64261,6011159,3,2012,31,76.6923076923077,"Camino Grove Elementary",91007
"6786",19,64261,6011159,3,2012,111,83,"Camino Grove Elementary",91007
"6787",19,64261,6011159,4,2012,31,66.9393939393939,"Camino Grove Elementary",91007
"6788",19,64261,6011159,4,2012,111,92.4804469273743,"Camino Grove Elementary",91007
"6789",19,64261,6011159,5,2012,31,81.6666666666667,"Camino Grove Elementary",91007
"6790",19,64261,6011159,5,2012,111,92.3351648351648,"Camino Grove Elementary",91007
"6791",19,64261,6011175,2,2012,31,69,"Holly Avenue Elementary",91007
"6792",19,64261,6011175,2,2012,111,81,"Holly Avenue Elementary",91007
"6793",19,64261,6011175,3,2012,31,64,"Holly Avenue Elementary",91007
"6794",19,64261,6011175,3,2012,111,84.3448275862069,"Holly Avenue Elementary",91007
"6795",19,64261,6011175,4,2012,31,83.5,"Holly Avenue Elementary",91007
"6796",19,64261,6011175,4,2012,111,93.0263157894737,"Holly Avenue Elementary",91007
"6797",19,64261,6011175,5,2012,31,69,"Holly Avenue Elementary",91007
"6798",19,64261,6011175,5,2012,111,91,"Holly Avenue Elementary",91007
"6799",19,64261,6011183,2,2012,31,81.5,"Hugo Reid Elementary",91007
"6800",19,64261,6011183,2,2012,111,94.5,"Hugo Reid Elementary",91007
"6801",19,64261,6011183,3,2012,31,66.5,"Hugo Reid Elementary",91007
"6802",19,64261,6011183,3,2012,111,89,"Hugo Reid Elementary",91007
"6803",19,64261,6011183,4,2012,31,87.3333333333333,"Hugo Reid Elementary",91007
"6804",19,64261,6011183,4,2012,111,93.5172413793103,"Hugo Reid Elementary",91007
"6805",19,64261,6011183,5,2012,31,74.3333333333333,"Hugo Reid Elementary",91007
"6806",19,64261,6011183,5,2012,111,88.3284132841328,"Hugo Reid Elementary",91007
"6807",19,64261,6011191,2,2012,31,61,"Longley Way Elementary",91007
"6808",19,64261,6011191,2,2012,111,91,"Longley Way Elementary",91007
"6809",19,64261,6011191,3,2012,31,75,"Longley Way Elementary",91007
"6810",19,64261,6011191,3,2012,111,90.0152671755725,"Longley Way Elementary",91007
"6811",19,64261,6011191,4,2012,31,79.7272727272727,"Longley Way Elementary",91007
"6812",19,64261,6011191,4,2012,111,91,"Longley Way Elementary",91007
"6813",19,64261,6011191,5,2012,31,78,"Longley Way Elementary",91007
"6814",19,64261,6011191,5,2012,111,93.3425414364641,"Longley Way Elementary",91007
"6815",19,64279,1930528,9,2012,31,31.0011061946903,"Azusa High",91702
"6816",19,64279,1930528,9,2012,111,45.0888888888889,"Azusa High",91702
"6817",19,64279,1930528,10,2012,31,30.3880597014925,"Azusa High",91702
"6818",19,64279,1930528,10,2012,111,35.0863636363636,"Azusa High",91702
"6819",19,64279,1930528,11,2012,31,32.2784810126582,"Azusa High",91702
"6820",19,64279,1930528,11,2012,111,32.625,"Azusa High",91702
"6821",19,64279,1931765,11,2012,31,5.92543859649123,"Sierra High",91702
"6822",19,64279,1931765,11,2012,111,4.32631578947368,"Sierra High",91702
"6823",19,64279,6011225,6,2012,31,28.0246153846154,"Center Middle",91702
"6824",19,64279,6011225,6,2012,111,50.09375,"Center Middle",91702
"6825",19,64279,6011225,7,2012,31,35.0840108401084,"Center Middle",91702
"6826",19,64279,6011225,7,2012,111,40.7727272727273,"Center Middle",91702
"6827",19,64279,6011225,8,2012,31,39.248786407767,"Center Middle",91702
"6828",19,64279,6011225,8,2012,111,46.4166666666667,"Center Middle",91702
"6829",19,64279,6011233,2,2012,31,58,"Charles H. Lee Elementary",91702
"6830",19,64279,6011233,3,2012,31,60.4455445544554,"Charles H. Lee Elementary",91702
"6831",19,64279,6011233,4,2012,31,69.0472440944882,"Charles H. Lee Elementary",91702
"6832",19,64279,6011233,5,2012,31,58.7734806629834,"Charles H. Lee Elementary",91702
"6833",19,64279,6011258,6,2012,31,31.4542936288089,"Foothill Middle",91702
"6834",19,64279,6011258,6,2012,111,50,"Foothill Middle",91702
"6835",19,64279,6011258,7,2012,31,40.4636118598383,"Foothill Middle",91702
"6836",19,64279,6011258,7,2012,111,43.5416666666667,"Foothill Middle",91702
"6837",19,64279,6011258,8,2012,31,39.526455026455,"Foothill Middle",91702
"6838",19,64279,6011258,8,2012,111,51.5142857142857,"Foothill Middle",91702
"6839",19,64279,6011290,2,2012,31,50,"Magnolia Elementary",91702
"6840",19,64279,6011290,3,2012,31,69,"Magnolia Elementary",91702
"6841",19,64279,6011290,4,2012,31,51,"Magnolia Elementary",91702
"6842",19,64279,6011290,4,2012,111,72,"Magnolia Elementary",91702
"6843",19,64279,6011290,5,2012,31,34.3333333333333,"Magnolia Elementary",91702
"6844",19,64279,6011290,5,2012,111,48.3333333333333,"Magnolia Elementary",91702
"6845",19,64279,6011316,2,2012,31,69.5,"Paramount Elementary",91702
"6846",19,64279,6011316,2,2012,111,100,"Paramount Elementary",91702
"6847",19,64279,6011316,3,2012,31,49.6732673267327,"Paramount Elementary",91702
"6848",19,64279,6011316,4,2012,31,49.9928057553957,"Paramount Elementary",91702
"6849",19,64279,6011316,4,2012,111,87.5,"Paramount Elementary",91702
"6850",19,64279,6011316,5,2012,31,40.990243902439,"Paramount Elementary",91702
"6851",19,64279,6011324,6,2012,31,40.9626168224299,"Slauson Intermediate",91702
"6852",19,64279,6011324,6,2012,111,55,"Slauson Intermediate",91702
"6853",19,64279,6011324,7,2012,31,38.0230414746544,"Slauson Intermediate",91702
"6854",19,64279,6011324,7,2012,111,50.6516853932584,"Slauson Intermediate",91702
"6855",19,64279,6011324,8,2012,31,40.6238651102464,"Slauson Intermediate",91702
"6856",19,64279,6011324,8,2012,111,58.0201612903226,"Slauson Intermediate",91702
"6857",19,64279,6011332,2,2012,31,36,"Valleydale Elementary",91702
"6858",19,64279,6011332,3,2012,31,49,"Valleydale Elementary",91702
"6859",19,64279,6011332,4,2012,31,50.5670103092784,"Valleydale Elementary",91702
"6860",19,64279,6011332,5,2012,31,50.7957746478873,"Valleydale Elementary",91702
"6861",19,64287,1930601,9,2012,31,33.190537084399,"Baldwin Park High",91706
"6862",19,64287,1930601,9,2012,111,36.2835051546392,"Baldwin Park High",91706
"6863",19,64287,1930601,10,2012,31,31.1197856869499,"Baldwin Park High",91706
"6864",19,64287,1930601,10,2012,111,31.2836676217765,"Baldwin Park High",91706
"6865",19,64287,1930601,11,2012,31,36.1346049046322,"Baldwin Park High",91706
"6866",19,64287,1930601,11,2012,111,38.2916666666667,"Baldwin Park High",91706
"6867",19,64287,1936384,11,2012,31,4.30827067669173,"North Park Continuation High",91706
"6868",19,64287,1936384,11,2012,111,5,"North Park Continuation High",91706
"6869",19,64287,1938166,9,2012,31,42.1628787878788,"Sierra Vista High",91706
"6870",19,64287,1938166,9,2012,111,41.7594339622642,"Sierra Vista High",91706
"6871",19,64287,1938166,10,2012,31,35.2688736374647,"Sierra Vista High",91706
"6872",19,64287,1938166,10,2012,111,36.8689320388349,"Sierra Vista High",91706
"6873",19,64287,1938166,11,2012,31,29.8247619047619,"Sierra Vista High",91706
"6874",19,64287,1938166,11,2012,111,23.9509803921569,"Sierra Vista High",91706
"6875",19,64287,6011381,2,2012,31,49,"Central Elementary",91706
"6876",19,64287,6011381,3,2012,31,40.5099337748344,"Central Elementary",91706
"6877",19,64287,6011381,4,2012,31,38.7402597402597,"Central Elementary",91706
"6878",19,64287,6011381,5,2012,31,41.375,"Central Elementary",91706
"6879",19,64287,6011381,6,2012,31,45.4941176470588,"Central Elementary",91706
"6880",19,64287,6011407,2,2012,31,59,"De Anza Elementary",91706
"6881",19,64287,6011407,4,2012,31,52.9801324503311,"De Anza Elementary",91706
"6882",19,64287,6011407,5,2012,31,35.0106951871658,"De Anza Elementary",91706
"6883",19,64287,6011407,6,2012,31,51.52,"De Anza Elementary",91706
"6884",19,64287,6011415,2,2012,31,51,"Elwin Elementary",91706
"6885",19,64287,6011415,3,2012,31,43.6239316239316,"Elwin Elementary",91706
"6886",19,64287,6011415,4,2012,31,53.4767441860465,"Elwin Elementary",91706
"6887",19,64287,6011415,5,2012,31,37.219512195122,"Elwin Elementary",91706
"6888",19,64287,6011415,6,2012,31,33.5,"Elwin Elementary",91706
"6889",19,64287,6011423,2,2012,31,54,"Foster Elementary",91706
"6890",19,64287,6011423,3,2012,31,54.5,"Foster Elementary",91706
"6891",19,64287,6011423,4,2012,31,71.2068965517241,"Foster Elementary",91706
"6892",19,64287,6011423,5,2012,31,66.3706563706564,"Foster Elementary",91706
"6893",19,64287,6011423,6,2012,31,67.9390243902439,"Foster Elementary",91706
"6894",19,64287,6011449,2,2012,31,63.5,"Kenmore Elementary",91706
"6895",19,64287,6011449,3,2012,31,54.5483870967742,"Kenmore Elementary",91706
"6896",19,64287,6011449,4,2012,31,71.3375,"Kenmore Elementary",91706
"6897",19,64287,6011449,5,2012,31,60.9591836734694,"Kenmore Elementary",91706
"6898",19,64287,6011449,6,2012,31,61.9886363636364,"Kenmore Elementary",91706
"6899",19,64287,6011472,6,2012,31,40.8,"Olive Middle",91706
"6900",19,64287,6011472,7,2012,31,51.3826815642458,"Olive Middle",91706
"6901",19,64287,6011472,8,2012,31,55.9400260756193,"Olive Middle",91706
"6902",19,64287,6011480,2,2012,31,64,"Pleasant View Elementary",91706
"6903",19,64287,6011480,4,2012,31,51.4137931034483,"Pleasant View Elementary",91706
"6904",19,64287,6011480,5,2012,31,54.8169014084507,"Pleasant View Elementary",91706
"6905",19,64287,6011480,6,2012,31,32.1264367816092,"Pleasant View Elementary",91706
"6906",19,64287,6011498,2,2012,31,52.5,"Tracy Elementary",91706
"6907",19,64287,6011498,3,2012,31,52.6229508196721,"Tracy Elementary",91706
"6908",19,64287,6011498,4,2012,31,53.9685534591195,"Tracy Elementary",91706
"6909",19,64287,6011498,4,2012,111,60,"Tracy Elementary",91706
"6910",19,64287,6011498,5,2012,31,41.2972972972973,"Tracy Elementary",91706
"6911",19,64287,6011498,6,2012,31,45.9852216748768,"Tracy Elementary",91706
"6912",19,64287,6011498,6,2012,111,54,"Tracy Elementary",91706
"6913",19,64287,6011506,2,2012,31,64,"Vineland Elementary",91706
"6914",19,64287,6011506,3,2012,31,49.9276018099548,"Vineland Elementary",91706
"6915",19,64287,6011506,4,2012,31,65.5767441860465,"Vineland Elementary",91706
"6916",19,64287,6011506,5,2012,31,60.2954545454545,"Vineland Elementary",91706
"6917",19,64287,6011506,6,2012,31,65.4196428571429,"Vineland Elementary",91706
"6918",19,64287,6011514,2,2012,31,59,"Walnut Elementary",91706
"6919",19,64287,6011514,3,2012,31,62.6722222222222,"Walnut Elementary",91706
"6920",19,64287,6011514,4,2012,31,77.15,"Walnut Elementary",91706
"6921",19,64287,6011514,5,2012,31,55.3095238095238,"Walnut Elementary",91706
"6922",19,64295,1930700,9,2012,31,30.8236220472441,"Bassett Senior High",91746
"6923",19,64295,1930700,9,2012,111,32.3333333333333,"Bassett Senior High",91746
"6924",19,64295,1930700,10,2012,31,27.6799660441426,"Bassett Senior High",91746
"6925",19,64295,1930700,10,2012,111,25.391959798995,"Bassett Senior High",91746
"6926",19,64295,1930700,11,2012,31,31.280193236715,"Bassett Senior High",91746
"6927",19,64295,1930700,11,2012,111,38.7435897435897,"Bassett Senior High",91746
"6928",19,64295,1936491,11,2012,31,12.4769230769231,"Nueva Vista Continuation High",91746
"6929",19,64295,6011530,2,2012,31,59,"Don Julian Elementary",91746
"6930",19,64295,6011530,3,2012,31,56.5,"Don Julian Elementary",91746
"6931",19,64295,6011530,4,2012,31,51.5,"Don Julian Elementary",91746
"6932",19,64295,6011530,5,2012,31,53.6792452830189,"Don Julian Elementary",91746
"6933",19,64295,6011563,2,2012,31,57.5,"J. E. Van Wig Elementary",91746
"6934",19,64295,6011563,3,2012,31,32.5,"J. E. Van Wig Elementary",91746
"6935",19,64295,6011563,4,2012,31,57.5,"J. E. Van Wig Elementary",91746
"6936",19,64295,6011563,5,2012,31,51.3471502590674,"J. E. Van Wig Elementary",91746
"6937",19,64295,6011571,2,2012,31,31.5142857142857,"Sunkist Elementary",91746
"6938",19,64295,6011571,3,2012,31,38.3959731543624,"Sunkist Elementary",91746
"6939",19,64295,6011571,4,2012,31,54.5965909090909,"Sunkist Elementary",91746
"6940",19,64295,6011571,4,2012,111,58,"Sunkist Elementary",91746
"6941",19,64295,6011571,5,2012,31,46.6666666666667,"Sunkist Elementary",91746
"6942",19,64295,6057483,2,2012,31,74,"Edgewood Academy",91746
"6943",19,64295,6057483,3,2012,31,65.140625,"Edgewood Academy",91746
"6944",19,64295,6057483,4,2012,31,58.5470085470085,"Edgewood Academy",91746
"6945",19,64295,6057483,4,2012,111,92,"Edgewood Academy",91746
"6946",19,64295,6057483,5,2012,31,54.3885714285714,"Edgewood Academy",91746
"6947",19,64295,6057483,6,2012,31,62.1649484536082,"Edgewood Academy",91746
"6948",19,64295,6057483,6,2012,111,66.5,"Edgewood Academy",91746
"6949",19,64295,6057483,7,2012,31,61.9527559055118,"Edgewood Academy",91746
"6950",19,64295,6057483,7,2012,111,82,"Edgewood Academy",91746
"6951",19,64295,6057483,8,2012,31,43.7260869565217,"Edgewood Academy",91746
"6952",19,64295,6057483,8,2012,111,53.5,"Edgewood Academy",91746
"6953",19,64295,6057491,6,2012,31,48.4838012958963,"Torch Middle",91746
"6954",19,64295,6057491,6,2012,111,72.6060606060606,"Torch Middle",91746
"6955",19,64295,6057491,7,2012,31,64.4545454545455,"Torch Middle",91746
"6956",19,64295,6057491,7,2012,111,80.4210526315789,"Torch Middle",91746
"6957",19,64295,6057491,8,2012,31,43.8438202247191,"Torch Middle",91746
"6958",19,64295,6057491,8,2012,111,50.1698113207547,"Torch Middle",91746
"6959",19,64303,1930775,7,2012,31,45.6497948016416,"Bellflower High",90706
"6960",19,64303,1930775,7,2012,111,55.0671140939597,"Bellflower High",90706
"6961",19,64303,1930775,8,2012,31,56.324931880109,"Bellflower High",90706
"6962",19,64303,1930775,8,2012,111,71.8323863636364,"Bellflower High",90706
"6963",19,64303,1930775,9,2012,31,51.8817021276596,"Bellflower High",90706
"6964",19,64303,1930775,9,2012,111,57.0583090379009,"Bellflower High",90706
"6965",19,64303,1930775,10,2012,31,50.8496009821977,"Bellflower High",90706
"6966",19,64303,1930775,10,2012,111,53.283185840708,"Bellflower High",90706
"6967",19,64303,1930775,11,2012,31,39.9618456078083,"Bellflower High",90706
"6968",19,64303,1930775,11,2012,111,52.5412474849095,"Bellflower High",90706
"6969",19,64303,1938190,10,2012,31,8.48936170212766,"Somerset Continuation High",90706
"6970",19,64303,1938190,11,2012,31,6.30555555555556,"Somerset Continuation High",90706
"6971",19,64303,1938190,11,2012,111,7.69565217391304,"Somerset Continuation High",90706
"6972",19,64303,6011696,2,2012,31,40.5,"Ramona Elementary",90706
"6973",19,64303,6011696,3,2012,31,42.5,"Ramona Elementary",90706
"6974",19,64303,6011696,4,2012,31,57.5032679738562,"Ramona Elementary",90706
"6975",19,64303,6011696,4,2012,111,67.5,"Ramona Elementary",90706
"6976",19,64303,6011696,5,2012,31,41.6465517241379,"Ramona Elementary",90706
"6977",19,64303,6011696,5,2012,111,60.1627906976744,"Ramona Elementary",90706
"6978",19,64303,6011696,6,2012,31,37.0264900662252,"Ramona Elementary",90706
"6979",19,64303,6011696,6,2012,111,37.0571428571429,"Ramona Elementary",90706
"6980",19,64303,6057517,2,2012,31,45,"Washington Elementary",90706
"6981",19,64303,6057517,3,2012,31,47.5897435897436,"Washington Elementary",90706
"6982",19,64303,6057517,4,2012,31,64.5,"Washington Elementary",90706
"6983",19,64303,6057517,5,2012,31,59.3333333333333,"Washington Elementary",90706
"6984",19,64303,6057517,6,2012,31,41.8810572687225,"Washington Elementary",90706
"6985",19,64311,1930981,9,2012,31,50.8776978417266,"Beverly Hills High",90212
"6986",19,64311,1930981,9,2012,111,74.3426919900908,"Beverly Hills High",90212
"6987",19,64311,1930981,10,2012,31,56.5721393034826,"Beverly Hills High",90212
"6988",19,64311,1930981,10,2012,111,68.9594594594595,"Beverly Hills High",90212
"6989",19,64311,1930981,11,2012,31,73.9910714285714,"Beverly Hills High",90212
"6990",19,64311,1930981,11,2012,111,67.2101167315175,"Beverly Hills High",90212
"6991",19,64311,6011753,2,2012,111,68,"El Rodeo Elementary",90210
"6992",19,64311,6011753,3,2012,111,68,"El Rodeo Elementary",90210
"6993",19,64311,6011753,4,2012,111,85.5,"El Rodeo Elementary",90210
"6994",19,64311,6011753,5,2012,111,86.3125,"El Rodeo Elementary",90210
"6995",19,64311,6011753,6,2012,111,74,"El Rodeo Elementary",90210
"6996",19,64311,6011753,7,2012,111,84.4941176470588,"El Rodeo Elementary",90210
"6997",19,64311,6011753,8,2012,111,78.3353846153846,"El Rodeo Elementary",90210
"6998",19,64311,6011761,2,2012,111,86.5,"Hawthorne Elementary",90210
"6999",19,64311,6011761,3,2012,111,90,"Hawthorne Elementary",90210
"7000",19,64311,6011761,4,2012,111,98,"Hawthorne Elementary",90210
"7001",19,64311,6011761,5,2012,111,80.6502057613169,"Hawthorne Elementary",90210
"7002",19,64311,6011761,6,2012,111,83.045045045045,"Hawthorne Elementary",90210
"7003",19,64311,6011761,7,2012,111,85.5033112582781,"Hawthorne Elementary",90210
"7004",19,64311,6011761,8,2012,111,85.8333333333333,"Hawthorne Elementary",90210
"7005",19,64311,6011779,2,2012,111,76,"Horace Mann Elementary",90211
"7006",19,64311,6011779,3,2012,111,77.5,"Horace Mann Elementary",90211
"7007",19,64311,6011779,4,2012,111,92,"Horace Mann Elementary",90211
"7008",19,64311,6011779,5,2012,31,80.6666666666667,"Horace Mann Elementary",90211
"7009",19,64311,6011779,5,2012,111,85.9471153846154,"Horace Mann Elementary",90211
"7010",19,64311,6011779,6,2012,31,58.5,"Horace Mann Elementary",90211
"7011",19,64311,6011779,6,2012,111,81.5,"Horace Mann Elementary",90211
"7012",19,64311,6011779,7,2012,111,91.4741379310345,"Horace Mann Elementary",90211
"7013",19,64311,6011779,8,2012,31,61.4666666666667,"Horace Mann Elementary",90211
"7014",19,64311,6011779,8,2012,111,82.2835249042146,"Horace Mann Elementary",90211
"7015",19,64329,1937598,11,2012,31,11.3584905660377,"Chaparral High (Continuation)",91773
"7016",19,64329,1937598,11,2012,111,34.5,"Chaparral High (Continuation)",91773
"7017",19,64329,1937739,9,2012,31,52.8099173553719,"San Dimas High",91773
"7018",19,64329,1937739,9,2012,111,54.7331189710611,"San Dimas High",91773
"7019",19,64329,1937739,10,2012,31,44.8242677824268,"San Dimas High",91773
"7020",19,64329,1937739,10,2012,111,63.1109057301294,"San Dimas High",91773
"7021",19,64329,1937739,11,2012,31,44.0673400673401,"San Dimas High",91773
"7022",19,64329,1937739,11,2012,111,54.0888888888889,"San Dimas High",91773
"7023",19,64329,1995893,10,2012,31,14.1388888888889,"Vista (Alternative)",91773
"7024",19,64329,6011787,2,2012,31,64,"Allen Avenue Elementary",91773
"7025",19,64329,6011787,2,2012,111,82.5,"Allen Avenue Elementary",91773
"7026",19,64329,6011787,3,2012,31,66.5,"Allen Avenue Elementary",91773
"7027",19,64329,6011787,3,2012,111,78.3561643835616,"Allen Avenue Elementary",91773
"7028",19,64329,6011787,4,2012,31,68.9818181818182,"Allen Avenue Elementary",91773
"7029",19,64329,6011787,4,2012,111,88.0882352941177,"Allen Avenue Elementary",91773
"7030",19,64329,6011787,5,2012,31,90.6666666666667,"Allen Avenue Elementary",91773
"7031",19,64329,6011787,5,2012,111,89.0763358778626,"Allen Avenue Elementary",91773
"7032",19,64329,6011811,2,2012,31,46,"Gladstone Elementary",91773
"7033",19,64329,6011811,2,2012,111,86,"Gladstone Elementary",91773
"7034",19,64329,6011811,3,2012,31,76.5,"Gladstone Elementary",91773
"7035",19,64329,6011811,3,2012,111,77.9159663865546,"Gladstone Elementary",91773
"7036",19,64329,6011811,4,2012,31,87.5,"Gladstone Elementary",91773
"7037",19,64329,6011811,4,2012,111,94.5,"Gladstone Elementary",91773
"7038",19,64329,6011811,5,2012,31,80.3289473684211,"Gladstone Elementary",91773
"7039",19,64329,6011811,5,2012,111,94.6143790849673,"Gladstone Elementary",91773
"7040",19,64329,6011845,2,2012,31,73,"La Verne Heights Elementary",91773
"7041",19,64329,6011845,2,2012,111,80,"La Verne Heights Elementary",91773
"7042",19,64329,6011845,3,2012,31,77,"La Verne Heights Elementary",91773
"7043",19,64329,6011845,3,2012,111,75.5,"La Verne Heights Elementary",91773
"7044",19,64329,6011845,4,2012,31,71,"La Verne Heights Elementary",91773
"7045",19,64329,6011845,4,2012,111,85.488,"La Verne Heights Elementary",91773
"7046",19,64329,6011845,5,2012,31,41.6666666666667,"La Verne Heights Elementary",91773
"7047",19,64329,6011845,5,2012,111,78,"La Verne Heights Elementary",91773
"7048",19,64329,6011860,6,2012,31,52.5,"Ramona Middle",91773
"7049",19,64329,6011860,6,2012,111,78.5,"Ramona Middle",91773
"7050",19,64329,6011860,7,2012,31,57.9330855018587,"Ramona Middle",91773
"7051",19,64329,6011860,7,2012,111,81.7692307692308,"Ramona Middle",91773
"7052",19,64329,6011860,8,2012,31,64.3092369477912,"Ramona Middle",91773
"7053",19,64329,6011860,8,2012,111,82.0916271721959,"Ramona Middle",91773
"7054",19,64329,6071385,6,2012,31,52.9230769230769,"Lone Hill Middle",91773
"7055",19,64329,6071385,6,2012,111,71.4344023323615,"Lone Hill Middle",91773
"7056",19,64329,6071385,7,2012,31,51.4301675977654,"Lone Hill Middle",91773
"7057",19,64329,6071385,7,2012,111,61.9535519125683,"Lone Hill Middle",91773
"7058",19,64329,6071385,8,2012,31,65.8612334801762,"Lone Hill Middle",91773
"7059",19,64329,6071385,8,2012,111,77.1173533083645,"Lone Hill Middle",91773
"7060",19,64337,1931187,9,2012,31,55.3373493975904,"Burbank High",91502
"7061",19,64337,1931187,9,2012,111,69.7447382622774,"Burbank High",91502
"7062",19,64337,1931187,10,2012,31,44.4494382022472,"Burbank High",91502
"7063",19,64337,1931187,10,2012,111,60.2197452229299,"Burbank High",91502
"7064",19,64337,1931187,11,2012,31,58.1538461538462,"Burbank High",91502
"7065",19,64337,1931187,11,2012,111,54.3563268892794,"Burbank High",91502
"7066",19,64337,1931237,9,2012,31,42.311320754717,"Burroughs High",91506
"7067",19,64337,1931237,9,2012,111,64.027972027972,"Burroughs High",91506
"7068",19,64337,1931237,10,2012,31,40.6222222222222,"Burroughs High",91506
"7069",19,64337,1931237,10,2012,111,60.7973116377786,"Burroughs High",91506
"7070",19,64337,1931237,11,2012,31,35.7924528301887,"Burroughs High",91506
"7071",19,64337,1931237,11,2012,111,51.246979217013,"Burroughs High",91506
"7072",19,64337,6011993,2,2012,31,60,"Providencia Elementary",91505
"7073",19,64337,6011993,2,2012,111,63.5,"Providencia Elementary",91505
"7074",19,64337,6011993,3,2012,31,55.3684210526316,"Providencia Elementary",91505
"7075",19,64337,6011993,3,2012,111,70.5882352941177,"Providencia Elementary",91505
"7076",19,64337,6011993,4,2012,31,94.5138888888889,"Providencia Elementary",91505
"7077",19,64337,6011993,4,2012,111,86.5227272727273,"Providencia Elementary",91505
"7078",19,64337,6011993,5,2012,31,71.9024390243902,"Providencia Elementary",91505
"7079",19,64337,6011993,5,2012,111,82,"Providencia Elementary",91505
"7080",19,64337,6057533,6,2012,31,54.9387755102041,"Luther Burbank Middle",91505
"7081",19,64337,6057533,6,2012,111,67.9849749582638,"Luther Burbank Middle",91505
"7082",19,64337,6057533,7,2012,31,42.4545454545455,"Luther Burbank Middle",91505
"7083",19,64337,6057533,7,2012,111,71.1492537313433,"Luther Burbank Middle",91505
"7084",19,64337,6057533,8,2012,31,49.5981308411215,"Luther Burbank Middle",91505
"7085",19,64337,6057533,8,2012,111,68.5793269230769,"Luther Burbank Middle",91505
"7086",19,64345,101600,2,2012,31,58.5,"Northlake Hills Elementary",91384
"7087",19,64345,101600,2,2012,111,78,"Northlake Hills Elementary",91384
"7088",19,64345,101600,3,2012,31,44.5,"Northlake Hills Elementary",91384
"7089",19,64345,101600,3,2012,111,74,"Northlake Hills Elementary",91384
"7090",19,64345,101600,4,2012,31,64,"Northlake Hills Elementary",91384
"7091",19,64345,101600,4,2012,111,85,"Northlake Hills Elementary",91384
"7092",19,64345,101600,5,2012,31,57,"Northlake Hills Elementary",91384
"7093",19,64345,101600,5,2012,111,81,"Northlake Hills Elementary",91384
"7094",19,64345,6012033,2,2012,111,70,"Castaic Elementary",91384
"7095",19,64345,6012033,3,2012,111,69.5,"Castaic Elementary",91384
"7096",19,64345,6012033,4,2012,31,31.1034482758621,"Castaic Elementary",91384
"7097",19,64345,6012033,4,2012,111,83.4792899408284,"Castaic Elementary",91384
"7098",19,64345,6012033,5,2012,111,66.3333333333333,"Castaic Elementary",91384
"7099",19,64345,6106215,6,2012,31,46.875,"Castaic Middle",91384
"7100",19,64345,6106215,6,2012,111,66.4720149253731,"Castaic Middle",91384
"7101",19,64345,6106215,7,2012,31,39.6173913043478,"Castaic Middle",91384
"7102",19,64345,6106215,7,2012,111,76.0016638935108,"Castaic Middle",91384
"7103",19,64345,6106215,8,2012,31,47.0869565217391,"Castaic Middle",91384
"7104",19,64345,6106215,8,2012,111,71.9807692307692,"Castaic Middle",91384
"7105",19,64345,6107353,2,2012,31,44,"Live Oak Elementary",91384
"7106",19,64345,6107353,2,2012,111,76.5,"Live Oak Elementary",91384
"7107",19,64345,6107353,3,2012,31,35,"Live Oak Elementary",91384
"7108",19,64345,6107353,3,2012,111,60.5,"Live Oak Elementary",91384
"7109",19,64345,6107353,4,2012,31,38.5,"Live Oak Elementary",91384
"7110",19,64345,6107353,4,2012,111,68.5,"Live Oak Elementary",91384
"7111",19,64345,6107353,5,2012,31,33.6666666666667,"Live Oak Elementary",91384
"7112",19,64345,6107353,5,2012,111,63.6734693877551,"Live Oak Elementary",91384
"7113",19,64352,1933951,9,2012,31,22.2372505543237,"Hawthorne High",90250
"7114",19,64352,1933951,9,2012,111,25.3720930232558,"Hawthorne High",90250
"7115",19,64352,1933951,10,2012,31,28.315092674316,"Hawthorne High",90250
"7116",19,64352,1933951,10,2012,111,32.5159574468085,"Hawthorne High",90250
"7117",19,64352,1933951,11,2012,31,22.8340649692713,"Hawthorne High",90250
"7118",19,64352,1933951,11,2012,111,17.3532110091743,"Hawthorne High",90250
"7119",19,64352,1934926,9,2012,31,39.6892033542977,"Lawndale High",90260
"7120",19,64352,1934926,9,2012,111,47.1636363636364,"Lawndale High",90260
"7121",19,64352,1934926,10,2012,31,36.278905560459,"Lawndale High",90260
"7122",19,64352,1934926,10,2012,111,39.8787061994609,"Lawndale High",90260
"7123",19,64352,1934926,11,2012,31,35.8665223665224,"Lawndale High",90260
"7124",19,64352,1934926,11,2012,111,41.8214285714286,"Lawndale High",90260
"7125",19,64352,1935048,9,2012,31,28.2713903743315,"Leuzinger High",90260
"7126",19,64352,1935048,9,2012,111,40,"Leuzinger High",90260
"7127",19,64352,1935048,10,2012,31,24.3428728673638,"Leuzinger High",90260
"7128",19,64352,1935048,10,2012,111,33.9450549450549,"Leuzinger High",90260
"7129",19,64352,1935048,11,2012,31,26.7088607594937,"Leuzinger High",90260
"7130",19,64352,1935048,11,2012,111,24.5078125,"Leuzinger High",90260
"7131",19,64378,1931666,9,2012,31,43.0701168614357,"Charter Oak High",91724
"7132",19,64378,1931666,9,2012,111,53.1831683168317,"Charter Oak High",91724
"7133",19,64378,1931666,10,2012,31,31.380829015544,"Charter Oak High",91724
"7134",19,64378,1931666,10,2012,111,49.4936350777935,"Charter Oak High",91724
"7135",19,64378,1931666,11,2012,31,44.0748031496063,"Charter Oak High",91724
"7136",19,64378,1931666,11,2012,111,42.7032007759457,"Charter Oak High",91724
"7137",19,64378,1995885,7,2012,111,77,"Oak Knoll Alternative",91740
"7138",19,64378,1995885,10,2012,111,67,"Oak Knoll Alternative",91740
"7139",19,64378,6012041,2,2012,31,51.5,"Badillo Elementary",91724
"7140",19,64378,6012041,2,2012,111,70.5,"Badillo Elementary",91724
"7141",19,64378,6012041,3,2012,31,55.8095238095238,"Badillo Elementary",91724
"7142",19,64378,6012041,3,2012,111,59,"Badillo Elementary",91724
"7143",19,64378,6012041,4,2012,31,59.5443037974684,"Badillo Elementary",91724
"7144",19,64378,6012041,4,2012,111,76.5,"Badillo Elementary",91724
"7145",19,64378,6012041,5,2012,31,60,"Badillo Elementary",91724
"7146",19,64378,6012041,5,2012,111,78.6666666666667,"Badillo Elementary",91724
"7147",19,64378,6012041,6,2012,31,54.5,"Badillo Elementary",91724
"7148",19,64378,6012041,6,2012,111,68,"Badillo Elementary",91724
"7149",19,64378,6012066,2,2012,31,73,"Cedargrove Elementary",91724
"7150",19,64378,6012066,2,2012,111,79.5,"Cedargrove Elementary",91724
"7151",19,64378,6012066,3,2012,31,84.5,"Cedargrove Elementary",91724
"7152",19,64378,6012066,3,2012,111,81.976,"Cedargrove Elementary",91724
"7153",19,64378,6012066,4,2012,31,68.5037593984962,"Cedargrove Elementary",91724
"7154",19,64378,6012066,4,2012,111,79.4488188976378,"Cedargrove Elementary",91724
"7155",19,64378,6012066,5,2012,31,54.6666666666667,"Cedargrove Elementary",91724
"7156",19,64378,6012066,5,2012,111,72,"Cedargrove Elementary",91724
"7157",19,64378,6012066,6,2012,31,73.5179856115108,"Cedargrove Elementary",91724
"7158",19,64378,6012066,6,2012,111,73.04,"Cedargrove Elementary",91724
"7159",19,64378,6012090,2,2012,31,75,"Glen Oak Elementary",91724
"7160",19,64378,6012090,2,2012,111,86.5,"Glen Oak Elementary",91724
"7161",19,64378,6012090,3,2012,31,54.1388888888889,"Glen Oak Elementary",91724
"7162",19,64378,6012090,3,2012,111,82.5,"Glen Oak Elementary",91724
"7163",19,64378,6012090,4,2012,31,71.038961038961,"Glen Oak Elementary",91724
"7164",19,64378,6012090,4,2012,111,76,"Glen Oak Elementary",91724
"7165",19,64378,6012090,5,2012,31,44.2830188679245,"Glen Oak Elementary",91724
"7166",19,64378,6012090,5,2012,111,60.6666666666667,"Glen Oak Elementary",91724
"7167",19,64378,6012090,6,2012,31,33.8630136986301,"Glen Oak Elementary",91724
"7168",19,64378,6012090,6,2012,111,60,"Glen Oak Elementary",91724
"7169",19,64378,6012116,7,2012,31,50.3192771084337,"Royal Oak Middle",91724
"7170",19,64378,6012116,7,2012,111,58.2584033613445,"Royal Oak Middle",91724
"7171",19,64378,6012116,8,2012,31,44.7619047619048,"Royal Oak Middle",91724
"7172",19,64378,6012116,8,2012,111,67.0054764512596,"Royal Oak Middle",91724
"7173",19,64378,6012132,2,2012,31,61.5,"Washington Elementary",91740
"7174",19,64378,6012132,2,2012,111,80,"Washington Elementary",91740
"7175",19,64378,6012132,3,2012,31,73,"Washington Elementary",91740
"7176",19,64378,6012132,3,2012,111,86.6521739130435,"Washington Elementary",91740
"7177",19,64378,6012132,4,2012,31,57,"Washington Elementary",91740
"7178",19,64378,6012132,4,2012,111,72.5,"Washington Elementary",91740
"7179",19,64378,6012132,5,2012,31,92.3333333333333,"Washington Elementary",91740
"7180",19,64378,6012132,5,2012,111,85.2950819672131,"Washington Elementary",91740
"7181",19,64378,6012132,6,2012,31,50.9850746268657,"Washington Elementary",91740
"7182",19,64378,6012132,6,2012,111,84.5,"Washington Elementary",91740
"7183",19,64378,6012140,2,2012,31,76.5,"Willow Elementary",91740
"7184",19,64378,6012140,2,2012,111,92,"Willow Elementary",91740
"7185",19,64378,6012140,3,2012,31,71.5102040816327,"Willow Elementary",91740
"7186",19,64378,6012140,3,2012,111,97.5,"Willow Elementary",91740
"7187",19,64378,6012140,4,2012,31,77.5,"Willow Elementary",91740
"7188",19,64378,6012140,4,2012,111,100,"Willow Elementary",91740
"7189",19,64378,6012140,5,2012,31,51.8793103448276,"Willow Elementary",91740
"7190",19,64378,6012140,5,2012,111,81.3333333333333,"Willow Elementary",91740
"7191",19,64378,6012140,6,2012,31,72,"Willow Elementary",91740
"7192",19,64378,6012140,6,2012,111,86,"Willow Elementary",91740
"7193",19,64394,1931823,9,2012,31,45.5449541284404,"Claremont High",91711
"7194",19,64394,1931823,9,2012,111,63.6283112582781,"Claremont High",91711
"7195",19,64394,1931823,10,2012,31,42.2210927573062,"Claremont High",91711
"7196",19,64394,1931823,10,2012,111,61.8477842003854,"Claremont High",91711
"7197",19,64394,1931823,11,2012,31,41.2774774774775,"Claremont High",91711
"7198",19,64394,1931823,11,2012,111,60.3666666666667,"Claremont High",91711
"7199",19,64394,6012157,2,2012,31,88.5,"Chaparral Elementary",91711
"7200",19,64394,6012157,2,2012,111,84.5,"Chaparral Elementary",91711
"7201",19,64394,6012157,3,2012,111,85.5179487179487,"Chaparral Elementary",91711
"7202",19,64394,6012157,4,2012,111,94.9940828402367,"Chaparral Elementary",91711
"7203",19,64394,6012157,5,2012,31,74.6666666666667,"Chaparral Elementary",91711
"7204",19,64394,6012157,5,2012,111,90,"Chaparral Elementary",91711
"7205",19,64394,6012157,6,2012,31,45,"Chaparral Elementary",91711
"7206",19,64394,6012157,6,2012,111,85.9774011299435,"Chaparral Elementary",91711
"7207",19,64394,6012165,2,2012,31,55.5,"Condit Elementary",91711
"7208",19,64394,6012165,2,2012,111,92,"Condit Elementary",91711
"7209",19,64394,6012165,3,2012,31,71.5,"Condit Elementary",91711
"7210",19,64394,6012165,3,2012,111,87.5,"Condit Elementary",91711
"7211",19,64394,6012165,4,2012,31,82.5,"Condit Elementary",91711
"7212",19,64394,6012165,4,2012,111,93,"Condit Elementary",91711
"7213",19,64394,6012165,5,2012,31,79.0232558139535,"Condit Elementary",91711
"7214",19,64394,6012165,5,2012,111,87.6666666666667,"Condit Elementary",91711
"7215",19,64394,6012165,6,2012,31,62.375,"Condit Elementary",91711
"7216",19,64394,6012165,6,2012,111,88.4727272727273,"Condit Elementary",91711
"7217",19,64394,6012181,2,2012,31,73,"Mountain View Elementary",91711
"7218",19,64394,6012181,2,2012,111,85,"Mountain View Elementary",91711
"7219",19,64394,6012181,3,2012,31,68.5,"Mountain View Elementary",91711
"7220",19,64394,6012181,3,2012,111,85,"Mountain View Elementary",91711
"7221",19,64394,6012181,4,2012,31,65.0281690140845,"Mountain View Elementary",91711
"7222",19,64394,6012181,4,2012,111,76.5,"Mountain View Elementary",91711
"7223",19,64394,6012181,5,2012,31,61.7796610169492,"Mountain View Elementary",91711
"7224",19,64394,6012181,5,2012,111,90.6301369863014,"Mountain View Elementary",91711
"7225",19,64394,6012181,6,2012,31,66.0602409638554,"Mountain View Elementary",91711
"7226",19,64394,6012181,6,2012,111,71,"Mountain View Elementary",91711
"7227",19,64394,6012199,2,2012,31,42.5,"Oakmont Elementary",91711
"7228",19,64394,6012199,2,2012,111,84.5,"Oakmont Elementary",91711
"7229",19,64394,6012199,3,2012,31,63.2982456140351,"Oakmont Elementary",91711
"7230",19,64394,6012199,3,2012,111,80.04,"Oakmont Elementary",91711
"7231",19,64394,6012199,4,2012,31,85.5178571428571,"Oakmont Elementary",91711
"7232",19,64394,6012199,4,2012,111,85,"Oakmont Elementary",91711
"7233",19,64394,6012199,5,2012,31,64.7746478873239,"Oakmont Elementary",91711
"7234",19,64394,6012199,6,2012,31,70.5,"Oakmont Elementary",91711
"7235",19,64394,6012199,6,2012,111,77.0285714285714,"Oakmont Elementary",91711
"7236",19,64394,6012207,2,2012,31,58.5,"Sumner Elementary",91711
"7237",19,64394,6012207,2,2012,111,79.5,"Sumner Elementary",91711
"7238",19,64394,6012207,3,2012,31,63.5,"Sumner Elementary",91711
"7239",19,64394,6012207,3,2012,111,87,"Sumner Elementary",91711
"7240",19,64394,6012207,4,2012,31,51.5,"Sumner Elementary",91711
"7241",19,64394,6012207,4,2012,111,72,"Sumner Elementary",91711
"7242",19,64394,6012207,5,2012,31,45.3333333333333,"Sumner Elementary",91711
"7243",19,64394,6012207,5,2012,111,70.0551181102362,"Sumner Elementary",91711
"7244",19,64394,6012207,6,2012,31,59.5,"Sumner Elementary",91711
"7245",19,64394,6012207,6,2012,111,73.4857142857143,"Sumner Elementary",91711
"7246",19,64394,6012215,2,2012,111,79,"Sycamore Elementary",91711
"7247",19,64394,6012215,3,2012,31,36,"Sycamore Elementary",91711
"7248",19,64394,6012215,3,2012,111,75.5,"Sycamore Elementary",91711
"7249",19,64394,6012215,4,2012,111,83.4457831325301,"Sycamore Elementary",91711
"7250",19,64394,6012215,5,2012,31,24,"Sycamore Elementary",91711
"7251",19,64394,6012215,5,2012,111,78.6666666666667,"Sycamore Elementary",91711
"7252",19,64394,6012215,6,2012,111,85.5,"Sycamore Elementary",91711
"7253",19,64394,6057541,7,2012,31,49.5913978494624,"El Roble Intermediate",91711
"7254",19,64394,6057541,7,2012,111,78.2069464544139,"El Roble Intermediate",91711
"7255",19,64394,6057541,8,2012,31,50.3271604938272,"El Roble Intermediate",91711
"7256",19,64394,6057541,8,2012,111,73.8659176029962,"El Roble Intermediate",91711
"7257",19,64436,1932086,9,2012,31,43.8149300155521,"Covina High",91723
"7258",19,64436,1932086,9,2012,111,60.3259803921569,"Covina High",91723
"7259",19,64436,1932086,10,2012,31,40.5041841004184,"Covina High",91723
"7260",19,64436,1932086,10,2012,111,50.843797856049,"Covina High",91723
"7261",19,64436,1932086,11,2012,31,41.4966711051931,"Covina High",91723
"7262",19,64436,1932086,11,2012,111,45.2577565632458,"Covina High",91723
"7263",19,64436,1936418,9,2012,31,39.9628432956381,"Northview High",91722
"7264",19,64436,1936418,9,2012,111,55.1870503597122,"Northview High",91722
"7265",19,64436,1936418,10,2012,31,40.6426256077796,"Northview High",91722
"7266",19,64436,1936418,10,2012,111,50.2564543889845,"Northview High",91722
"7267",19,64436,1936418,11,2012,31,38.3336483931947,"Northview High",91722
"7268",19,64436,1936418,11,2012,111,47.5084388185654,"Northview High",91722
"7269",19,64436,1938372,9,2012,31,42.3307926829268,"South Hills High",91723
"7270",19,64436,1938372,9,2012,111,63.830310880829,"South Hills High",91723
"7271",19,64436,1938372,10,2012,31,39.9881847475832,"South Hills High",91723
"7272",19,64436,1938372,10,2012,111,52.2179176755448,"South Hills High",91723
"7273",19,64436,1938372,11,2012,31,36.0413533834586,"South Hills High",91723
"7274",19,64436,1938372,11,2012,111,52.8203530633437,"South Hills High",91723
"7275",19,64436,6012439,2,2012,31,53.4716981132075,"Barranca Elementary",91723
"7276",19,64436,6012439,2,2012,111,82,"Barranca Elementary",91723
"7277",19,64436,6012439,3,2012,31,71.8151260504202,"Barranca Elementary",91723
"7278",19,64436,6012439,3,2012,111,79.5,"Barranca Elementary",91723
"7279",19,64436,6012439,4,2012,31,69.5267175572519,"Barranca Elementary",91723
"7280",19,64436,6012439,4,2012,111,87.5,"Barranca Elementary",91723
"7281",19,64436,6012439,5,2012,31,66.3262032085562,"Barranca Elementary",91723
"7282",19,64436,6012439,5,2012,111,76.6390977443609,"Barranca Elementary",91723
"7283",19,64436,6012447,2,2012,31,56.5,"Ben Lomond Elementary",91722
"7284",19,64436,6012447,2,2012,111,81.5,"Ben Lomond Elementary",91722
"7285",19,64436,6012447,3,2012,31,43.5,"Ben Lomond Elementary",91722
"7286",19,64436,6012447,3,2012,111,50,"Ben Lomond Elementary",91722
"7287",19,64436,6012447,4,2012,31,75,"Ben Lomond Elementary",91722
"7288",19,64436,6012447,4,2012,111,75.5217391304348,"Ben Lomond Elementary",91722
"7289",19,64436,6012447,5,2012,31,48.6666666666667,"Ben Lomond Elementary",91722
"7290",19,64436,6012447,5,2012,111,65,"Ben Lomond Elementary",91722
"7291",19,64436,6012470,2,2012,31,53.5,"Cypress Elementary",91723
"7292",19,64436,6012470,2,2012,111,76,"Cypress Elementary",91723
"7293",19,64436,6012470,3,2012,31,52.5954198473282,"Cypress Elementary",91723
"7294",19,64436,6012470,3,2012,111,55.0588235294118,"Cypress Elementary",91723
"7295",19,64436,6012470,4,2012,31,55.3846153846154,"Cypress Elementary",91723
"7296",19,64436,6012470,4,2012,111,67,"Cypress Elementary",91723
"7297",19,64436,6012470,5,2012,31,46.0194552529183,"Cypress Elementary",91723
"7298",19,64436,6012470,5,2012,111,55.695652173913,"Cypress Elementary",91723
"7299",19,64436,6012512,2,2012,31,55,"Grovecenter Elementary",91791
"7300",19,64436,6012512,2,2012,111,72.5,"Grovecenter Elementary",91791
"7301",19,64436,6012512,3,2012,31,75.5,"Grovecenter Elementary",91791
"7302",19,64436,6012512,3,2012,111,75.7551020408163,"Grovecenter Elementary",91791
"7303",19,64436,6012512,4,2012,31,77.5,"Grovecenter Elementary",91791
"7304",19,64436,6012512,4,2012,111,92.9555555555555,"Grovecenter Elementary",91791
"7305",19,64436,6012512,5,2012,31,93.0173913043478,"Grovecenter Elementary",91791
"7306",19,64436,6012512,5,2012,111,88,"Grovecenter Elementary",91791
"7307",19,64436,6012546,2,2012,31,57.5,"Manzanita Elementary",91722
"7308",19,64436,6012546,3,2012,31,27.5,"Manzanita Elementary",91722
"7309",19,64436,6012546,5,2012,31,40.3333333333333,"Manzanita Elementary",91722
"7310",19,64436,6012553,2,2012,31,54.5,"Merwin Elementary",91722
"7311",19,64436,6012553,2,2012,111,60,"Merwin Elementary",91722
"7312",19,64436,6012553,3,2012,31,56.3652173913043,"Merwin Elementary",91722
"7313",19,64436,6012553,4,2012,31,58.5,"Merwin Elementary",91722
"7314",19,64436,6012553,4,2012,111,81,"Merwin Elementary",91722
"7315",19,64436,6012553,5,2012,31,50,"Merwin Elementary",91722
"7316",19,64436,6012553,5,2012,111,75.6666666666667,"Merwin Elementary",91722
"7317",19,64436,6012587,2,2012,31,65,"Rowland Avenue Elementary",91790
"7318",19,64436,6012587,2,2012,111,78.5,"Rowland Avenue Elementary",91790
"7319",19,64436,6012587,3,2012,31,69.5,"Rowland Avenue Elementary",91790
"7320",19,64436,6012587,3,2012,111,91,"Rowland Avenue Elementary",91790
"7321",19,64436,6012587,4,2012,31,80,"Rowland Avenue Elementary",91790
"7322",19,64436,6012587,4,2012,111,84.5,"Rowland Avenue Elementary",91790
"7323",19,64436,6012587,5,2012,31,74.6666666666667,"Rowland Avenue Elementary",91790
"7324",19,64436,6012587,5,2012,111,80.3333333333333,"Rowland Avenue Elementary",91790
"7325",19,64444,1932201,9,2012,31,46.1519536903039,"Culver City High",90230
"7326",19,64444,1932201,9,2012,111,68.0754332313965,"Culver City High",90230
"7327",19,64444,1932201,10,2012,31,48.6656656656657,"Culver City High",90230
"7328",19,64444,1932201,10,2012,111,66.8413597733711,"Culver City High",90230
"7329",19,64444,1932201,11,2012,31,39.8130511463845,"Culver City High",90230
"7330",19,64444,1932201,11,2012,111,59.5228706624606,"Culver City High",90230
"7331",19,64444,1932656,11,2012,111,28.093023255814,"Culver Park High",90230
"7332",19,64444,6012678,2,2012,31,83.5,"El Marino Elementary",90230
"7333",19,64444,6012678,2,2012,111,90.5,"El Marino Elementary",90230
"7334",19,64444,6012678,3,2012,31,72.5,"El Marino Elementary",90230
"7335",19,64444,6012678,3,2012,111,85.5,"El Marino Elementary",90230
"7336",19,64444,6012678,4,2012,31,92,"El Marino Elementary",90230
"7337",19,64444,6012678,4,2012,111,93.5,"El Marino Elementary",90230
"7338",19,64444,6012678,5,2012,31,72.3333333333333,"El Marino Elementary",90230
"7339",19,64444,6012678,5,2012,111,93.3333333333333,"El Marino Elementary",90230
"7340",19,64444,6012686,2,2012,31,70.5,"El Rincon Elementary",90230
"7341",19,64444,6012686,2,2012,111,81,"El Rincon Elementary",90230
"7342",19,64444,6012686,3,2012,31,53.7971014492754,"El Rincon Elementary",90230
"7343",19,64444,6012686,3,2012,111,69.6404494382023,"El Rincon Elementary",90230
"7344",19,64444,6012686,4,2012,31,70.5,"El Rincon Elementary",90230
"7345",19,64444,6012686,4,2012,111,89,"El Rincon Elementary",90230
"7346",19,64444,6012686,5,2012,31,66.018018018018,"El Rincon Elementary",90230
"7347",19,64444,6012686,5,2012,111,84,"El Rincon Elementary",90230
"7348",19,64444,6012694,2,2012,31,73.5,"Farragut Elementary",90230
"7349",19,64444,6012694,2,2012,111,89,"Farragut Elementary",90230
"7350",19,64444,6012694,3,2012,31,63.0434782608696,"Farragut Elementary",90230
"7351",19,64444,6012694,3,2012,111,94,"Farragut Elementary",90230
"7352",19,64444,6012694,4,2012,31,86.9016393442623,"Farragut Elementary",90230
"7353",19,64444,6012694,4,2012,111,93.0285714285714,"Farragut Elementary",90230
"7354",19,64444,6012694,5,2012,31,71,"Farragut Elementary",90230
"7355",19,64444,6012694,5,2012,111,94.6666666666667,"Farragut Elementary",90230
"7356",19,64444,6012702,2,2012,31,64,"La Ballona Elementary",90232
"7357",19,64444,6012702,2,2012,111,70.5,"La Ballona Elementary",90232
"7358",19,64444,6012702,3,2012,31,59,"La Ballona Elementary",90232
"7359",19,64444,6012702,3,2012,111,63.8181818181818,"La Ballona Elementary",90232
"7360",19,64444,6012702,4,2012,31,79.0347826086957,"La Ballona Elementary",90232
"7361",19,64444,6012702,4,2012,111,82,"La Ballona Elementary",90232
"7362",19,64444,6012702,5,2012,31,61.6390977443609,"La Ballona Elementary",90232
"7363",19,64444,6012702,5,2012,111,88.3529411764706,"La Ballona Elementary",90232
"7364",19,64444,6057608,6,2012,31,49.9744897959184,"Culver City Middle",90230
"7365",19,64444,6057608,6,2012,111,75.46484375,"Culver City Middle",90230
"7366",19,64444,6057608,7,2012,31,51.0359712230216,"Culver City Middle",90230
"7367",19,64444,6057608,7,2012,111,72.9427480916031,"Culver City Middle",90230
"7368",19,64444,6057608,8,2012,31,67.3845252051583,"Culver City Middle",90230
"7369",19,64444,6057608,8,2012,111,79.6298755186722,"Culver City Middle",90230
"7370",19,64451,1932441,9,2012,31,49.5878923766816,"Downey High",90241
"7371",19,64451,1932441,9,2012,111,57.9154795821462,"Downey High",90241
"7372",19,64451,1932441,10,2012,31,45.9276406986415,"Downey High",90241
"7373",19,64451,1932441,10,2012,111,56.3157599551318,"Downey High",90241
"7374",19,64451,1932441,11,2012,31,44.4771455223881,"Downey High",90241
"7375",19,64451,1932441,11,2012,111,53.2029117379436,"Downey High",90241
"7376",19,64451,6012744,2,2012,31,68,"Alameda Elementary",90242
"7377",19,64451,6012744,2,2012,111,76.5,"Alameda Elementary",90242
"7378",19,64451,6012744,3,2012,31,66.064039408867,"Alameda Elementary",90242
"7379",19,64451,6012744,3,2012,111,61,"Alameda Elementary",90242
"7380",19,64451,6012785,2,2012,31,61.5,"Lewis (Ed C.) Elementary",90242
"7381",19,64451,6012785,2,2012,111,58,"Lewis (Ed C.) Elementary",90242
"7382",19,64451,6012785,3,2012,31,66,"Lewis (Ed C.) Elementary",90242
"7383",19,64451,6012785,3,2012,111,70.2857142857143,"Lewis (Ed C.) Elementary",90242
"7384",19,64451,6012785,4,2012,31,65.9607843137255,"Lewis (Ed C.) Elementary",90242
"7385",19,64451,6012785,4,2012,111,81.593220338983,"Lewis (Ed C.) Elementary",90242
"7386",19,64451,6012785,5,2012,31,60.6610169491525,"Lewis (Ed C.) Elementary",90242
"7387",19,64451,6012785,5,2012,111,78,"Lewis (Ed C.) Elementary",90242
"7388",19,64451,6012801,2,2012,31,71.5,"Gallatin Elementary",90240
"7389",19,64451,6012801,2,2012,111,79.8857142857143,"Gallatin Elementary",90240
"7390",19,64451,6012801,3,2012,31,55,"Gallatin Elementary",90240
"7391",19,64451,6012801,3,2012,111,69,"Gallatin Elementary",90240
"7392",19,64451,6012801,4,2012,31,66,"Gallatin Elementary",90240
"7393",19,64451,6012801,4,2012,111,57,"Gallatin Elementary",90240
"7394",19,64451,6012801,5,2012,31,56,"Gallatin Elementary",90240
"7395",19,64451,6012801,5,2012,111,69.3333333333333,"Gallatin Elementary",90240
"7396",19,64451,6012819,2,2012,31,70,"Imperial Elementary",90242
"7397",19,64451,6012819,2,2012,111,81,"Imperial Elementary",90242
"7398",19,64451,6012819,3,2012,31,58.5,"Imperial Elementary",90242
"7399",19,64451,6012819,3,2012,111,61.5522388059701,"Imperial Elementary",90242
"7400",19,64451,6012868,2,2012,31,47.491124260355,"Rio Hondo Elementary",90241
"7401",19,64451,6012868,2,2012,111,74,"Rio Hondo Elementary",90241
"7402",19,64451,6012868,3,2012,31,36.0645161290323,"Rio Hondo Elementary",90241
"7403",19,64451,6012868,3,2012,111,58,"Rio Hondo Elementary",90241
"7404",19,64451,6012868,4,2012,31,47.4558823529412,"Rio Hondo Elementary",90241
"7405",19,64451,6012868,4,2012,111,61,"Rio Hondo Elementary",90241
"7406",19,64451,6012868,5,2012,31,55.6666666666667,"Rio Hondo Elementary",90241
"7407",19,64451,6012868,5,2012,111,73,"Rio Hondo Elementary",90241
"7408",19,64451,6012876,2,2012,31,54.5,"Rio San Gabriel Elementary",90241
"7409",19,64451,6012876,2,2012,111,62.5,"Rio San Gabriel Elementary",90241
"7410",19,64451,6012876,3,2012,31,44,"Rio San Gabriel Elementary",90241
"7411",19,64451,6012876,3,2012,111,60.5,"Rio San Gabriel Elementary",90241
"7412",19,64451,6012876,4,2012,31,69.5,"Rio San Gabriel Elementary",90241
"7413",19,64451,6012876,4,2012,111,81.5,"Rio San Gabriel Elementary",90241
"7414",19,64451,6012876,5,2012,31,47.970802919708,"Rio San Gabriel Elementary",90241
"7415",19,64451,6012876,5,2012,111,60.6131386861314,"Rio San Gabriel Elementary",90241
"7416",19,64451,6114235,4,2012,31,69,"Old River Elementary",90242
"7417",19,64451,6114235,4,2012,111,78.5,"Old River Elementary",90242
"7418",19,64451,6114235,5,2012,31,53.6666666666667,"Old River Elementary",90242
"7419",19,64451,6114235,5,2012,111,72.3876651982379,"Old River Elementary",90242
"7420",19,64469,1932482,9,2012,31,38.2397959183673,"Duarte High",91010
"7421",19,64469,1932482,9,2012,111,52.118320610687,"Duarte High",91010
"7422",19,64469,1932482,10,2012,31,30.6969353007946,"Duarte High",91010
"7423",19,64469,1932482,10,2012,111,42.3598553345389,"Duarte High",91010
"7424",19,64469,1932482,11,2012,31,35.8218487394958,"Duarte High",91010
"7425",19,64469,1932482,11,2012,111,46.0949720670391,"Duarte High",91010
"7426",19,64477,6012967,2,2012,31,57,"Eastside Elementary",93535
"7427",19,64477,6012967,2,2012,111,53,"Eastside Elementary",93535
"7428",19,64477,6012967,3,2012,31,35.6236559139785,"Eastside Elementary",93535
"7429",19,64477,6012967,3,2012,111,55.5,"Eastside Elementary",93535
"7430",19,64477,6012967,4,2012,31,57.5,"Eastside Elementary",93535
"7431",19,64477,6012967,4,2012,111,50,"Eastside Elementary",93535
"7432",19,64477,6012967,5,2012,31,35.675572519084,"Eastside Elementary",93535
"7433",19,64477,6012967,5,2012,111,46,"Eastside Elementary",93535
"7434",19,64477,6012967,6,2012,31,39.8712871287129,"Eastside Elementary",93535
"7435",19,64477,6012967,6,2012,111,39.5714285714286,"Eastside Elementary",93535
"7436",19,64477,6106421,2,2012,31,45.5,"Columbia Elementary",93535
"7437",19,64477,6106421,2,2012,111,50,"Columbia Elementary",93535
"7438",19,64477,6106421,3,2012,31,52.5,"Columbia Elementary",93535
"7439",19,64477,6106421,3,2012,111,59.3829787234043,"Columbia Elementary",93535
"7440",19,64477,6106421,4,2012,31,38.9951690821256,"Columbia Elementary",93535
"7441",19,64477,6106421,4,2012,111,54,"Columbia Elementary",93535
"7442",19,64477,6106421,5,2012,31,30.3408360128617,"Columbia Elementary",93535
"7443",19,64477,6106421,5,2012,111,28.4,"Columbia Elementary",93535
"7444",19,64477,6114227,2,2012,31,57,"Tierra Bonita Elementary",93535
"7445",19,64477,6114227,2,2012,111,75.5,"Tierra Bonita Elementary",93535
"7446",19,64477,6114227,3,2012,31,35.5,"Tierra Bonita Elementary",93535
"7447",19,64477,6114227,3,2012,111,42.3548387096774,"Tierra Bonita Elementary",93535
"7448",19,64477,6114227,4,2012,31,59.4320987654321,"Tierra Bonita Elementary",93535
"7449",19,64477,6114227,4,2012,111,92.037037037037,"Tierra Bonita Elementary",93535
"7450",19,64477,6114227,5,2012,31,38.3333333333333,"Tierra Bonita Elementary",93535
"7451",19,64477,6114227,5,2012,111,33,"Tierra Bonita Elementary",93535
"7452",19,64477,6114227,6,2012,31,34.0110497237569,"Tierra Bonita Elementary",93535
"7453",19,64477,6114227,6,2012,111,43.5,"Tierra Bonita Elementary",93535
"7454",19,64485,6012975,2,2012,31,64.5,"Ceres Elementary",90604
"7455",19,64485,6012975,2,2012,111,76,"Ceres Elementary",90604
"7456",19,64485,6012975,3,2012,31,71.5,"Ceres Elementary",90604
"7457",19,64485,6012975,3,2012,111,62.3243243243243,"Ceres Elementary",90604
"7458",19,64485,6012975,4,2012,31,78,"Ceres Elementary",90604
"7459",19,64485,6012975,4,2012,111,75.945945945946,"Ceres Elementary",90604
"7460",19,64485,6012975,5,2012,31,66.7872340425532,"Ceres Elementary",90604
"7461",19,64485,6012975,5,2012,111,75.469387755102,"Ceres Elementary",90604
"7462",19,64485,6012991,6,2012,31,51.4769647696477,"East Whittier Middle",90605
"7463",19,64485,6012991,6,2012,111,66.4796163069544,"East Whittier Middle",90605
"7464",19,64485,6012991,7,2012,31,64.5031055900621,"East Whittier Middle",90605
"7465",19,64485,6012991,7,2012,111,80.5,"East Whittier Middle",90605
"7466",19,64485,6012991,8,2012,31,54.7212885154062,"East Whittier Middle",90605
"7467",19,64485,6012991,8,2012,111,74.7146529562982,"East Whittier Middle",90605
"7468",19,64485,6013007,2,2012,31,43,"Evergreen Elementary",90602
"7469",19,64485,6013007,2,2012,111,34.5,"Evergreen Elementary",90602
"7470",19,64485,6013007,3,2012,31,60,"Evergreen Elementary",90602
"7471",19,64485,6013007,3,2012,111,75,"Evergreen Elementary",90602
"7472",19,64485,6013007,4,2012,31,80.0260869565217,"Evergreen Elementary",90602
"7473",19,64485,6013007,5,2012,31,80.0217391304348,"Evergreen Elementary",90602
"7474",19,64485,6013007,5,2012,111,88,"Evergreen Elementary",90602
"7475",19,64485,6013015,6,2012,31,53.9699570815451,"Granada Middle",90604
"7476",19,64485,6013015,6,2012,111,71,"Granada Middle",90604
"7477",19,64485,6013015,7,2012,31,63.2894736842105,"Granada Middle",90604
"7478",19,64485,6013015,7,2012,111,76.7129186602871,"Granada Middle",90604
"7479",19,64485,6013015,8,2012,31,57.3239130434783,"Granada Middle",90604
"7480",19,64485,6013015,8,2012,111,73.0634573304158,"Granada Middle",90604
"7481",19,64485,6013023,6,2012,31,49.996282527881,"Hillview Middle",90604
"7482",19,64485,6013023,6,2012,111,59.9751037344398,"Hillview Middle",90604
"7483",19,64485,6013023,7,2012,31,64.1122807017544,"Hillview Middle",90604
"7484",19,64485,6013023,7,2012,111,69.0836653386454,"Hillview Middle",90604
"7485",19,64485,6013023,8,2012,31,46.2404227212682,"Hillview Middle",90604
"7486",19,64485,6013023,8,2012,111,66.18125,"Hillview Middle",90604
"7487",19,64485,6013031,2,2012,31,74.5,"La Colima Elementary",90604
"7488",19,64485,6013031,2,2012,111,90,"La Colima Elementary",90604
"7489",19,64485,6013031,3,2012,31,66.5670103092783,"La Colima Elementary",90604
"7490",19,64485,6013031,3,2012,111,81.7636363636364,"La Colima Elementary",90604
"7491",19,64485,6013031,4,2012,31,68.9642857142857,"La Colima Elementary",90604
"7492",19,64485,6013031,4,2012,111,86.4769230769231,"La Colima Elementary",90604
"7493",19,64485,6013031,5,2012,31,54.3525179856115,"La Colima Elementary",90604
"7494",19,64485,6013031,5,2012,111,80.3482142857143,"La Colima Elementary",90604
"7495",19,64485,6013049,2,2012,31,62.5,"Laurel Elementary",90605
"7496",19,64485,6013049,2,2012,111,76,"Laurel Elementary",90605
"7497",19,64485,6013049,3,2012,31,53.6,"Laurel Elementary",90605
"7498",19,64485,6013049,3,2012,111,70.0967741935484,"Laurel Elementary",90605
"7499",19,64485,6013049,4,2012,31,67.5,"Laurel Elementary",90605
"7500",19,64485,6013049,4,2012,111,70.9775280898876,"Laurel Elementary",90605
"7501",19,64485,6013049,5,2012,31,50.3179723502304,"Laurel Elementary",90605
"7502",19,64485,6013049,5,2012,111,63.9505494505495,"Laurel Elementary",90605
"7503",19,64485,6013072,2,2012,31,49,"Mulberry Elementary",90605
"7504",19,64485,6013072,2,2012,111,79.5,"Mulberry Elementary",90605
"7505",19,64485,6013072,3,2012,31,58.5,"Mulberry Elementary",90605
"7506",19,64485,6013072,3,2012,111,72.7777777777778,"Mulberry Elementary",90605
"7507",19,64485,6013072,4,2012,31,70.5714285714286,"Mulberry Elementary",90605
"7508",19,64485,6013072,4,2012,111,86.5,"Mulberry Elementary",90605
"7509",19,64485,6013072,5,2012,31,67.1379310344828,"Mulberry Elementary",90605
"7510",19,64485,6013072,5,2012,111,82.6666666666667,"Mulberry Elementary",90605
"7511",19,64485,6013080,2,2012,31,80,"Murphy Ranch Elementary",90603
"7512",19,64485,6013080,2,2012,111,93,"Murphy Ranch Elementary",90603
"7513",19,64485,6013080,3,2012,111,86.5,"Murphy Ranch Elementary",90603
"7514",19,64485,6013080,4,2012,111,92.5046728971963,"Murphy Ranch Elementary",90603
"7515",19,64485,6013080,5,2012,111,86.3333333333333,"Murphy Ranch Elementary",90603
"7516",19,64485,6013098,2,2012,31,61.5,"Ocean View Elementary",90605
"7517",19,64485,6013098,2,2012,111,77.5,"Ocean View Elementary",90605
"7518",19,64485,6013098,3,2012,31,58.5,"Ocean View Elementary",90605
"7519",19,64485,6013098,3,2012,111,76.5260663507109,"Ocean View Elementary",90605
"7520",19,64485,6013098,4,2012,31,78,"Ocean View Elementary",90605
"7521",19,64485,6013098,4,2012,111,85.5,"Ocean View Elementary",90605
"7522",19,64485,6013098,5,2012,31,58,"Ocean View Elementary",90605
"7523",19,64485,6013098,5,2012,111,77.6529968454259,"Ocean View Elementary",90605
"7524",19,64485,6013106,2,2012,31,72.5,"Orchard Dale Elementary",90604
"7525",19,64485,6013106,2,2012,111,83,"Orchard Dale Elementary",90604
"7526",19,64485,6013106,3,2012,31,60.8762886597938,"Orchard Dale Elementary",90604
"7527",19,64485,6013106,3,2012,111,81.7142857142857,"Orchard Dale Elementary",90604
"7528",19,64485,6013106,4,2012,31,74.6626506024096,"Orchard Dale Elementary",90604
"7529",19,64485,6013106,4,2012,111,89.5,"Orchard Dale Elementary",90604
"7530",19,64485,6013106,5,2012,31,67.6766917293233,"Orchard Dale Elementary",90604
"7531",19,64485,6013106,5,2012,111,84.6408839779006,"Orchard Dale Elementary",90604
"7532",19,64485,6013114,2,2012,31,58.5,"Scott Avenue Elementary",90604
"7533",19,64485,6013114,2,2012,111,66,"Scott Avenue Elementary",90604
"7534",19,64485,6013114,3,2012,31,70,"Scott Avenue Elementary",90604
"7535",19,64485,6013114,3,2012,111,83,"Scott Avenue Elementary",90604
"7536",19,64485,6013114,4,2012,31,76.5,"Scott Avenue Elementary",90604
"7537",19,64485,6013114,4,2012,111,83,"Scott Avenue Elementary",90604
"7538",19,64485,6013114,5,2012,31,80,"Scott Avenue Elementary",90604
"7539",19,64485,6013114,5,2012,111,86.3374233128834,"Scott Avenue Elementary",90604
"7540",19,64485,6089148,2,2012,31,65.5,"Leffingwell Elementary",90603
"7541",19,64485,6089148,2,2012,111,87.5,"Leffingwell Elementary",90603
"7542",19,64485,6089148,3,2012,31,65.5428571428571,"Leffingwell Elementary",90603
"7543",19,64485,6089148,3,2012,111,75.045871559633,"Leffingwell Elementary",90603
"7544",19,64485,6089148,4,2012,31,83,"Leffingwell Elementary",90603
"7545",19,64485,6089148,4,2012,111,94,"Leffingwell Elementary",90603
"7546",19,64501,6013130,2,2012,31,31.5,"Cherrylee Elementary",91732
"7547",19,64501,6013130,3,2012,31,47.5,"Cherrylee Elementary",91732
"7548",19,64501,6013130,4,2012,31,58.425,"Cherrylee Elementary",91732
"7549",19,64501,6013130,5,2012,31,62.6473684210526,"Cherrylee Elementary",91732
"7550",19,64501,6013130,6,2012,31,52,"Cherrylee Elementary",91732
"7551",19,64501,6013130,6,2012,111,86,"Cherrylee Elementary",91732
"7552",19,64501,6013148,2,2012,31,43.5,"Cleminson Elementary",91780
"7553",19,64501,6013148,2,2012,111,76.5,"Cleminson Elementary",91780
"7554",19,64501,6013148,3,2012,31,42.5,"Cleminson Elementary",91780
"7555",19,64501,6013148,3,2012,111,79.5,"Cleminson Elementary",91780
"7556",19,64501,6013148,4,2012,31,60.5,"Cleminson Elementary",91780
"7557",19,64501,6013148,4,2012,111,83.5,"Cleminson Elementary",91780
"7558",19,64501,6013148,5,2012,31,71,"Cleminson Elementary",91780
"7559",19,64501,6013148,5,2012,111,74,"Cleminson Elementary",91780
"7560",19,64501,6013148,6,2012,31,72.5,"Cleminson Elementary",91780
"7561",19,64501,6013148,6,2012,111,81,"Cleminson Elementary",91780
"7562",19,64501,6013155,2,2012,31,65,"Columbia Elementary",91731
"7563",19,64501,6013155,3,2012,31,51.7252747252747,"Columbia Elementary",91731
"7564",19,64501,6013155,4,2012,31,66.5462962962963,"Columbia Elementary",91731
"7565",19,64501,6013155,5,2012,31,67.3967391304348,"Columbia Elementary",91731
"7566",19,64501,6013155,6,2012,31,50,"Columbia Elementary",91731
"7567",19,64501,6013155,7,2012,31,68.4180327868852,"Columbia Elementary",91731
"7568",19,64501,6013155,7,2012,111,72.55,"Columbia Elementary",91731
"7569",19,64501,6013155,8,2012,31,60.8941018766756,"Columbia Elementary",91731
"7570",19,64501,6013155,8,2012,111,61.4193548387097,"Columbia Elementary",91731
"7571",19,64501,6013163,2,2012,31,43.5,"Cortada Elementary",91733
"7572",19,64501,6013163,3,2012,31,35.5,"Cortada Elementary",91733
"7573",19,64501,6013163,4,2012,31,52.5,"Cortada Elementary",91733
"7574",19,64501,6013163,5,2012,31,53.9333333333333,"Cortada Elementary",91733
"7575",19,64501,6013163,6,2012,31,29.4615384615385,"Cortada Elementary",91733
"7576",19,64501,6013171,2,2012,31,51.4808743169399,"Durfee Elementary",91732
"7577",19,64501,6013171,2,2012,111,62.5,"Durfee Elementary",91732
"7578",19,64501,6013171,3,2012,31,42,"Durfee Elementary",91732
"7579",19,64501,6013171,4,2012,31,64,"Durfee Elementary",91732
"7580",19,64501,6013171,4,2012,111,73,"Durfee Elementary",91732
"7581",19,64501,6013171,5,2012,31,65.3333333333333,"Durfee Elementary",91732
"7582",19,64501,6013171,5,2012,111,79.3333333333333,"Durfee Elementary",91732
"7583",19,64501,6013171,6,2012,31,49.5179487179487,"Durfee Elementary",91732
"7584",19,64501,6013171,6,2012,111,75,"Durfee Elementary",91732
"7585",19,64501,6013171,7,2012,31,71.2312925170068,"Durfee Elementary",91732
"7586",19,64501,6013171,7,2012,111,67.7924528301887,"Durfee Elementary",91732
"7587",19,64501,6013171,8,2012,31,45.0663983903421,"Durfee Elementary",91732
"7588",19,64501,6013171,8,2012,111,47.8376068376068,"Durfee Elementary",91732
"7589",19,64501,6013189,2,2012,31,42,"Shirpser Elementary",91731
"7590",19,64501,6013189,3,2012,31,38.5,"Shirpser Elementary",91731
"7591",19,64501,6013189,4,2012,31,47.9939393939394,"Shirpser Elementary",91731
"7592",19,64501,6013189,5,2012,31,33.6591928251121,"Shirpser Elementary",91731
"7593",19,64501,6013197,2,2012,31,38.5,"Gidley Elementary",91731
"7594",19,64501,6013197,3,2012,31,19.5,"Gidley Elementary",91731
"7595",19,64501,6013197,4,2012,31,35.5,"Gidley Elementary",91731
"7596",19,64501,6013197,5,2012,31,28.3294117647059,"Gidley Elementary",91731
"7597",19,64501,6013197,6,2012,31,42,"Gidley Elementary",91731
"7598",19,64501,6013197,7,2012,31,40.5226130653266,"Gidley Elementary",91731
"7599",19,64501,6013197,7,2012,111,69,"Gidley Elementary",91731
"7600",19,64501,6013197,8,2012,31,45.4990176817289,"Gidley Elementary",91731
"7601",19,64501,6013197,8,2012,111,72.2307692307692,"Gidley Elementary",91731
"7602",19,64501,6013205,2,2012,31,55.5,"Legore Elementary",91731
"7603",19,64501,6013205,3,2012,31,39.8932038834951,"Legore Elementary",91731
"7604",19,64501,6013205,4,2012,31,69.4430379746835,"Legore Elementary",91731
"7605",19,64501,6013205,5,2012,31,50.0088105726872,"Legore Elementary",91731
"7606",19,64501,6013205,6,2012,31,57,"Legore Elementary",91731
"7607",19,64501,6013221,3,2012,31,49,"New Lexington Elementary",91733
"7608",19,64501,6013221,4,2012,31,68.06,"New Lexington Elementary",91733
"7609",19,64501,6013221,5,2012,31,62.4084507042254,"New Lexington Elementary",91733
"7610",19,64501,6013221,6,2012,31,59,"New Lexington Elementary",91733
"7611",19,64501,6013247,2,2012,31,48.5,"Potrero Elementary",91733
"7612",19,64501,6013247,3,2012,31,37.8095238095238,"Potrero Elementary",91733
"7613",19,64501,6013247,4,2012,31,55.5714285714286,"Potrero Elementary",91733
"7614",19,64501,6013247,5,2012,31,51.6666666666667,"Potrero Elementary",91733
"7615",19,64501,6013247,6,2012,31,39.5,"Potrero Elementary",91733
"7616",19,64501,6013247,7,2012,31,52.4848484848485,"Potrero Elementary",91733
"7617",19,64501,6013247,8,2012,31,46.6975683890577,"Potrero Elementary",91733
"7618",19,64501,6013254,2,2012,31,56,"Rio Hondo Elementary",91006
"7619",19,64501,6013254,2,2012,111,85,"Rio Hondo Elementary",91006
"7620",19,64501,6013254,3,2012,31,52,"Rio Hondo Elementary",91006
"7621",19,64501,6013254,3,2012,111,71,"Rio Hondo Elementary",91006
"7622",19,64501,6013254,4,2012,31,59.5544554455446,"Rio Hondo Elementary",91006
"7623",19,64501,6013254,4,2012,111,92,"Rio Hondo Elementary",91006
"7624",19,64501,6013254,5,2012,31,57.6666666666667,"Rio Hondo Elementary",91006
"7625",19,64501,6013254,5,2012,111,78.6666666666667,"Rio Hondo Elementary",91006
"7626",19,64501,6013254,6,2012,31,33.9593495934959,"Rio Hondo Elementary",91006
"7627",19,64501,6013254,6,2012,111,33.5,"Rio Hondo Elementary",91006
"7628",19,64501,6013254,7,2012,31,44.0869565217391,"Rio Hondo Elementary",91006
"7629",19,64501,6013254,7,2012,111,66.6,"Rio Hondo Elementary",91006
"7630",19,64501,6013254,8,2012,31,50.6223277909739,"Rio Hondo Elementary",91006
"7631",19,64501,6013254,8,2012,111,63.1333333333333,"Rio Hondo Elementary",91006
"7632",19,64501,6013262,2,2012,31,60.5,"Rio Vista Elementary",91731
"7633",19,64501,6013262,2,2012,111,91,"Rio Vista Elementary",91731
"7634",19,64501,6013262,3,2012,31,67,"Rio Vista Elementary",91731
"7635",19,64501,6013262,4,2012,31,68,"Rio Vista Elementary",91731
"7636",19,64501,6013262,5,2012,31,57.6666666666667,"Rio Vista Elementary",91731
"7637",19,64501,6013262,5,2012,111,70,"Rio Vista Elementary",91731
"7638",19,64501,6013262,6,2012,31,69.4947368421053,"Rio Vista Elementary",91731
"7639",19,64501,6013288,2,2012,31,68,"Wilkerson Elementary",91733
"7640",19,64501,6013288,3,2012,31,41,"Wilkerson Elementary",91733
"7641",19,64501,6013288,4,2012,31,67,"Wilkerson Elementary",91733
"7642",19,64501,6013288,5,2012,31,48.7242990654206,"Wilkerson Elementary",91733
"7643",19,64501,6013288,6,2012,31,55.9251700680272,"Wilkerson Elementary",91733
"7644",19,64501,6013296,2,2012,31,44,"Wright Elementary",91732
"7645",19,64501,6013296,2,2012,111,71,"Wright Elementary",91732
"7646",19,64501,6013296,3,2012,31,46,"Wright Elementary",91732
"7647",19,64501,6013296,4,2012,31,62.4727272727273,"Wright Elementary",91732
"7648",19,64501,6013296,5,2012,31,55.7080291970803,"Wright Elementary",91732
"7649",19,64501,6013296,6,2012,31,52.4829931972789,"Wright Elementary",91732
"7650",19,64501,6013296,7,2012,31,54.8954703832753,"Wright Elementary",91732
"7651",19,64501,6013296,7,2012,111,62.34375,"Wright Elementary",91732
"7652",19,64501,6013296,8,2012,31,52.6894586894587,"Wright Elementary",91732
"7653",19,64501,6013296,8,2012,111,87.6206896551724,"Wright Elementary",91732
"7654",19,64519,1930320,9,2012,31,50.1153024911032,"Arroyo High",91732
"7655",19,64519,1930320,9,2012,111,64.9829351535836,"Arroyo High",91732
"7656",19,64519,1930320,10,2012,31,44.8509538950715,"Arroyo High",91732
"7657",19,64519,1930320,10,2012,111,61.5068493150685,"Arroyo High",91732
"7658",19,64519,1930320,11,2012,31,48.3247210804463,"Arroyo High",91732
"7659",19,64519,1930320,11,2012,111,62.4281524926686,"Arroyo High",91732
"7660",19,64519,1932664,9,2012,31,39.4711147274207,"El Monte High",91731
"7661",19,64519,1932664,9,2012,111,33.5,"El Monte High",91731
"7662",19,64519,1932664,10,2012,31,36.9254742547425,"El Monte High",91731
"7663",19,64519,1932664,10,2012,111,54.6666666666667,"El Monte High",91731
"7664",19,64519,1932664,11,2012,31,35.5436283741369,"El Monte High",91731
"7665",19,64519,1932664,11,2012,111,73.9692307692308,"El Monte High",91731
"7666",19,64519,1932680,9,2012,31,31.2971078001753,"Mountain View High",91732
"7667",19,64519,1932680,9,2012,111,34.2537313432836,"Mountain View High",91732
"7668",19,64519,1932680,10,2012,31,28.670618556701,"Mountain View High",91732
"7669",19,64519,1932680,10,2012,111,35.7934782608696,"Mountain View High",91732
"7670",19,64519,1932680,11,2012,31,26.8643598615917,"Mountain View High",91732
"7671",19,64519,1932680,11,2012,111,66.5,"Mountain View High",91732
"7672",19,64519,1937481,9,2012,31,50.8804554079696,"Rosemead High",91770
"7673",19,64519,1937481,9,2012,111,62.5492227979275,"Rosemead High",91770
"7674",19,64519,1937481,10,2012,31,52.6951537258989,"Rosemead High",91770
"7675",19,64519,1937481,10,2012,111,63.8602941176471,"Rosemead High",91770
"7676",19,64519,1937481,11,2012,31,51.6652391149179,"Rosemead High",91770
"7677",19,64519,1937481,11,2012,111,61.9449541284404,"Rosemead High",91770
"7678",19,64519,1995661,9,2012,31,39.7138429752066,"South El Monte High",91733
"7679",19,64519,1995661,9,2012,111,36.9,"South El Monte High",91733
"7680",19,64519,1995661,10,2012,31,38.5377069282649,"South El Monte High",91733
"7681",19,64519,1995661,10,2012,111,53.2695035460993,"South El Monte High",91733
"7682",19,64519,1995661,11,2012,31,39.4535256410256,"South El Monte High",91733
"7683",19,64519,1995661,11,2012,111,42.825,"South El Monte High",91733
"7684",19,64527,1932706,9,2012,31,39.1913781841933,"El Rancho High",90660
"7685",19,64527,1932706,9,2012,111,45.6635135135135,"El Rancho High",90660
"7686",19,64527,1932706,10,2012,31,36.056882327399,"El Rancho High",90660
"7687",19,64527,1932706,10,2012,111,41.7814992025518,"El Rancho High",90660
"7688",19,64527,1932706,11,2012,31,37.4591439688716,"El Rancho High",90660
"7689",19,64527,1932706,11,2012,111,39.609756097561,"El Rancho High",90660
"7690",19,64527,6013312,2,2012,31,43.5,"Durfee Elementary",90660
"7691",19,64527,6013312,3,2012,31,39.5,"Durfee Elementary",90660
"7692",19,64527,6013312,3,2012,111,42.5,"Durfee Elementary",90660
"7693",19,64527,6013312,4,2012,31,51.8588235294118,"Durfee Elementary",90660
"7694",19,64527,6013312,4,2012,111,97,"Durfee Elementary",90660
"7695",19,64527,6013312,5,2012,31,39.7605633802817,"Durfee Elementary",90660
"7696",19,64527,6013312,5,2012,111,47.6666666666667,"Durfee Elementary",90660
"7697",19,64527,6013353,2,2012,31,49,"North Ranchito Elementary",90660
"7698",19,64527,6013353,3,2012,31,57.5,"North Ranchito Elementary",90660
"7699",19,64527,6013353,4,2012,31,69.0295857988166,"North Ranchito Elementary",90660
"7700",19,64527,6013353,5,2012,31,43.3333333333333,"North Ranchito Elementary",90660
"7701",19,64527,6013379,2,2012,31,50,"Rio Vista Elementary",90660
"7702",19,64527,6013379,2,2012,111,61.5,"Rio Vista Elementary",90660
"7703",19,64527,6013379,3,2012,31,60.3243243243243,"Rio Vista Elementary",90660
"7704",19,64527,6013379,3,2012,111,73.5,"Rio Vista Elementary",90660
"7705",19,64527,6013379,4,2012,31,55.954128440367,"Rio Vista Elementary",90660
"7706",19,64527,6013379,4,2012,111,67,"Rio Vista Elementary",90660
"7707",19,64527,6013379,5,2012,31,56.0877192982456,"Rio Vista Elementary",90660
"7708",19,64527,6013387,2,2012,31,61,"Rivera Elementary",90660
"7709",19,64527,6013387,2,2012,111,86.5,"Rivera Elementary",90660
"7710",19,64527,6013387,3,2012,31,57.8709677419355,"Rivera Elementary",90660
"7711",19,64527,6013387,3,2012,111,42,"Rivera Elementary",90660
"7712",19,64527,6013387,4,2012,31,67.5,"Rivera Elementary",90660
"7713",19,64527,6013387,4,2012,111,77.5,"Rivera Elementary",90660
"7714",19,64527,6013387,5,2012,31,62.0049504950495,"Rivera Elementary",90660
"7715",19,64527,6013387,5,2012,111,73,"Rivera Elementary",90660
"7716",19,64527,6061295,6,2012,31,59.984,"Rivera Middle",90660
"7717",19,64527,6061295,6,2012,111,64.9770992366412,"Rivera Middle",90660
"7718",19,64527,6061295,7,2012,31,61.9077380952381,"Rivera Middle",90660
"7719",19,64527,6061295,7,2012,111,63.8409090909091,"Rivera Middle",90660
"7720",19,64527,6061295,8,2012,31,59.6104815864023,"Rivera Middle",90660
"7721",19,64527,6061295,8,2012,111,63.85140562249,"Rivera Middle",90660
"7722",19,64535,1930353,11,2012,111,18,"Arena High (Continuation)",90245
"7723",19,64535,1932763,9,2012,31,63.8133333333333,"El Segundo High",90245
"7724",19,64535,1932763,9,2012,111,79.7257876312719,"El Segundo High",90245
"7725",19,64535,1932763,10,2012,31,74.8068181818182,"El Segundo High",90245
"7726",19,64535,1932763,10,2012,111,73.9235197368421,"El Segundo High",90245
"7727",19,64535,1932763,11,2012,31,70.4705882352941,"El Segundo High",90245
"7728",19,64535,1932763,11,2012,111,70.4746136865342,"El Segundo High",90245
"7729",19,64535,6013429,2,2012,31,70,"Center Street Elementary",90245
"7730",19,64535,6013429,2,2012,111,88.5,"Center Street Elementary",90245
"7731",19,64535,6013429,3,2012,31,59,"Center Street Elementary",90245
"7732",19,64535,6013429,3,2012,111,80,"Center Street Elementary",90245
"7733",19,64535,6013429,4,2012,31,72,"Center Street Elementary",90245
"7734",19,64535,6013429,4,2012,111,92.4846625766871,"Center Street Elementary",90245
"7735",19,64535,6013429,5,2012,111,93.6614173228347,"Center Street Elementary",90245
"7736",19,64535,6013452,6,2012,31,56.5,"El Segundo Middle",90245
"7737",19,64535,6013452,6,2012,111,76.4887218045113,"El Segundo Middle",90245
"7738",19,64535,6013452,7,2012,31,61.5,"El Segundo Middle",90245
"7739",19,64535,6013452,7,2012,111,76.08,"El Segundo Middle",90245
"7740",19,64535,6013452,8,2012,31,45.5102040816327,"El Segundo Middle",90245
"7741",19,64535,6013452,8,2012,111,78.487525987526,"El Segundo Middle",90245
"7742",19,64535,6116248,2,2012,111,86,"Richmond Street Elementary",90245
"7743",19,64535,6116248,3,2012,111,82.4790419161677,"Richmond Street Elementary",90245
"7744",19,64535,6116248,4,2012,111,82.5,"Richmond Street Elementary",90245
"7745",19,64535,6116248,5,2012,111,80.954356846473,"Richmond Street Elementary",90245
"7746",19,64550,6013510,2,2012,31,81.5,"Dewey Avenue Elementary",91776
"7747",19,64550,6013510,3,2012,31,73.5,"Dewey Avenue Elementary",91776
"7748",19,64550,6013510,3,2012,111,83.5,"Dewey Avenue Elementary",91776
"7749",19,64550,6013510,4,2012,31,74,"Dewey Avenue Elementary",91776
"7750",19,64550,6013510,5,2012,31,55.3333333333333,"Dewey Avenue Elementary",91776
"7751",19,64550,6013510,6,2012,31,55,"Dewey Avenue Elementary",91776
"7752",19,64550,6013510,6,2012,111,53.5,"Dewey Avenue Elementary",91776
"7753",19,64550,6013528,2,2012,31,60.5,"Rice (Eldridge) Elementary",91770
"7754",19,64550,6013528,2,2012,111,64,"Rice (Eldridge) Elementary",91770
"7755",19,64550,6013528,3,2012,31,64.5,"Rice (Eldridge) Elementary",91770
"7756",19,64550,6013528,4,2012,31,54.5416666666667,"Rice (Eldridge) Elementary",91770
"7757",19,64550,6013528,5,2012,31,56.0161290322581,"Rice (Eldridge) Elementary",91770
"7758",19,64550,6013528,6,2012,31,59.0512820512821,"Rice (Eldridge) Elementary",91770
"7759",19,64550,6013536,2,2012,31,61,"Sanchez (George I.) Elementary",91770
"7760",19,64550,6013536,3,2012,31,73.5,"Sanchez (George I.) Elementary",91770
"7761",19,64550,6013536,4,2012,31,67.5096153846154,"Sanchez (George I.) Elementary",91770
"7762",19,64550,6013536,5,2012,31,63.3354838709677,"Sanchez (George I.) Elementary",91770
"7763",19,64550,6013536,6,2012,31,57.984375,"Sanchez (George I.) Elementary",91770
"7764",19,64550,6013536,6,2012,111,65.5652173913043,"Sanchez (George I.) Elementary",91770
"7765",19,64550,6013551,3,2012,31,53.5,"Hillcrest Elementary",91755
"7766",19,64550,6013551,3,2012,111,82,"Hillcrest Elementary",91755
"7767",19,64550,6013551,4,2012,31,72,"Hillcrest Elementary",91755
"7768",19,64550,6013551,4,2012,111,86,"Hillcrest Elementary",91755
"7769",19,64550,6013551,5,2012,31,61.2912621359223,"Hillcrest Elementary",91755
"7770",19,64550,6013551,5,2012,111,69,"Hillcrest Elementary",91755
"7771",19,64550,6013551,6,2012,31,53.4929577464789,"Hillcrest Elementary",91755
"7772",19,64550,6013551,6,2012,111,87,"Hillcrest Elementary",91755
"7773",19,64550,6013585,2,2012,31,74.5495495495496,"Monterey Vista Elementary",91755
"7774",19,64550,6013585,2,2012,111,94,"Monterey Vista Elementary",91755
"7775",19,64550,6013585,3,2012,31,64.104347826087,"Monterey Vista Elementary",91755
"7776",19,64550,6013585,3,2012,111,75,"Monterey Vista Elementary",91755
"7777",19,64550,6013585,4,2012,31,63,"Monterey Vista Elementary",91755
"7778",19,64550,6013585,4,2012,111,83,"Monterey Vista Elementary",91755
"7779",19,64550,6013585,5,2012,31,76,"Monterey Vista Elementary",91755
"7780",19,64550,6013585,5,2012,111,83.3333333333333,"Monterey Vista Elementary",91755
"7781",19,64550,6013585,6,2012,31,68.5,"Monterey Vista Elementary",91755
"7782",19,64550,6013585,6,2012,111,71,"Monterey Vista Elementary",91755
"7783",19,64550,6013601,7,2012,31,66.0604982206406,"Garvey (Richard) Intermediate",91770
"7784",19,64550,6013601,7,2012,111,85.5545454545454,"Garvey (Richard) Intermediate",91770
"7785",19,64550,6013601,8,2012,31,60.9768403639371,"Garvey (Richard) Intermediate",91770
"7786",19,64550,6013601,8,2012,111,77.7863777089783,"Garvey (Richard) Intermediate",91770
"7787",19,64550,6101497,7,2012,31,64.3940886699507,"Temple (Roger W.) Intermediate",91770
"7788",19,64550,6101497,7,2012,111,69.2142857142857,"Temple (Roger W.) Intermediate",91770
"7789",19,64550,6101497,8,2012,31,59.6528925619835,"Temple (Roger W.) Intermediate",91770
"7790",19,64550,6101497,8,2012,111,68.0578512396694,"Temple (Roger W.) Intermediate",91770
"7791",19,64550,6105886,2,2012,31,62,"Bitely (Arlene) Elementary",91770
"7792",19,64550,6105886,3,2012,31,59,"Bitely (Arlene) Elementary",91770
"7793",19,64550,6105886,4,2012,31,73,"Bitely (Arlene) Elementary",91770
"7794",19,64550,6105886,5,2012,31,57.6666666666667,"Bitely (Arlene) Elementary",91770
"7795",19,64550,6105886,6,2012,31,56,"Bitely (Arlene) Elementary",91770
"7796",19,64550,6105886,6,2012,111,62,"Bitely (Arlene) Elementary",91770
"7797",19,64568,1932144,9,2012,31,69.494983277592,"Crescenta Valley High",91214
"7798",19,64568,1932144,9,2012,111,83.7929061784897,"Crescenta Valley High",91214
"7799",19,64568,1932144,10,2012,31,65.8251121076233,"Crescenta Valley High",91214
"7800",19,64568,1932144,10,2012,111,73.3803600654664,"Crescenta Valley High",91214
"7801",19,64568,1932144,11,2012,31,55.9656862745098,"Crescenta Valley High",91214
"7802",19,64568,1932144,11,2012,111,71.9035591274397,"Crescenta Valley High",91214
"7803",19,64568,1933530,9,2012,31,45.0828937452901,"Glendale High",91205
"7804",19,64568,1933530,9,2012,111,68.676724137931,"Glendale High",91205
"7805",19,64568,1933530,10,2012,31,38.1681624940954,"Glendale High",91205
"7806",19,64568,1933530,10,2012,111,60.7812765957447,"Glendale High",91205
"7807",19,64568,1933530,11,2012,31,36.4007731958763,"Glendale High",91205
"7808",19,64568,1933530,11,2012,111,55.7013301088271,"Glendale High",91205
"7809",19,64568,1934082,9,2012,31,47.3433962264151,"Herbert Hoover High",91202
"7810",19,64568,1934082,9,2012,111,63.2725631768953,"Herbert Hoover High",91202
"7811",19,64568,1934082,10,2012,31,39.3885224274406,"Herbert Hoover High",91202
"7812",19,64568,1934082,10,2012,111,53.8348946135831,"Herbert Hoover High",91202
"7813",19,64568,1934082,11,2012,31,40.1008482563619,"Herbert Hoover High",91202
"7814",19,64568,1934082,11,2012,111,51.4119947848761,"Herbert Hoover High",91202
"7815",19,64568,6013619,2,2012,31,76,"Balboa Elementary",91201
"7816",19,64568,6013619,2,2012,111,89,"Balboa Elementary",91201
"7817",19,64568,6013619,3,2012,31,62.8857142857143,"Balboa Elementary",91201
"7818",19,64568,6013619,3,2012,111,68,"Balboa Elementary",91201
"7819",19,64568,6013619,4,2012,31,72,"Balboa Elementary",91201
"7820",19,64568,6013619,4,2012,111,92.5,"Balboa Elementary",91201
"7821",19,64568,6013619,5,2012,31,74.9763779527559,"Balboa Elementary",91201
"7822",19,64568,6013619,5,2012,111,94,"Balboa Elementary",91201
"7823",19,64568,6013619,6,2012,31,75.4857142857143,"Balboa Elementary",91201
"7824",19,64568,6013619,6,2012,111,80.5,"Balboa Elementary",91201
"7825",19,64568,6013627,2,2012,31,51,"Cerritos Elementary",91205
"7826",19,64568,6013627,2,2012,111,79,"Cerritos Elementary",91205
"7827",19,64568,6013627,3,2012,31,59.5,"Cerritos Elementary",91205
"7828",19,64568,6013627,4,2012,31,57.5,"Cerritos Elementary",91205
"7829",19,64568,6013627,4,2012,111,86.5,"Cerritos Elementary",91205
"7830",19,64568,6013627,5,2012,31,79.2809917355372,"Cerritos Elementary",91205
"7831",19,64568,6013627,5,2012,111,83.3333333333333,"Cerritos Elementary",91205
"7832",19,64568,6013627,6,2012,31,55.5979381443299,"Cerritos Elementary",91205
"7833",19,64568,6013627,6,2012,111,79.5,"Cerritos Elementary",91205
"7834",19,64568,6013635,2,2012,31,84.5,"Columbus Elementary",91203
"7835",19,64568,6013635,2,2012,111,85.5,"Columbus Elementary",91203
"7836",19,64568,6013635,3,2012,31,65.5,"Columbus Elementary",91203
"7837",19,64568,6013635,3,2012,111,75,"Columbus Elementary",91203
"7838",19,64568,6013635,4,2012,31,82.5187969924812,"Columbus Elementary",91203
"7839",19,64568,6013635,4,2012,111,87.5,"Columbus Elementary",91203
"7840",19,64568,6013635,5,2012,31,67.3333333333333,"Columbus Elementary",91203
"7841",19,64568,6013635,5,2012,111,69,"Columbus Elementary",91203
"7842",19,64568,6013643,2,2012,111,90,"Dunsmore Elementary",91214
"7843",19,64568,6013643,3,2012,111,78.5555555555556,"Dunsmore Elementary",91214
"7844",19,64568,6013643,4,2012,31,64.08,"Dunsmore Elementary",91214
"7845",19,64568,6013643,4,2012,111,87.4678899082569,"Dunsmore Elementary",91214
"7846",19,64568,6013643,5,2012,111,80.6704545454545,"Dunsmore Elementary",91214
"7847",19,64568,6013643,6,2012,111,88.4587155963303,"Dunsmore Elementary",91214
"7848",19,64568,6013692,2,2012,31,63.5,"Glenoaks Elementary",91206
"7849",19,64568,6013692,2,2012,111,81,"Glenoaks Elementary",91206
"7850",19,64568,6013692,3,2012,31,32.5,"Glenoaks Elementary",91206
"7851",19,64568,6013692,3,2012,111,74.5,"Glenoaks Elementary",91206
"7852",19,64568,6013692,4,2012,31,71,"Glenoaks Elementary",91206
"7853",19,64568,6013692,4,2012,111,91.5,"Glenoaks Elementary",91206
"7854",19,64568,6013692,5,2012,31,62.0793650793651,"Glenoaks Elementary",91206
"7855",19,64568,6013692,5,2012,111,69.3248407643312,"Glenoaks Elementary",91206
"7856",19,64568,6013692,6,2012,31,69.5,"Glenoaks Elementary",91206
"7857",19,64568,6013692,6,2012,111,83.496062992126,"Glenoaks Elementary",91206
"7858",19,64568,6013726,2,2012,31,67.5,"Mark Keppel Elementary",91202
"7859",19,64568,6013726,2,2012,111,74,"Mark Keppel Elementary",91202
"7860",19,64568,6013726,3,2012,31,56.1395348837209,"Mark Keppel Elementary",91202
"7861",19,64568,6013726,3,2012,111,84.5,"Mark Keppel Elementary",91202
"7862",19,64568,6013726,4,2012,31,77.0263157894737,"Mark Keppel Elementary",91202
"7863",19,64568,6013726,4,2012,111,93.9917355371901,"Mark Keppel Elementary",91202
"7864",19,64568,6013726,5,2012,31,74.6666666666667,"Mark Keppel Elementary",91202
"7865",19,64568,6013726,5,2012,111,82,"Mark Keppel Elementary",91202
"7866",19,64568,6013734,2,2012,31,74,"La Crescenta Elementary",91214
"7867",19,64568,6013734,2,2012,111,88,"La Crescenta Elementary",91214
"7868",19,64568,6013734,3,2012,31,41.0769230769231,"La Crescenta Elementary",91214
"7869",19,64568,6013734,3,2012,111,74,"La Crescenta Elementary",91214
"7870",19,64568,6013734,4,2012,111,85.0416666666667,"La Crescenta Elementary",91214
"7871",19,64568,6013734,5,2012,31,69.8571428571429,"La Crescenta Elementary",91214
"7872",19,64568,6013734,5,2012,111,74.3013698630137,"La Crescenta Elementary",91214
"7873",19,64568,6013734,6,2012,31,75,"La Crescenta Elementary",91214
"7874",19,64568,6013734,6,2012,111,85.5,"La Crescenta Elementary",91214
"7875",19,64568,6013767,2,2012,31,80.5,"Horace Mann Elementary",91205
"7876",19,64568,6013767,3,2012,31,68.5,"Horace Mann Elementary",91205
"7877",19,64568,6013767,3,2012,111,50,"Horace Mann Elementary",91205
"7878",19,64568,6013767,4,2012,31,78.5315315315315,"Horace Mann Elementary",91205
"7879",19,64568,6013767,5,2012,31,49.9620689655172,"Horace Mann Elementary",91205
"7880",19,64568,6013775,2,2012,31,54,"John Marshall Elementary",91205
"7881",19,64568,6013775,3,2012,31,54.4326241134752,"John Marshall Elementary",91205
"7882",19,64568,6013775,3,2012,111,83.5,"John Marshall Elementary",91205
"7883",19,64568,6013775,4,2012,31,79.8863636363636,"John Marshall Elementary",91205
"7884",19,64568,6013775,4,2012,111,91,"John Marshall Elementary",91205
"7885",19,64568,6013775,5,2012,31,69.6666666666667,"John Marshall Elementary",91205
"7886",19,64568,6013775,5,2012,111,85.3090909090909,"John Marshall Elementary",91205
"7887",19,64568,6013783,2,2012,111,84,"Monte Vista Elementary",91214
"7888",19,64568,6013783,3,2012,111,82.0298507462687,"Monte Vista Elementary",91214
"7889",19,64568,6013783,4,2012,111,97,"Monte Vista Elementary",91214
"7890",19,64568,6013783,5,2012,111,91.9828326180258,"Monte Vista Elementary",91214
"7891",19,64568,6013783,6,2012,111,93.5204678362573,"Monte Vista Elementary",91214
"7892",19,64568,6013809,2,2012,111,79.5,"Mountain Avenue Elementary",91214
"7893",19,64568,6013809,3,2012,111,87,"Mountain Avenue Elementary",91214
"7894",19,64568,6013809,4,2012,111,93.4820143884892,"Mountain Avenue Elementary",91214
"7895",19,64568,6013809,5,2012,111,93.3169642857143,"Mountain Avenue Elementary",91214
"7896",19,64568,6013809,6,2012,111,95.9933774834437,"Mountain Avenue Elementary",91214
"7897",19,64568,6013825,2,2012,31,66.5,"Valley View Elementary",91214
"7898",19,64568,6013825,2,2012,111,87.5,"Valley View Elementary",91214
"7899",19,64568,6013825,3,2012,111,75.957264957265,"Valley View Elementary",91214
"7900",19,64568,6013825,4,2012,31,73,"Valley View Elementary",91214
"7901",19,64568,6013825,4,2012,111,87.980198019802,"Valley View Elementary",91214
"7902",19,64568,6013825,5,2012,111,95.3333333333333,"Valley View Elementary",91214
"7903",19,64568,6013825,6,2012,31,88,"Valley View Elementary",91214
"7904",19,64568,6013825,6,2012,111,90,"Valley View Elementary",91214
"7905",19,64568,6013833,2,2012,31,75.5,"Verdugo Woodlands Elementary",91208
"7906",19,64568,6013833,2,2012,111,80.5,"Verdugo Woodlands Elementary",91208
"7907",19,64568,6013833,3,2012,31,57.5,"Verdugo Woodlands Elementary",91208
"7908",19,64568,6013833,3,2012,111,91,"Verdugo Woodlands Elementary",91208
"7909",19,64568,6013833,4,2012,31,78,"Verdugo Woodlands Elementary",91208
"7910",19,64568,6013833,4,2012,111,94.5,"Verdugo Woodlands Elementary",91208
"7911",19,64568,6013833,5,2012,31,88.2941176470588,"Verdugo Woodlands Elementary",91208
"7912",19,64568,6013833,5,2012,111,93,"Verdugo Woodlands Elementary",91208
"7913",19,64568,6013833,6,2012,31,76,"Verdugo Woodlands Elementary",91208
"7914",19,64568,6013833,6,2012,111,91.5190839694657,"Verdugo Woodlands Elementary",91208
"7915",19,64568,6013841,2,2012,31,68.5,"R. D. White Elementary",91206
"7916",19,64568,6013841,2,2012,111,75,"R. D. White Elementary",91206
"7917",19,64568,6013841,3,2012,31,56.5,"R. D. White Elementary",91206
"7918",19,64568,6013841,3,2012,111,69.5343511450382,"R. D. White Elementary",91206
"7919",19,64568,6013841,4,2012,31,71.4961832061069,"R. D. White Elementary",91206
"7920",19,64568,6013841,4,2012,111,90,"R. D. White Elementary",91206
"7921",19,64568,6013841,5,2012,31,73.3333333333333,"R. D. White Elementary",91206
"7922",19,64568,6013841,5,2012,111,84,"R. D. White Elementary",91206
"7923",19,64568,6057715,6,2012,31,56,"Theodore Roosevelt Middle",91206
"7924",19,64568,6057715,6,2012,111,80.5,"Theodore Roosevelt Middle",91206
"7925",19,64568,6057715,7,2012,31,54.752808988764,"Theodore Roosevelt Middle",91206
"7926",19,64568,6057715,7,2012,111,73.5,"Theodore Roosevelt Middle",91206
"7927",19,64568,6057715,8,2012,31,55.1094756209752,"Theodore Roosevelt Middle",91206
"7928",19,64568,6057715,8,2012,111,73.8309178743961,"Theodore Roosevelt Middle",91206
"7929",19,64568,6057723,6,2012,31,54.9939577039275,"Eleanor J. Toll Middle",91202
"7930",19,64568,6057723,6,2012,111,79,"Eleanor J. Toll Middle",91202
"7931",19,64568,6057723,7,2012,31,63.9264705882353,"Eleanor J. Toll Middle",91202
"7932",19,64568,6057723,7,2012,111,76.7845117845118,"Eleanor J. Toll Middle",91202
"7933",19,64568,6057723,8,2012,31,54.0455271565495,"Eleanor J. Toll Middle",91202
"7934",19,64568,6057723,8,2012,111,74.9942028985507,"Eleanor J. Toll Middle",91202
"7935",19,64568,6061303,7,2012,31,79.0918367346939,"Rosemont Middle",91214
"7936",19,64568,6061303,7,2012,111,87.9353574926543,"Rosemont Middle",91214
"7937",19,64568,6061303,8,2012,31,80.0748792270531,"Rosemont Middle",91214
"7938",19,64568,6061303,8,2012,111,92.4308105687416,"Rosemont Middle",91214
"7939",19,64568,6061311,6,2012,31,63,"Woodrow Wilson Middle",91206
"7940",19,64568,6061311,6,2012,111,82.0189573459716,"Woodrow Wilson Middle",91206
"7941",19,64568,6061311,7,2012,31,66.9291338582677,"Woodrow Wilson Middle",91206
"7942",19,64568,6061311,7,2012,111,84.0022831050228,"Woodrow Wilson Middle",91206
"7943",19,64568,6061311,8,2012,31,65.691637630662,"Woodrow Wilson Middle",91206
"7944",19,64568,6061311,8,2012,111,79.0929332042594,"Woodrow Wilson Middle",91206
"7945",19,64576,1933597,9,2012,31,42.7171717171717,"Glendora High",91741
"7946",19,64576,1933597,9,2012,111,68.4993742177722,"Glendora High",91741
"7947",19,64576,1933597,10,2012,31,39.0449897750511,"Glendora High",91741
"7948",19,64576,1933597,10,2012,111,61.6245719178082,"Glendora High",91741
"7949",19,64576,1933597,11,2012,31,44.0906432748538,"Glendora High",91741
"7950",19,64576,1933597,11,2012,111,61.4411285946826,"Glendora High",91741
"7951",19,64576,1939677,11,2012,31,4.30434782608696,"Whitcomb Continuation High",91740
"7952",19,64576,1939677,11,2012,111,3.92105263157895,"Whitcomb Continuation High",91740
"7953",19,64576,6013866,2,2012,31,50,"Cullen Elementary",91741
"7954",19,64576,6013866,2,2012,111,88,"Cullen Elementary",91741
"7955",19,64576,6013866,3,2012,31,59.5,"Cullen Elementary",91741
"7956",19,64576,6013866,3,2012,111,81.0427807486631,"Cullen Elementary",91741
"7957",19,64576,6013866,4,2012,31,94,"Cullen Elementary",91741
"7958",19,64576,6013866,4,2012,111,91.0566037735849,"Cullen Elementary",91741
"7959",19,64576,6013866,5,2012,31,56.2352941176471,"Cullen Elementary",91741
"7960",19,64576,6013866,5,2012,111,86.9705882352941,"Cullen Elementary",91741
"7961",19,64576,6013882,2,2012,31,38,"La Fetra Elementary",91741
"7962",19,64576,6013882,2,2012,111,74,"La Fetra Elementary",91741
"7963",19,64576,6013882,3,2012,31,60.7241379310345,"La Fetra Elementary",91741
"7964",19,64576,6013882,3,2012,111,78.0752688172043,"La Fetra Elementary",91741
"7965",19,64576,6013882,4,2012,31,85,"La Fetra Elementary",91741
"7966",19,64576,6013882,4,2012,111,86.5290697674419,"La Fetra Elementary",91741
"7967",19,64576,6013882,5,2012,31,68,"La Fetra Elementary",91741
"7968",19,64576,6013882,5,2012,111,89,"La Fetra Elementary",91741
"7969",19,64576,6013908,2,2012,31,63,"Sellers Elementary",91741
"7970",19,64576,6013908,2,2012,111,71.5,"Sellers Elementary",91741
"7971",19,64576,6013908,3,2012,31,73.5,"Sellers Elementary",91741
"7972",19,64576,6013908,3,2012,111,82,"Sellers Elementary",91741
"7973",19,64576,6013908,4,2012,111,93.5085714285714,"Sellers Elementary",91741
"7974",19,64576,6013908,5,2012,31,71.6285714285714,"Sellers Elementary",91741
"7975",19,64576,6013908,5,2012,111,83.6409266409266,"Sellers Elementary",91741
"7976",19,64576,6013916,2,2012,31,69.5,"Stanton Elementary",91740
"7977",19,64576,6013916,2,2012,111,69.5,"Stanton Elementary",91740
"7978",19,64576,6013916,3,2012,31,57.5,"Stanton Elementary",91740
"7979",19,64576,6013916,3,2012,111,75,"Stanton Elementary",91740
"7980",19,64576,6013916,4,2012,31,86,"Stanton Elementary",91740
"7981",19,64576,6013916,4,2012,111,81.5,"Stanton Elementary",91740
"7982",19,64576,6013916,5,2012,31,82.6622516556291,"Stanton Elementary",91740
"7983",19,64576,6013916,5,2012,111,89.3333333333333,"Stanton Elementary",91740
"7984",19,64576,6013924,2,2012,31,70,"Sutherland Elementary",91740
"7985",19,64576,6013924,2,2012,111,83,"Sutherland Elementary",91740
"7986",19,64576,6013924,3,2012,31,34.7241379310345,"Sutherland Elementary",91740
"7987",19,64576,6013924,3,2012,111,82.9554140127389,"Sutherland Elementary",91740
"7988",19,64576,6013924,4,2012,31,84.7878787878788,"Sutherland Elementary",91740
"7989",19,64576,6013924,4,2012,111,95.5,"Sutherland Elementary",91740
"7990",19,64576,6013924,5,2012,31,72.2931034482759,"Sutherland Elementary",91740
"7991",19,64576,6013924,5,2012,111,89,"Sutherland Elementary",91740
"7992",19,64576,6057731,6,2012,31,57.1298701298701,"Goddard Middle",91741
"7993",19,64576,6057731,6,2012,111,76.970479704797,"Goddard Middle",91741
"7994",19,64576,6057731,7,2012,31,56.2359550561798,"Goddard Middle",91741
"7995",19,64576,6057731,7,2012,111,79.6431535269709,"Goddard Middle",91741
"7996",19,64576,6057731,8,2012,31,64.2980132450331,"Goddard Middle",91741
"7997",19,64576,6057731,8,2012,111,78.4171779141104,"Goddard Middle",91741
"7998",19,64576,6061329,6,2012,31,59.4107142857143,"Sandburg Middle",91741
"7999",19,64576,6061329,6,2012,111,76.9901234567901,"Sandburg Middle",91741
"8000",19,64576,6061329,7,2012,31,64.4967320261438,"Sandburg Middle",91741
"8001",19,64576,6061329,7,2012,111,75.6486486486486,"Sandburg Middle",91741
"8002",19,64576,6061329,8,2012,31,59.5258358662614,"Sandburg Middle",91741
"8003",19,64576,6061329,8,2012,111,77.6867132867133,"Sandburg Middle",91741
"8004",19,64584,1996305,2,2012,31,35.5,"Gorman Learning Center",92374
"8005",19,64584,1996305,2,2012,111,51,"Gorman Learning Center",92374
"8006",19,64584,1996305,3,2012,31,27,"Gorman Learning Center",92374
"8007",19,64584,1996305,3,2012,111,39.5,"Gorman Learning Center",92374
"8008",19,64584,1996305,4,2012,31,42.5,"Gorman Learning Center",92374
"8009",19,64584,1996305,4,2012,111,61.5,"Gorman Learning Center",92374
"8010",19,64584,1996305,5,2012,31,31.8915662650602,"Gorman Learning Center",92374
"8011",19,64584,1996305,5,2012,111,48.0641711229947,"Gorman Learning Center",92374
"8012",19,64584,1996305,6,2012,31,31.5,"Gorman Learning Center",92374
"8013",19,64584,1996305,6,2012,111,45.3725490196078,"Gorman Learning Center",92374
"8014",19,64584,1996305,7,2012,31,32.7755102040816,"Gorman Learning Center",92374
"8015",19,64584,1996305,7,2012,111,46.248275862069,"Gorman Learning Center",92374
"8016",19,64584,1996305,8,2012,31,30.0108108108108,"Gorman Learning Center",92374
"8017",19,64584,1996305,8,2012,111,40.4128440366973,"Gorman Learning Center",92374
"8018",19,64584,1996305,9,2012,31,22.4276315789474,"Gorman Learning Center",92374
"8019",19,64584,1996305,9,2012,111,33.9923076923077,"Gorman Learning Center",92374
"8020",19,64584,1996305,10,2012,31,17.7781155015198,"Gorman Learning Center",92374
"8021",19,64584,1996305,10,2012,111,29.4966740576497,"Gorman Learning Center",92374
"8022",19,64584,1996305,11,2012,31,18.3358490566038,"Gorman Learning Center",92374
"8023",19,64584,1996305,11,2012,111,26.9544072948328,"Gorman Learning Center",92374
"8024",19,64584,6013940,2,2012,31,36,"Gorman Elementary",93243
"8025",19,64592,6013957,3,2012,31,60.5,"Eucalyptus",90250
"8026",19,64592,6013957,3,2012,111,45,"Eucalyptus",90250
"8027",19,64592,6013957,4,2012,31,59.5123966942149,"Eucalyptus",90250
"8028",19,64592,6013957,4,2012,111,77,"Eucalyptus",90250
"8029",19,64592,6013957,5,2012,31,44.6596194503171,"Eucalyptus",90250
"8030",19,64592,6013957,5,2012,111,58.3333333333333,"Eucalyptus",90250
"8031",19,64592,6013965,6,2012,31,52,"Hawthorne Middle",90250
"8032",19,64592,6013965,6,2012,111,59.5154639175258,"Hawthorne Middle",90250
"8033",19,64592,6013965,7,2012,31,58.2851485148515,"Hawthorne Middle",90250
"8034",19,64592,6013965,7,2012,111,56.6923076923077,"Hawthorne Middle",90250
"8035",19,64592,6013965,8,2012,31,42.1685625646329,"Hawthorne Middle",90250
"8036",19,64592,6013965,8,2012,111,34.6467391304348,"Hawthorne Middle",90250
"8037",19,64592,6013973,2,2012,31,75,"Jefferson",90250
"8038",19,64592,6013973,2,2012,111,72.5,"Jefferson",90250
"8039",19,64592,6013973,3,2012,31,41.6242038216561,"Jefferson",90250
"8040",19,64592,6013973,4,2012,31,65,"Jefferson",90250
"8041",19,64592,6013973,5,2012,31,42,"Jefferson",90250
"8042",19,64592,6013981,2,2012,31,43.5,"Ramona",90250
"8043",19,64592,6013981,2,2012,111,59,"Ramona",90250
"8044",19,64592,6013981,3,2012,31,52.5,"Ramona",90250
"8045",19,64592,6013981,3,2012,111,66,"Ramona",90250
"8046",19,64592,6013981,4,2012,31,74.9849246231156,"Ramona",90250
"8047",19,64592,6013981,4,2012,111,73.5094339622642,"Ramona",90250
"8048",19,64592,6013981,5,2012,31,58.6611842105263,"Ramona",90250
"8049",19,64592,6013981,5,2012,111,69.1470588235294,"Ramona",90250
"8050",19,64592,6013999,2,2012,31,40,"Washington",90250
"8051",19,64592,6013999,3,2012,31,59,"Washington",90250
"8052",19,64592,6013999,3,2012,111,45.5,"Washington",90250
"8053",19,64592,6013999,4,2012,31,56,"Washington",90250
"8054",19,64592,6013999,5,2012,31,48.9790940766551,"Washington",90250
"8055",19,64592,6013999,5,2012,111,54.6666666666667,"Washington",90250
"8056",19,64592,6014013,2,2012,31,49,"York",90250
"8057",19,64592,6014013,3,2012,31,60.4301675977654,"York",90250
"8058",19,64592,6014013,3,2012,111,69.4782608695652,"York",90250
"8059",19,64592,6014013,4,2012,31,68.6242038216561,"York",90250
"8060",19,64592,6014013,5,2012,31,47.6065573770492,"York",90250
"8061",19,64592,6115265,6,2012,31,51,"Prairie Vista Middle",90250
"8062",19,64592,6115265,6,2012,111,51.5,"Prairie Vista Middle",90250
"8063",19,64592,6115265,7,2012,31,53.6113360323887,"Prairie Vista Middle",90250
"8064",19,64592,6115265,7,2012,111,45.6031746031746,"Prairie Vista Middle",90250
"8065",19,64592,6115265,8,2012,31,43.4203273040482,"Prairie Vista Middle",90250
"8066",19,64592,6115265,8,2012,111,34.4705882352941,"Prairie Vista Middle",90250
"8067",19,64592,6117246,2,2012,31,50,"Kornblum",90250
"8068",19,64592,6117246,2,2012,111,50,"Kornblum",90250
"8069",19,64592,6117246,3,2012,31,37.0752688172043,"Kornblum",90250
"8070",19,64592,6117246,3,2012,111,47,"Kornblum",90250
"8071",19,64592,6117246,4,2012,31,62.9880952380952,"Kornblum",90250
"8072",19,64592,6117246,4,2012,111,60.08,"Kornblum",90250
"8073",19,64592,6117246,5,2012,31,48.0323886639676,"Kornblum",90250
"8074",19,64592,6117246,5,2012,111,61.3333333333333,"Kornblum",90250
"8075",19,64600,6014047,2,2012,111,91,"Hermosa View Elementary",90254
"8076",19,64600,6095434,3,2012,111,86,"Hermosa Valley Elementary",90254
"8077",19,64600,6095434,4,2012,111,94.4956011730205,"Hermosa Valley Elementary",90254
"8078",19,64600,6095434,5,2012,111,90.6666666666667,"Hermosa Valley Elementary",90254
"8079",19,64600,6095434,6,2012,111,91.9776119402985,"Hermosa Valley Elementary",90254
"8080",19,64600,6095434,7,2012,111,88.0235294117647,"Hermosa Valley Elementary",90254
"8081",19,64600,6095434,8,2012,111,89.2556053811659,"Hermosa Valley Elementary",90254
"8082",19,64626,6014427,2,2012,31,83,"Hughes-Elizabeth Lakes",93532
"8083",19,64626,6014427,2,2012,111,69,"Hughes-Elizabeth Lakes",93532
"8084",19,64626,6014427,3,2012,31,52.5,"Hughes-Elizabeth Lakes",93532
"8085",19,64626,6014427,3,2012,111,78.5,"Hughes-Elizabeth Lakes",93532
"8086",19,64626,6014427,4,2012,31,67,"Hughes-Elizabeth Lakes",93532
"8087",19,64626,6014427,4,2012,111,74,"Hughes-Elizabeth Lakes",93532
"8088",19,64626,6014427,5,2012,31,48.6666666666667,"Hughes-Elizabeth Lakes",93532
"8089",19,64626,6014427,5,2012,111,81,"Hughes-Elizabeth Lakes",93532
"8090",19,64626,6014427,6,2012,31,62,"Hughes-Elizabeth Lakes",93532
"8091",19,64626,6014427,6,2012,111,81.5,"Hughes-Elizabeth Lakes",93532
"8092",19,64626,6014427,7,2012,111,64.4222222222222,"Hughes-Elizabeth Lakes",93532
"8093",19,64626,6014427,8,2012,111,72.75,"Hughes-Elizabeth Lakes",93532
"8094",19,64634,1934231,9,2012,31,19.5306345733042,"Inglewood High",90301
"8095",19,64634,1934231,9,2012,111,15.7007874015748,"Inglewood High",90301
"8096",19,64634,1934231,10,2012,31,14.3927631578947,"Inglewood High",90301
"8097",19,64634,1934231,10,2012,111,7.49590163934426,"Inglewood High",90301
"8098",19,64634,1934231,11,2012,31,11.77493380406,"Inglewood High",90301
"8099",19,64634,1934231,11,2012,111,15.8117647058824,"Inglewood High",90301
"8100",19,64634,1936046,9,2012,31,22.6438953488372,"Morningside High",90303
"8101",19,64634,1936046,9,2012,111,16.2162162162162,"Morningside High",90303
"8102",19,64634,1936046,10,2012,31,17.50036954915,"Morningside High",90303
"8103",19,64634,1936046,10,2012,111,17.5434782608696,"Morningside High",90303
"8104",19,64634,1936046,11,2012,31,23.1220423412204,"Morningside High",90303
"8105",19,64634,1936046,11,2012,111,55.1724137931034,"Morningside High",90303
"8106",19,64634,6014476,2,2012,31,56.5,"Highland Elementary",90302
"8107",19,64634,6014476,2,2012,111,35,"Highland Elementary",90302
"8108",19,64634,6014476,3,2012,31,67.0613496932515,"Highland Elementary",90302
"8109",19,64634,6014476,4,2012,31,60.496644295302,"Highland Elementary",90302
"8110",19,64634,6014476,5,2012,31,49.3333333333333,"Highland Elementary",90302
"8111",19,64634,6014476,6,2012,31,35.5,"Highland Elementary",90302
"8112",19,64634,6014492,2,2012,31,52,"Kelso (William H.) Elementary",90301
"8113",19,64634,6014492,2,2012,111,51.7826086956522,"Kelso (William H.) Elementary",90301
"8114",19,64634,6014492,3,2012,31,52,"Kelso (William H.) Elementary",90301
"8115",19,64634,6014492,3,2012,111,50,"Kelso (William H.) Elementary",90301
"8116",19,64634,6014492,4,2012,31,70.0502793296089,"Kelso (William H.) Elementary",90301
"8117",19,64634,6014492,5,2012,31,62.9783393501805,"Kelso (William H.) Elementary",90301
"8118",19,64634,6014492,6,2012,31,63.4628099173554,"Kelso (William H.) Elementary",90301
"8119",19,64634,6014534,2,2012,31,65.9947643979058,"Oak Street Elementary",90301
"8120",19,64634,6014534,3,2012,31,66.5894736842105,"Oak Street Elementary",90301
"8121",19,64634,6014534,4,2012,31,62.0512820512821,"Oak Street Elementary",90301
"8122",19,64634,6014534,5,2012,31,56.0504201680672,"Oak Street Elementary",90301
"8123",19,64634,6014534,6,2012,31,44.5,"Oak Street Elementary",90301
"8124",19,64642,6014583,6,2012,31,50,"Keppel Academy",93543
"8125",19,64642,6014583,6,2012,111,68,"Keppel Academy",93543
"8126",19,64642,6014583,7,2012,31,71.5463414634146,"Keppel Academy",93543
"8127",19,64642,6014583,7,2012,111,86.7297297297297,"Keppel Academy",93543
"8128",19,64642,6014583,8,2012,31,78.75,"Keppel Academy",93543
"8129",19,64642,6014583,8,2012,111,77.7185185185185,"Keppel Academy",93543
"8130",19,64642,6014591,2,2012,31,52,"Alpine Elementary",93543
"8131",19,64642,6014591,3,2012,31,43.5,"Alpine Elementary",93543
"8132",19,64642,6014591,3,2012,111,58.5,"Alpine Elementary",93543
"8133",19,64642,6014591,4,2012,31,48,"Alpine Elementary",93543
"8134",19,64642,6014591,4,2012,111,57,"Alpine Elementary",93543
"8135",19,64642,6014591,5,2012,31,31.6470588235294,"Alpine Elementary",93543
"8136",19,64642,6014591,5,2012,111,50.6666666666667,"Alpine Elementary",93543
"8137",19,64642,6014591,6,2012,31,45,"Alpine Elementary",93543
"8138",19,64642,6014591,7,2012,31,38.5,"Alpine Elementary",93543
"8139",19,64642,6014591,8,2012,31,21.4295302013423,"Alpine Elementary",93543
"8140",19,64642,6014591,8,2012,111,22.34,"Alpine Elementary",93543
"8141",19,64642,6014609,2,2012,31,46.5,"Antelope Elementary",93543
"8142",19,64642,6014609,3,2012,31,45.5,"Antelope Elementary",93543
"8143",19,64642,6014609,4,2012,31,50.5789473684211,"Antelope Elementary",93543
"8144",19,64642,6014609,4,2012,111,81,"Antelope Elementary",93543
"8145",19,64642,6014609,5,2012,31,44,"Antelope Elementary",93543
"8146",19,64642,6014609,6,2012,31,32.4897959183673,"Antelope Elementary",93543
"8147",19,64642,6014609,7,2012,31,32.5,"Antelope Elementary",93543
"8148",19,64642,6014609,8,2012,31,17.7232142857143,"Antelope Elementary",93543
"8149",19,64642,6105969,2,2012,31,41.0459770114943,"Lake Los Angeles Elementary",93591
"8150",19,64642,6105969,3,2012,31,41.9009009009009,"Lake Los Angeles Elementary",93591
"8151",19,64642,6105969,4,2012,31,62.4949494949495,"Lake Los Angeles Elementary",93591
"8152",19,64642,6105969,5,2012,31,38.6859504132231,"Lake Los Angeles Elementary",93591
"8153",19,64642,6105969,6,2012,31,41.5,"Lake Los Angeles Elementary",93591
"8154",19,64642,6105969,7,2012,31,32.5,"Lake Los Angeles Elementary",93591
"8155",19,64642,6105969,8,2012,31,39.6428571428571,"Lake Los Angeles Elementary",93591
"8156",19,64642,6106272,2,2012,31,47.5,"Daisy Gibson Elementary",93591
"8157",19,64642,6106272,3,2012,31,52,"Daisy Gibson Elementary",93591
"8158",19,64642,6106272,4,2012,31,46.5,"Daisy Gibson Elementary",93591
"8159",19,64642,6106272,5,2012,31,40,"Daisy Gibson Elementary",93591
"8160",19,64642,6106272,6,2012,31,29.5,"Daisy Gibson Elementary",93591
"8161",19,64642,6106272,7,2012,31,30.5104166666667,"Daisy Gibson Elementary",93591
"8162",19,64642,6106272,8,2012,31,38.48,"Daisy Gibson Elementary",93591
"8163",19,64642,6108542,2,2012,31,40,"Pearblossom Elementary",93553
"8164",19,64642,6108542,2,2012,111,63.5,"Pearblossom Elementary",93553
"8165",19,64642,6108542,3,2012,31,51.5,"Pearblossom Elementary",93553
"8166",19,64642,6108542,3,2012,111,56,"Pearblossom Elementary",93553
"8167",19,64642,6108542,4,2012,31,67.4285714285714,"Pearblossom Elementary",93553
"8168",19,64642,6108542,4,2012,111,93,"Pearblossom Elementary",93553
"8169",19,64642,6108542,5,2012,31,45.9769230769231,"Pearblossom Elementary",93553
"8170",19,64642,6108542,5,2012,111,81.3333333333333,"Pearblossom Elementary",93553
"8171",19,64642,6108542,6,2012,31,37,"Pearblossom Elementary",93553
"8172",19,64642,6108542,6,2012,111,47,"Pearblossom Elementary",93553
"8173",19,64642,6108542,7,2012,31,50,"Pearblossom Elementary",93553
"8174",19,64642,6108542,8,2012,31,47.5454545454545,"Pearblossom Elementary",93553
"8175",19,64642,6108542,8,2012,111,67.241935483871,"Pearblossom Elementary",93553
"8176",19,64659,1934611,7,2012,111,93.1212598425197,"La Canada High",91011
"8177",19,64659,1934611,8,2012,111,91.6855791962175,"La Canada High",91011
"8178",19,64659,1934611,9,2012,111,90.9532619279455,"La Canada High",91011
"8179",19,64659,1934611,10,2012,111,79.748031496063,"La Canada High",91011
"8180",19,64659,1934611,11,2012,111,80.176,"La Canada High",91011
"8181",19,64659,6014633,2,2012,111,90,"La Canada Elementary",91011
"8182",19,64659,6014633,3,2012,111,98,"La Canada Elementary",91011
"8183",19,64659,6014633,4,2012,111,98,"La Canada Elementary",91011
"8184",19,64659,6014633,5,2012,111,93.9659090909091,"La Canada Elementary",91011
"8185",19,64659,6014633,6,2012,111,96.484375,"La Canada Elementary",91011
"8186",19,64659,6014658,2,2012,111,96,"Palm Crest Elementary",91011
"8187",19,64659,6014658,3,2012,111,93.5251396648045,"Palm Crest Elementary",91011
"8188",19,64659,6014658,4,2012,111,96.5,"Palm Crest Elementary",91011
"8189",19,64659,6014658,5,2012,111,90.3235294117647,"Palm Crest Elementary",91011
"8190",19,64659,6014658,6,2012,111,96.5,"Palm Crest Elementary",91011
"8191",19,64659,6014666,2,2012,111,90,"Paradise Canyon Elementary",91011
"8192",19,64659,6014666,3,2012,111,95.5,"Paradise Canyon Elementary",91011
"8193",19,64659,6014666,4,2012,111,93.5,"Paradise Canyon Elementary",91011
"8194",19,64659,6014666,5,2012,111,92.6428571428571,"Paradise Canyon Elementary",91011
"8195",19,64659,6014666,6,2012,111,90.5,"Paradise Canyon Elementary",91011
"8196",19,64667,106070,6,2012,31,36.0174216027875,"Endeavour Middle",93536
"8197",19,64667,106070,6,2012,111,69.0526315789474,"Endeavour Middle",93536
"8198",19,64667,106070,7,2012,31,42.4312668463612,"Endeavour Middle",93536
"8199",19,64667,106070,7,2012,111,61.5,"Endeavour Middle",93536
"8200",19,64667,106070,8,2012,31,40.2728512960437,"Endeavour Middle",93536
"8201",19,64667,106070,8,2012,111,65.2051948051948,"Endeavour Middle",93536
"8202",19,64667,124099,2,2012,31,51.4495412844037,"Discovery",93535
"8203",19,64667,124099,3,2012,31,18.4666666666667,"Discovery",93535
"8204",19,64667,124099,4,2012,31,45.5,"Discovery",93535
"8205",19,64667,124099,5,2012,31,41.6666666666667,"Discovery",93535
"8206",19,64667,124099,5,2012,111,58,"Discovery",93535
"8207",19,64667,124099,6,2012,31,67.5,"Discovery",93535
"8208",19,64667,124099,6,2012,111,75,"Discovery",93535
"8209",19,64667,124099,7,2012,31,78.5,"Discovery",93535
"8210",19,64667,6014674,2,2012,31,44.4755555555556,"Desert View Elementary",93534
"8211",19,64667,6014674,2,2012,111,67.5,"Desert View Elementary",93534
"8212",19,64667,6014674,3,2012,31,39.9319371727749,"Desert View Elementary",93534
"8213",19,64667,6014674,3,2012,111,69,"Desert View Elementary",93534
"8214",19,64667,6014674,4,2012,31,55.0163934426229,"Desert View Elementary",93534
"8215",19,64667,6014674,4,2012,111,57,"Desert View Elementary",93534
"8216",19,64667,6014674,5,2012,31,49.312101910828,"Desert View Elementary",93534
"8217",19,64667,6014674,5,2012,111,54.3333333333333,"Desert View Elementary",93534
"8218",19,64667,6014682,2,2012,31,49.5,"El Dorado Elementary",93535
"8219",19,64667,6014682,3,2012,31,43,"El Dorado Elementary",93535
"8220",19,64667,6014682,3,2012,111,85.5,"El Dorado Elementary",93535
"8221",19,64667,6014682,4,2012,31,66.5544041450777,"El Dorado Elementary",93535
"8222",19,64667,6014682,4,2012,111,64,"El Dorado Elementary",93535
"8223",19,64667,6014682,5,2012,31,32.3354632587859,"El Dorado Elementary",93535
"8224",19,64667,6014682,6,2012,31,46.5,"El Dorado Elementary",93535
"8225",19,64667,6014690,2,2012,31,26,"Joshua Elementary",93535
"8226",19,64667,6014690,2,2012,111,33,"Joshua Elementary",93535
"8227",19,64667,6014690,3,2012,31,29.969696969697,"Joshua Elementary",93535
"8228",19,64667,6014690,3,2012,111,59,"Joshua Elementary",93535
"8229",19,64667,6014690,4,2012,31,42.5,"Joshua Elementary",93535
"8230",19,64667,6014690,5,2012,31,29.6531791907514,"Joshua Elementary",93535
"8231",19,64667,6014690,5,2012,111,38.3333333333333,"Joshua Elementary",93535
"8232",19,64667,6014708,2,2012,31,25.4731707317073,"Linda Verde Elementary",93535
"8233",19,64667,6014708,3,2012,31,15.974358974359,"Linda Verde Elementary",93535
"8234",19,64667,6014708,4,2012,31,30.0194174757282,"Linda Verde Elementary",93535
"8235",19,64667,6014708,5,2012,31,27.9038461538462,"Linda Verde Elementary",93535
"8236",19,64667,6014716,2,2012,31,61.5,"Mariposa Elementary",93534
"8237",19,64667,6014716,3,2012,31,37.5,"Mariposa Elementary",93534
"8238",19,64667,6014716,4,2012,31,51.5663716814159,"Mariposa Elementary",93534
"8239",19,64667,6014716,5,2012,31,56.6666666666667,"Mariposa Elementary",93534
"8240",19,64667,6014724,2,2012,31,45.4322916666667,"Monte Vista Elementary",93534
"8241",19,64667,6014724,2,2012,111,73.5,"Monte Vista Elementary",93534
"8242",19,64667,6014724,3,2012,31,37.5,"Monte Vista Elementary",93534
"8243",19,64667,6014724,3,2012,111,57.6976744186046,"Monte Vista Elementary",93534
"8244",19,64667,6014724,4,2012,31,46,"Monte Vista Elementary",93534
"8245",19,64667,6014724,4,2012,111,75,"Monte Vista Elementary",93534
"8246",19,64667,6014724,5,2012,31,45.6801470588235,"Monte Vista Elementary",93534
"8247",19,64667,6014724,5,2012,111,40,"Monte Vista Elementary",93534
"8248",19,64667,6014724,6,2012,31,49.5,"Monte Vista Elementary",93534
"8249",19,64667,6014724,6,2012,111,54.5,"Monte Vista Elementary",93534
"8250",19,64667,6014740,6,2012,31,20.5,"Piute Middle",93535
"8251",19,64667,6014740,6,2012,111,28,"Piute Middle",93535
"8252",19,64667,6014740,7,2012,31,26.386301369863,"Piute Middle",93535
"8253",19,64667,6014740,7,2012,111,25.1428571428571,"Piute Middle",93535
"8254",19,64667,6014740,8,2012,31,31.7955292570677,"Piute Middle",93535
"8255",19,64667,6014740,8,2012,111,36.2268907563025,"Piute Middle",93535
"8256",19,64667,6014757,2,2012,31,50.478672985782,"Sierra Elementary",93534
"8257",19,64667,6014757,2,2012,111,66.5,"Sierra Elementary",93534
"8258",19,64667,6014757,3,2012,31,38.0427807486631,"Sierra Elementary",93534
"8259",19,64667,6014757,3,2012,111,38.5,"Sierra Elementary",93534
"8260",19,64667,6014757,4,2012,31,46.9815668202765,"Sierra Elementary",93534
"8261",19,64667,6014757,4,2012,111,53,"Sierra Elementary",93534
"8262",19,64667,6014757,5,2012,31,27.69375,"Sierra Elementary",93534
"8263",19,64667,6014757,5,2012,111,21.3333333333333,"Sierra Elementary",93534
"8264",19,64667,6014765,2,2012,31,29.4795321637427,"Sunnydale Elementary",93534
"8265",19,64667,6014765,2,2012,111,29,"Sunnydale Elementary",93534
"8266",19,64667,6014765,3,2012,31,40,"Sunnydale Elementary",93534
"8267",19,64667,6014765,3,2012,111,58,"Sunnydale Elementary",93534
"8268",19,64667,6014765,4,2012,31,51,"Sunnydale Elementary",93534
"8269",19,64667,6014765,4,2012,111,72,"Sunnydale Elementary",93534
"8270",19,64667,6014765,5,2012,31,35.321052631579,"Sunnydale Elementary",93534
"8271",19,64667,6014765,5,2012,111,51,"Sunnydale Elementary",93534
"8272",19,64667,6014765,6,2012,31,33.5,"Sunnydale Elementary",93534
"8273",19,64667,6014765,6,2012,111,69.8484848484848,"Sunnydale Elementary",93534
"8274",19,64667,6108393,2,2012,31,54.5,"Nancy Cory Elementary",93536
"8275",19,64667,6108393,2,2012,111,51,"Nancy Cory Elementary",93536
"8276",19,64667,6108393,3,2012,31,44.6444444444444,"Nancy Cory Elementary",93536
"8277",19,64667,6108393,3,2012,111,68.5,"Nancy Cory Elementary",93536
"8278",19,64667,6108393,4,2012,31,60.9655172413793,"Nancy Cory Elementary",93536
"8279",19,64667,6108393,4,2012,111,68.5,"Nancy Cory Elementary",93536
"8280",19,64667,6108393,5,2012,31,52.046511627907,"Nancy Cory Elementary",93536
"8281",19,64667,6108393,5,2012,111,81.2911392405063,"Nancy Cory Elementary",93536
"8282",19,64667,6108393,6,2012,31,40.2521739130435,"Nancy Cory Elementary",93536
"8283",19,64667,6108393,6,2012,111,70,"Nancy Cory Elementary",93536
"8284",19,64667,6108401,2,2012,31,29,"Lincoln Elementary",93535
"8285",19,64667,6108401,2,2012,111,50,"Lincoln Elementary",93535
"8286",19,64667,6108401,3,2012,31,27.9483568075117,"Lincoln Elementary",93535
"8287",19,64667,6108401,3,2012,111,42,"Lincoln Elementary",93535
"8288",19,64667,6108401,4,2012,31,40.5,"Lincoln Elementary",93535
"8289",19,64667,6108401,4,2012,111,58,"Lincoln Elementary",93535
"8290",19,64667,6108401,5,2012,31,30.9896551724138,"Lincoln Elementary",93535
"8291",19,64667,6108401,5,2012,111,58.0227272727273,"Lincoln Elementary",93535
"8292",19,64667,6109276,2,2012,31,54,"West Wind Elementary",93536
"8293",19,64667,6109276,2,2012,111,71.0194174757282,"West Wind Elementary",93536
"8294",19,64667,6109276,3,2012,31,50,"West Wind Elementary",93536
"8295",19,64667,6109276,3,2012,111,76,"West Wind Elementary",93536
"8296",19,64667,6109276,4,2012,31,47.5,"West Wind Elementary",93536
"8297",19,64667,6109276,4,2012,111,73.5,"West Wind Elementary",93536
"8298",19,64667,6109276,5,2012,31,57.3333333333333,"West Wind Elementary",93536
"8299",19,64667,6109276,5,2012,111,66.6407185628743,"West Wind Elementary",93536
"8300",19,64667,6113294,6,2012,31,26.4948875255624,"New Vista Middle",93535
"8301",19,64667,6113294,6,2012,111,38,"New Vista Middle",93535
"8302",19,64667,6113294,7,2012,31,34.9163265306122,"New Vista Middle",93535
"8303",19,64667,6113294,7,2012,111,45.8857142857143,"New Vista Middle",93535
"8304",19,64667,6113294,8,2012,31,44.4317096466094,"New Vista Middle",93535
"8305",19,64667,6113294,8,2012,111,51.2470588235294,"New Vista Middle",93535
"8306",19,64683,1930080,9,2012,31,66.1573033707865,"Agoura High",91301
"8307",19,64683,1930080,9,2012,111,79.6346153846154,"Agoura High",91301
"8308",19,64683,1930080,10,2012,31,61.5,"Agoura High",91301
"8309",19,64683,1930080,10,2012,111,72.3176100628931,"Agoura High",91301
"8310",19,64683,1930080,11,2012,31,51.1081081081081,"Agoura High",91301
"8311",19,64683,1930080,11,2012,111,63.3333333333333,"Agoura High",91301
"8312",19,64683,1931260,11,2012,111,26.5,"Indian Hills Continuation High",91301
"8313",19,64683,1931781,9,2012,31,44.8823529411765,"Calabasas High",91302
"8314",19,64683,1931781,9,2012,111,71.9692712906058,"Calabasas High",91302
"8315",19,64683,1931781,10,2012,31,41,"Calabasas High",91302
"8316",19,64683,1931781,10,2012,111,70.4041450777202,"Calabasas High",91302
"8317",19,64683,1931781,11,2012,31,26.4210526315789,"Calabasas High",91302
"8318",19,64683,1931781,11,2012,111,65.4280350438048,"Calabasas High",91302
"8319",19,64683,6014799,2,2012,111,82.5,"Chaparral Elementary",91302
"8320",19,64683,6014799,3,2012,111,82.5,"Chaparral Elementary",91302
"8321",19,64683,6014799,4,2012,111,84,"Chaparral Elementary",91302
"8322",19,64683,6014799,5,2012,111,85.6666666666667,"Chaparral Elementary",91302
"8323",19,64683,6014807,2,2012,111,83.5,"Round Meadow Elementary",91302
"8324",19,64683,6014807,3,2012,111,87.0248447204969,"Round Meadow Elementary",91302
"8325",19,64683,6014807,4,2012,111,82.4820512820513,"Round Meadow Elementary",91302
"8326",19,64683,6014807,5,2012,111,84.6450511945392,"Round Meadow Elementary",91302
"8327",19,64683,6014815,2,2012,111,86.5177304964539,"White Oak Elementary",91361
"8328",19,64683,6014815,3,2012,111,87.5,"White Oak Elementary",91361
"8329",19,64683,6014815,4,2012,111,90,"White Oak Elementary",91361
"8330",19,64683,6014815,5,2012,111,77.3333333333333,"White Oak Elementary",91361
"8331",19,64683,6014823,2,2012,111,81,"Yerba Buena Elementary",91301
"8332",19,64683,6014823,3,2012,111,87.5,"Yerba Buena Elementary",91301
"8333",19,64683,6014823,4,2012,111,86,"Yerba Buena Elementary",91301
"8334",19,64683,6014823,5,2012,111,86,"Yerba Buena Elementary",91301
"8335",19,64683,6066765,6,2012,31,65.5,"Lindero Canyon Middle",91301
"8336",19,64683,6066765,6,2012,111,86.5,"Lindero Canyon Middle",91301
"8337",19,64683,6066765,7,2012,31,63,"Lindero Canyon Middle",91301
"8338",19,64683,6066765,7,2012,111,86.0474576271186,"Lindero Canyon Middle",91301
"8339",19,64683,6066765,8,2012,31,59.1578947368421,"Lindero Canyon Middle",91301
"8340",19,64683,6066765,8,2012,111,82.3486622073579,"Lindero Canyon Middle",91301
"8341",19,64683,6085658,2,2012,31,46,"Lupin Hill Elementary",91302
"8342",19,64683,6085658,2,2012,111,75,"Lupin Hill Elementary",91302
"8343",19,64683,6085658,3,2012,31,78.2173913043478,"Lupin Hill Elementary",91302
"8344",19,64683,6085658,3,2012,111,77.5211267605634,"Lupin Hill Elementary",91302
"8345",19,64683,6085658,4,2012,111,93.0331491712707,"Lupin Hill Elementary",91302
"8346",19,64683,6085658,5,2012,31,74.3333333333333,"Lupin Hill Elementary",91302
"8347",19,64683,6085658,5,2012,111,89.3333333333333,"Lupin Hill Elementary",91302
"8348",19,64683,6093025,2,2012,31,61.5,"Sumac Elementary",91301
"8349",19,64683,6093025,2,2012,111,80,"Sumac Elementary",91301
"8350",19,64683,6093025,3,2012,31,40.5,"Sumac Elementary",91301
"8351",19,64683,6093025,3,2012,111,80.5,"Sumac Elementary",91301
"8352",19,64683,6093025,4,2012,31,73,"Sumac Elementary",91301
"8353",19,64683,6093025,4,2012,111,80,"Sumac Elementary",91301
"8354",19,64683,6093025,5,2012,31,51,"Sumac Elementary",91301
"8355",19,64683,6093025,5,2012,111,87.6708860759494,"Sumac Elementary",91301
"8356",19,64683,6099030,2,2012,111,92,"Willow Elementary",91301
"8357",19,64683,6099030,3,2012,111,90,"Willow Elementary",91301
"8358",19,64683,6099030,4,2012,111,95.4967741935484,"Willow Elementary",91301
"8359",19,64683,6099030,5,2012,111,92.2319391634981,"Willow Elementary",91301
"8360",19,64683,6110563,2,2012,111,77.5,"Bay Laurel Elementary",91302
"8361",19,64683,6110563,3,2012,111,78,"Bay Laurel Elementary",91302
"8362",19,64683,6110563,4,2012,111,84.4773869346734,"Bay Laurel Elementary",91302
"8363",19,64683,6110563,5,2012,111,79.3333333333333,"Bay Laurel Elementary",91302
"8364",19,64691,112144,6,2012,31,57.9741379310345,"Jane Addams Middle",90260
"8365",19,64691,112144,6,2012,111,75.5376344086021,"Jane Addams Middle",90260
"8366",19,64691,112144,7,2012,31,66.008547008547,"Jane Addams Middle",90260
"8367",19,64691,112144,7,2012,111,80.4597701149425,"Jane Addams Middle",90260
"8368",19,64691,112144,8,2012,31,56.0316395014382,"Jane Addams Middle",90260
"8369",19,64691,112144,8,2012,111,74.7828947368421,"Jane Addams Middle",90260
"8370",19,64691,6014898,2,2012,31,62,"Lucille J. Smith Elementary",90260
"8371",19,64691,6014898,2,2012,111,50,"Lucille J. Smith Elementary",90260
"8372",19,64691,6014898,3,2012,31,52.1007194244604,"Lucille J. Smith Elementary",90260
"8373",19,64691,6014898,4,2012,31,86.0166666666667,"Lucille J. Smith Elementary",90260
"8374",19,64691,6014898,4,2012,111,93,"Lucille J. Smith Elementary",90260
"8375",19,64691,6014898,5,2012,31,75.472972972973,"Lucille J. Smith Elementary",90260
"8376",19,64691,6014898,5,2012,111,88.4411764705882,"Lucille J. Smith Elementary",90260
"8377",19,64709,107508,6,2012,31,48,"Century Community Charter",90301
"8378",19,64709,107508,6,2012,111,32,"Century Community Charter",90301
"8379",19,64709,107508,7,2012,31,43.5,"Century Community Charter",90301
"8380",19,64709,107508,7,2012,111,46.8235294117647,"Century Community Charter",90301
"8381",19,64709,107508,8,2012,31,44.927027027027,"Century Community Charter",90301
"8382",19,64709,107508,8,2012,111,39.5570469798658,"Century Community Charter",90301
"8383",19,64709,1996313,9,2012,31,58.4221218961625,"Animo Leadership High",90301
"8384",19,64709,1996313,10,2012,31,56.8045325779037,"Animo Leadership High",90301
"8385",19,64709,1996313,11,2012,31,34.3966480446927,"Animo Leadership High",90301
"8386",19,64709,6014948,2,2012,31,66.5,"Buford Elementary",90304
"8387",19,64709,6014948,2,2012,111,64.5,"Buford Elementary",90304
"8388",19,64709,6014948,3,2012,31,50.2053571428571,"Buford Elementary",90304
"8389",19,64709,6014948,3,2012,111,50,"Buford Elementary",90304
"8390",19,64709,6014948,4,2012,31,70.6742081447964,"Buford Elementary",90304
"8391",19,64709,6014948,5,2012,31,75.5696202531646,"Buford Elementary",90304
"8392",19,64709,6014955,2,2012,31,54.5,"Felton Elementary",90304
"8393",19,64709,6014955,3,2012,31,58.9583333333333,"Felton Elementary",90304
"8394",19,64709,6014955,4,2012,31,81.4705882352941,"Felton Elementary",90304
"8395",19,64709,6014955,5,2012,31,71.7735042735043,"Felton Elementary",90304
"8396",19,64709,6014963,2,2012,31,58,"Jefferson Elementary",90304
"8397",19,64709,6014963,3,2012,31,57.5971563981043,"Jefferson Elementary",90304
"8398",19,64709,6014963,3,2012,111,64.5,"Jefferson Elementary",90304
"8399",19,64709,6014963,4,2012,31,63.0414746543779,"Jefferson Elementary",90304
"8400",19,64709,6014963,4,2012,111,66.5,"Jefferson Elementary",90304
"8401",19,64709,6014963,5,2012,31,53.3241758241758,"Jefferson Elementary",90304
"8402",19,64709,6014963,5,2012,111,45.3333333333333,"Jefferson Elementary",90304
"8403",19,64709,6014971,2,2012,31,47.5,"Moffett Elementary",90304
"8404",19,64709,6014971,2,2012,111,85.5,"Moffett Elementary",90304
"8405",19,64709,6014971,3,2012,31,45.7581395348837,"Moffett Elementary",90304
"8406",19,64709,6014971,4,2012,31,63.695652173913,"Moffett Elementary",90304
"8407",19,64709,6014971,5,2012,31,53.4760563380282,"Moffett Elementary",90304
"8408",19,64709,6106736,6,2012,31,57.01393728223,"Lennox Middle",90304
"8409",19,64709,6106736,6,2012,111,53.4952380952381,"Lennox Middle",90304
"8410",19,64709,6106736,7,2012,31,53.6413276231263,"Lennox Middle",90304
"8411",19,64709,6106736,7,2012,111,47.2162162162162,"Lennox Middle",90304
"8412",19,64709,6106736,8,2012,31,39.405489383739,"Lennox Middle",90304
"8413",19,64709,6106736,8,2012,111,39.0591715976331,"Lennox Middle",90304
"8414",19,64717,6014997,2,2012,31,46.5,"Cresson Elementary",90650
"8415",19,64717,6014997,3,2012,31,54,"Cresson Elementary",90650
"8416",19,64717,6014997,3,2012,111,57,"Cresson Elementary",90650
"8417",19,64717,6014997,4,2012,31,75.6046511627907,"Cresson Elementary",90650
"8418",19,64717,6014997,4,2012,111,88,"Cresson Elementary",90650
"8419",19,64717,6014997,5,2012,31,55.3545454545455,"Cresson Elementary",90650
"8420",19,64717,6015036,2,2012,31,68,"Jersey Avenue Elementary",90670
"8421",19,64717,6015036,2,2012,111,76.5,"Jersey Avenue Elementary",90670
"8422",19,64717,6015036,3,2012,31,46,"Jersey Avenue Elementary",90670
"8423",19,64717,6015036,3,2012,111,54.5,"Jersey Avenue Elementary",90670
"8424",19,64717,6015036,4,2012,31,81,"Jersey Avenue Elementary",90670
"8425",19,64717,6015036,4,2012,111,86,"Jersey Avenue Elementary",90670
"8426",19,64717,6015036,5,2012,31,44.2827586206897,"Jersey Avenue Elementary",90670
"8427",19,64717,6015036,5,2012,111,72.3333333333333,"Jersey Avenue Elementary",90670
"8428",19,64717,6015044,6,2012,31,60.5,"Lake Center Middle",90670
"8429",19,64717,6015044,6,2012,111,72,"Lake Center Middle",90670
"8430",19,64717,6015044,7,2012,31,54.5783410138249,"Lake Center Middle",90670
"8431",19,64717,6015044,7,2012,111,63.4040404040404,"Lake Center Middle",90670
"8432",19,64717,6015044,8,2012,31,59.1821345707657,"Lake Center Middle",90670
"8433",19,64717,6015044,8,2012,111,65.105421686747,"Lake Center Middle",90670
"8434",19,64717,6015051,2,2012,31,77.0769230769231,"Lakeland Elementary",90650
"8435",19,64717,6015051,2,2012,111,90,"Lakeland Elementary",90650
"8436",19,64717,6015051,3,2012,31,50,"Lakeland Elementary",90650
"8437",19,64717,6015051,3,2012,111,76.5,"Lakeland Elementary",90650
"8438",19,64717,6015051,4,2012,31,76,"Lakeland Elementary",90650
"8439",19,64717,6015051,5,2012,31,50.3333333333333,"Lakeland Elementary",90650
"8440",19,64717,6015069,6,2012,31,51.4764890282132,"Lakeside Middle",90650
"8441",19,64717,6015069,6,2012,111,76.4778761061947,"Lakeside Middle",90650
"8442",19,64717,6015069,7,2012,31,69.9891304347826,"Lakeside Middle",90650
"8443",19,64717,6015069,7,2012,111,68.8478260869565,"Lakeside Middle",90650
"8444",19,64717,6015069,8,2012,31,65.3239436619718,"Lakeside Middle",90650
"8445",19,64717,6015069,8,2012,111,70.4164133738602,"Lakeside Middle",90650
"8446",19,64717,6015077,2,2012,31,68.5,"Lakeview Elementary",90670
"8447",19,64717,6015077,2,2012,111,78,"Lakeview Elementary",90670
"8448",19,64717,6015077,3,2012,31,58,"Lakeview Elementary",90670
"8449",19,64717,6015077,3,2012,111,67,"Lakeview Elementary",90670
"8450",19,64717,6015077,4,2012,31,57.4271844660194,"Lakeview Elementary",90670
"8451",19,64717,6015077,4,2012,111,87,"Lakeview Elementary",90670
"8452",19,64717,6015077,5,2012,31,70.6666666666667,"Lakeview Elementary",90670
"8453",19,64717,6015077,5,2012,111,69.3518518518518,"Lakeview Elementary",90670
"8454",19,64717,6015085,2,2012,31,77,"Paddison Elementary",90650
"8455",19,64717,6015085,2,2012,111,76.5,"Paddison Elementary",90650
"8456",19,64717,6015085,3,2012,31,47.4018691588785,"Paddison Elementary",90650
"8457",19,64717,6015085,3,2012,111,54.5,"Paddison Elementary",90650
"8458",19,64717,6015085,4,2012,31,86.5,"Paddison Elementary",90650
"8459",19,64717,6015085,4,2012,111,94,"Paddison Elementary",90650
"8460",19,64717,6015085,5,2012,31,77.970802919708,"Paddison Elementary",90650
"8461",19,64717,6015093,2,2012,31,60.5,"Studebaker Elementary",90650
"8462",19,64717,6015093,2,2012,111,71,"Studebaker Elementary",90650
"8463",19,64717,6015093,3,2012,31,49,"Studebaker Elementary",90650
"8464",19,64717,6015093,3,2012,111,58,"Studebaker Elementary",90650
"8465",19,64717,6015093,4,2012,31,76.5190839694657,"Studebaker Elementary",90650
"8466",19,64717,6015093,4,2012,111,86,"Studebaker Elementary",90650
"8467",19,64717,6015093,5,2012,31,58.3125,"Studebaker Elementary",90650
"8468",19,64717,6015093,5,2012,111,69,"Studebaker Elementary",90650
"8469",19,64725,107458,2,2012,31,47.5,"Chavez Elementary",90802
"8470",19,64725,107458,3,2012,31,65.8289473684211,"Chavez Elementary",90802
"8471",19,64725,107458,4,2012,31,59.5529411764706,"Chavez Elementary",90802
"8472",19,64725,107458,5,2012,31,53.3663366336634,"Chavez Elementary",90802
"8473",19,64725,114603,2,2012,31,55.030303030303,"Dooley Elementary",90805
"8474",19,64725,114603,2,2012,111,86.5,"Dooley Elementary",90805
"8475",19,64725,114603,3,2012,31,47.5741935483871,"Dooley Elementary",90805
"8476",19,64725,114603,3,2012,111,45,"Dooley Elementary",90805
"8477",19,64725,114603,4,2012,31,67,"Dooley Elementary",90805
"8478",19,64725,114603,4,2012,111,71,"Dooley Elementary",90805
"8479",19,64725,114603,5,2012,31,58.6666666666667,"Dooley Elementary",90805
"8480",19,64725,114603,5,2012,111,58,"Dooley Elementary",90805
"8481",19,64725,115535,6,2012,31,40.995867768595,"Lindsey Academy",90805
"8482",19,64725,115535,6,2012,111,65.5,"Lindsey Academy",90805
"8483",19,64725,115535,7,2012,31,48.514,"Lindsey Academy",90805
"8484",19,64725,115535,7,2012,111,41.5,"Lindsey Academy",90805
"8485",19,64725,115535,8,2012,31,43.9929221435794,"Lindsey Academy",90805
"8486",19,64725,115535,8,2012,111,53.2539682539683,"Lindsey Academy",90805
"8487",19,64725,1934470,9,2012,31,19.2553802008608,"Jordan High",90805
"8488",19,64725,1934470,9,2012,111,22.9727520435967,"Jordan High",90805
"8489",19,64725,1934470,10,2012,31,24.0082717872969,"Jordan High",90805
"8490",19,64725,1934470,10,2012,111,24.7906976744186,"Jordan High",90805
"8491",19,64725,1934470,11,2012,31,23.2837719298246,"Jordan High",90805
"8492",19,64725,1934470,11,2012,111,19.9246231155779,"Jordan High",90805
"8493",19,64725,1934678,9,2012,31,38.0663570006636,"Lakewood High",90713
"8494",19,64725,1934678,9,2012,111,51.2347140039448,"Lakewood High",90713
"8495",19,64725,1934678,10,2012,31,34.7399538106236,"Lakewood High",90713
"8496",19,64725,1934678,10,2012,111,47.9295473953886,"Lakewood High",90713
"8497",19,64725,1934678,11,2012,31,30.7923533289387,"Lakewood High",90713
"8498",19,64725,1934678,11,2012,111,44.5941108545035,"Lakewood High",90713
"8499",19,64725,1935758,9,2012,31,32.1485442661913,"Millikan High",90815
"8500",19,64725,1935758,9,2012,111,57.9763488543976,"Millikan High",90815
"8501",19,64725,1935758,10,2012,31,29.660022997317,"Millikan High",90815
"8502",19,64725,1935758,10,2012,111,57.2348054219502,"Millikan High",90815
"8503",19,64725,1935758,11,2012,31,27.1187533584095,"Millikan High",90815
"8504",19,64725,1935758,11,2012,111,48.0083832335329,"Millikan High",90815
"8505",19,64725,1936947,9,2012,31,34.3961478396668,"Polytechnic High",90813
"8506",19,64725,1936947,9,2012,111,62.5126984126984,"Polytechnic High",90813
"8507",19,64725,1936947,10,2012,31,31.4514937898624,"Polytechnic High",90813
"8508",19,64725,1936947,10,2012,111,59.2635761589404,"Polytechnic High",90813
"8509",19,64725,1936947,11,2012,31,28.2394366197183,"Polytechnic High",90813
"8510",19,64725,1936947,11,2012,111,56.3276139410188,"Polytechnic High",90813
"8511",19,64725,1937176,11,2012,31,6.33055555555556,"Reid High",90810
"8512",19,64725,1937176,11,2012,111,8,"Reid High",90810
"8513",19,64725,1939875,9,2012,31,32.9785133565621,"Wilson High",90804
"8514",19,64725,1939875,9,2012,111,59.2817896389325,"Wilson High",90804
"8515",19,64725,1939875,10,2012,31,31.7304474354311,"Wilson High",90804
"8516",19,64725,1939875,10,2012,111,55.565052631579,"Wilson High",90804
"8517",19,64725,1939875,11,2012,31,35.2781954887218,"Wilson High",90804
"8518",19,64725,1939875,11,2012,111,53.3267441860465,"Wilson High",90804
"8519",19,64725,1995935,9,2012,31,19.2025527192009,"Cabrillo High",90810
"8520",19,64725,1995935,9,2012,111,26.566265060241,"Cabrillo High",90810
"8521",19,64725,1995935,10,2012,31,21.0923132183908,"Cabrillo High",90810
"8522",19,64725,1995935,10,2012,111,25.2142857142857,"Cabrillo High",90810
"8523",19,64725,1995935,11,2012,31,23.9763476347635,"Cabrillo High",90810
"8524",19,64725,1995935,11,2012,111,25.5626373626374,"Cabrillo High",90810
"8525",19,64725,6015119,2,2012,31,47.5,"Addams Elementary",90805
"8526",19,64725,6015119,2,2012,111,61.5,"Addams Elementary",90805
"8527",19,64725,6015119,3,2012,31,42.7053941908714,"Addams Elementary",90805
"8528",19,64725,6015119,3,2012,111,31.5,"Addams Elementary",90805
"8529",19,64725,6015119,4,2012,31,68.0519031141869,"Addams Elementary",90805
"8530",19,64725,6015119,4,2012,111,73,"Addams Elementary",90805
"8531",19,64725,6015119,5,2012,31,54.3361344537815,"Addams Elementary",90805
"8532",19,64725,6015135,2,2012,31,47.5,"Barton Elementary",90807
"8533",19,64725,6015135,2,2012,111,68,"Barton Elementary",90807
"8534",19,64725,6015135,3,2012,31,55,"Barton Elementary",90807
"8535",19,64725,6015135,3,2012,111,68.5,"Barton Elementary",90807
"8536",19,64725,6015135,4,2012,31,50,"Barton Elementary",90807
"8537",19,64725,6015135,4,2012,111,46,"Barton Elementary",90807
"8538",19,64725,6015135,5,2012,31,38.1011673151751,"Barton Elementary",90807
"8539",19,64725,6015135,5,2012,111,60.6666666666667,"Barton Elementary",90807
"8540",19,64725,6015143,2,2012,31,54.5,"Birney Elementary",90806
"8541",19,64725,6015143,2,2012,111,74,"Birney Elementary",90806
"8542",19,64725,6015143,3,2012,31,59,"Birney Elementary",90806
"8543",19,64725,6015143,3,2012,111,77,"Birney Elementary",90806
"8544",19,64725,6015143,4,2012,31,61.5,"Birney Elementary",90806
"8545",19,64725,6015143,4,2012,111,88,"Birney Elementary",90806
"8546",19,64725,6015143,5,2012,31,43.2487804878049,"Birney Elementary",90806
"8547",19,64725,6015143,5,2012,111,63.6666666666667,"Birney Elementary",90806
"8548",19,64725,6015150,2,2012,31,48.5,"Bixby Elementary",90815
"8549",19,64725,6015150,2,2012,111,74,"Bixby Elementary",90815
"8550",19,64725,6015150,4,2012,31,71,"Bixby Elementary",90815
"8551",19,64725,6015150,4,2012,111,86,"Bixby Elementary",90815
"8552",19,64725,6015150,5,2012,31,74.3284671532847,"Bixby Elementary",90815
"8553",19,64725,6015150,5,2012,111,81,"Bixby Elementary",90815
"8554",19,64725,6015168,2,2012,31,81,"Bryant Elementary",90804
"8555",19,64725,6015168,2,2012,111,75,"Bryant Elementary",90804
"8556",19,64725,6015168,3,2012,31,58,"Bryant Elementary",90804
"8557",19,64725,6015168,4,2012,31,67.5,"Bryant Elementary",90804
"8558",19,64725,6015168,5,2012,31,58.3333333333333,"Bryant Elementary",90804
"8559",19,64725,6015184,2,2012,31,48.5,"Burbank Elementary",90814
"8560",19,64725,6015184,3,2012,31,33.5812807881773,"Burbank Elementary",90814
"8561",19,64725,6015184,4,2012,31,65.0257510729614,"Burbank Elementary",90814
"8562",19,64725,6015184,4,2012,111,83.5,"Burbank Elementary",90814
"8563",19,64725,6015184,5,2012,31,53.7058823529412,"Burbank Elementary",90814
"8564",19,64725,6015242,2,2012,31,88.5,"Carver Elementary",90808
"8565",19,64725,6015242,2,2012,111,84,"Carver Elementary",90808
"8566",19,64725,6015242,3,2012,31,78.5,"Carver Elementary",90808
"8567",19,64725,6015242,3,2012,111,86.5,"Carver Elementary",90808
"8568",19,64725,6015242,4,2012,31,100,"Carver Elementary",90808
"8569",19,64725,6015242,4,2012,111,91.5,"Carver Elementary",90808
"8570",19,64725,6015242,5,2012,31,50.9508196721311,"Carver Elementary",90808
"8571",19,64725,6015242,5,2012,111,79.3333333333333,"Carver Elementary",90808
"8572",19,64725,6015259,2,2012,31,58.5,"Cleveland Elementary",90713
"8573",19,64725,6015259,2,2012,111,79.4871794871795,"Cleveland Elementary",90713
"8574",19,64725,6015259,3,2012,31,37,"Cleveland Elementary",90713
"8575",19,64725,6015259,3,2012,111,58.6760563380282,"Cleveland Elementary",90713
"8576",19,64725,6015259,4,2012,31,72.0232558139535,"Cleveland Elementary",90713
"8577",19,64725,6015259,4,2012,111,77.5,"Cleveland Elementary",90713
"8578",19,64725,6015259,5,2012,31,42.1538461538462,"Cleveland Elementary",90713
"8579",19,64725,6015259,5,2012,111,75.6013986013986,"Cleveland Elementary",90713
"8580",19,64725,6015267,2,2012,31,53,"Cubberley K-8",90808
"8581",19,64725,6015267,2,2012,111,82,"Cubberley K-8",90808
"8582",19,64725,6015267,3,2012,31,56.4871794871795,"Cubberley K-8",90808
"8583",19,64725,6015267,3,2012,111,87.5,"Cubberley K-8",90808
"8584",19,64725,6015267,4,2012,31,62.906976744186,"Cubberley K-8",90808
"8585",19,64725,6015267,4,2012,111,82,"Cubberley K-8",90808
"8586",19,64725,6015267,5,2012,31,65.6086956521739,"Cubberley K-8",90808
"8587",19,64725,6015267,5,2012,111,81,"Cubberley K-8",90808
"8588",19,64725,6015267,6,2012,31,60,"Cubberley K-8",90808
"8589",19,64725,6015267,6,2012,111,81.511961722488,"Cubberley K-8",90808
"8590",19,64725,6015267,7,2012,31,68,"Cubberley K-8",90808
"8591",19,64725,6015267,7,2012,111,78.5052083333333,"Cubberley K-8",90808
"8592",19,64725,6015267,8,2012,31,51.875,"Cubberley K-8",90808
"8593",19,64725,6015267,8,2012,111,76.6613995485327,"Cubberley K-8",90808
"8594",19,64725,6015275,2,2012,31,51.6336633663366,"Edison Elementary",90802
"8595",19,64725,6015275,3,2012,31,49.7058823529412,"Edison Elementary",90802
"8596",19,64725,6015275,4,2012,31,59.6900826446281,"Edison Elementary",90802
"8597",19,64725,6015275,5,2012,31,45.8187919463087,"Edison Elementary",90802
"8598",19,64725,6015283,2,2012,31,50,"Emerson Parkside Academy",90815
"8599",19,64725,6015283,2,2012,111,88,"Emerson Parkside Academy",90815
"8600",19,64725,6015283,3,2012,31,58.6986301369863,"Emerson Parkside Academy",90815
"8601",19,64725,6015283,3,2012,111,82,"Emerson Parkside Academy",90815
"8602",19,64725,6015283,4,2012,31,77,"Emerson Parkside Academy",90815
"8603",19,64725,6015283,4,2012,111,85.4662162162162,"Emerson Parkside Academy",90815
"8604",19,64725,6015283,5,2012,31,58.6195652173913,"Emerson Parkside Academy",90815
"8605",19,64725,6015283,5,2012,111,91.995145631068,"Emerson Parkside Academy",90815
"8606",19,64725,6015309,2,2012,31,71,"Fremont Elementary",90814
"8607",19,64725,6015309,2,2012,111,86,"Fremont Elementary",90814
"8608",19,64725,6015309,3,2012,31,73.5,"Fremont Elementary",90814
"8609",19,64725,6015309,3,2012,111,86.5,"Fremont Elementary",90814
"8610",19,64725,6015309,4,2012,31,87.5,"Fremont Elementary",90814
"8611",19,64725,6015309,4,2012,111,96.504347826087,"Fremont Elementary",90814
"8612",19,64725,6015309,5,2012,31,59.9714285714286,"Fremont Elementary",90814
"8613",19,64725,6015309,5,2012,111,91.6705882352941,"Fremont Elementary",90814
"8614",19,64725,6015317,2,2012,31,78,"Gant Elementary",90815
"8615",19,64725,6015317,2,2012,111,90.5,"Gant Elementary",90815
"8616",19,64725,6015317,3,2012,31,61,"Gant Elementary",90815
"8617",19,64725,6015317,3,2012,111,91.5128205128205,"Gant Elementary",90815
"8618",19,64725,6015317,4,2012,31,73.5,"Gant Elementary",90815
"8619",19,64725,6015317,4,2012,111,93,"Gant Elementary",90815
"8620",19,64725,6015317,5,2012,31,75,"Gant Elementary",90815
"8621",19,64725,6015317,5,2012,111,91.6716981132075,"Gant Elementary",90815
"8622",19,64725,6015325,2,2012,31,50,"Garfield Elementary",90810
"8623",19,64725,6015325,2,2012,111,75,"Garfield Elementary",90810
"8624",19,64725,6015325,3,2012,31,48.5,"Garfield Elementary",90810
"8625",19,64725,6015325,3,2012,111,48.5757575757576,"Garfield Elementary",90810
"8626",19,64725,6015325,4,2012,31,53.5428571428571,"Garfield Elementary",90810
"8627",19,64725,6015325,4,2012,111,71.2666666666667,"Garfield Elementary",90810
"8628",19,64725,6015325,5,2012,31,49.8588235294118,"Garfield Elementary",90810
"8629",19,64725,6015325,5,2012,111,71,"Garfield Elementary",90810
"8630",19,64725,6015341,2,2012,31,53.985835694051,"Grant Elementary",90805
"8631",19,64725,6015341,2,2012,111,66,"Grant Elementary",90805
"8632",19,64725,6015341,3,2012,31,41.5,"Grant Elementary",90805
"8633",19,64725,6015341,3,2012,111,50,"Grant Elementary",90805
"8634",19,64725,6015341,4,2012,31,60,"Grant Elementary",90805
"8635",19,64725,6015341,4,2012,111,56.5,"Grant Elementary",90805
"8636",19,64725,6015341,5,2012,31,59,"Grant Elementary",90805
"8637",19,64725,6015341,5,2012,111,58.046511627907,"Grant Elementary",90805
"8638",19,64725,6015358,2,2012,31,36.4664536741214,"Harte Elementary",90805
"8639",19,64725,6015358,2,2012,111,40,"Harte Elementary",90805
"8640",19,64725,6015358,3,2012,31,41.9512195121951,"Harte Elementary",90805
"8641",19,64725,6015358,3,2012,111,30.5,"Harte Elementary",90805
"8642",19,64725,6015358,4,2012,31,53.5992366412214,"Harte Elementary",90805
"8643",19,64725,6015358,4,2012,111,62.5,"Harte Elementary",90805
"8644",19,64725,6015358,5,2012,31,50.0027397260274,"Harte Elementary",90805
"8645",19,64725,6015358,5,2012,111,60.6666666666667,"Harte Elementary",90805
"8646",19,64725,6015374,2,2012,31,52,"Holmes Elementary",90712
"8647",19,64725,6015374,2,2012,111,67,"Holmes Elementary",90712
"8648",19,64725,6015374,3,2012,31,56.1653543307087,"Holmes Elementary",90712
"8649",19,64725,6015374,3,2012,111,64.4285714285714,"Holmes Elementary",90712
"8650",19,64725,6015374,4,2012,31,46,"Holmes Elementary",90712
"8651",19,64725,6015374,4,2012,111,52,"Holmes Elementary",90712
"8652",19,64725,6015374,5,2012,31,51.3640552995392,"Holmes Elementary",90712
"8653",19,64725,6015374,5,2012,111,70.3333333333333,"Holmes Elementary",90712
"8654",19,64725,6015408,2,2012,31,60.5,"Kettering Elementary",90803
"8655",19,64725,6015408,2,2012,111,75,"Kettering Elementary",90803
"8656",19,64725,6015408,3,2012,111,82.8876404494382,"Kettering Elementary",90803
"8657",19,64725,6015408,4,2012,31,74,"Kettering Elementary",90803
"8658",19,64725,6015408,4,2012,111,94.4716981132076,"Kettering Elementary",90803
"8659",19,64725,6015408,5,2012,31,93,"Kettering Elementary",90803
"8660",19,64725,6015408,5,2012,111,91.6595744680851,"Kettering Elementary",90803
"8661",19,64725,6015416,2,2012,31,44.5,"King Elementary",90805
"8662",19,64725,6015416,3,2012,31,49.5576208178439,"King Elementary",90805
"8663",19,64725,6015416,4,2012,31,55,"King Elementary",90805
"8664",19,64725,6015416,5,2012,31,52.6930455635492,"King Elementary",90805
"8665",19,64725,6015424,2,2012,31,52,"Lafayette Elementary",90806
"8666",19,64725,6015424,3,2012,31,49.4620462046205,"Lafayette Elementary",90806
"8667",19,64725,6015424,4,2012,31,65.5092936802974,"Lafayette Elementary",90806
"8668",19,64725,6015424,5,2012,31,51.0490463215259,"Lafayette Elementary",90806
"8669",19,64725,6015440,2,2012,31,40.5,"Lincoln Elementary",90813
"8670",19,64725,6015440,3,2012,31,43.0374639769452,"Lincoln Elementary",90813
"8671",19,64725,6015440,4,2012,31,51.0121580547112,"Lincoln Elementary",90813
"8672",19,64725,6015440,5,2012,31,41.7095516569201,"Lincoln Elementary",90813
"8673",19,64725,6015457,2,2012,31,58.5,"Longfellow Elementary",90807
"8674",19,64725,6015457,2,2012,111,79,"Longfellow Elementary",90807
"8675",19,64725,6015457,3,2012,31,57.376,"Longfellow Elementary",90807
"8676",19,64725,6015457,3,2012,111,78.5,"Longfellow Elementary",90807
"8677",19,64725,6015457,4,2012,31,69.0579710144928,"Longfellow Elementary",90807
"8678",19,64725,6015457,4,2012,111,87.5,"Longfellow Elementary",90807
"8679",19,64725,6015457,5,2012,31,78.3507109004739,"Longfellow Elementary",90807
"8680",19,64725,6015457,5,2012,111,91.6676646706587,"Longfellow Elementary",90807
"8681",19,64725,6015465,2,2012,31,63.5,"Los Cerritos Elementary",90807
"8682",19,64725,6015465,2,2012,111,86,"Los Cerritos Elementary",90807
"8683",19,64725,6015465,3,2012,31,56,"Los Cerritos Elementary",90807
"8684",19,64725,6015465,3,2012,111,71,"Los Cerritos Elementary",90807
"8685",19,64725,6015465,4,2012,31,64.5,"Los Cerritos Elementary",90807
"8686",19,64725,6015465,4,2012,111,85.4606741573034,"Los Cerritos Elementary",90807
"8687",19,64725,6015465,5,2012,31,61.3333333333333,"Los Cerritos Elementary",90807
"8688",19,64725,6015465,5,2012,111,79,"Los Cerritos Elementary",90807
"8689",19,64725,6015473,2,2012,31,69.5,"Lowell Elementary",90803
"8690",19,64725,6015473,2,2012,111,91,"Lowell Elementary",90803
"8691",19,64725,6015473,3,2012,31,69.3939393939394,"Lowell Elementary",90803
"8692",19,64725,6015473,3,2012,111,80.5,"Lowell Elementary",90803
"8693",19,64725,6015473,4,2012,111,95.5,"Lowell Elementary",90803
"8694",19,64725,6015473,5,2012,111,88.6666666666667,"Lowell Elementary",90803
"8695",19,64725,6015481,2,2012,31,37.5,"MacArthur Elementary",90713
"8696",19,64725,6015481,2,2012,111,65,"MacArthur Elementary",90713
"8697",19,64725,6015481,3,2012,31,46.7966101694915,"MacArthur Elementary",90713
"8698",19,64725,6015481,3,2012,111,68.5,"MacArthur Elementary",90713
"8699",19,64725,6015481,4,2012,31,59.5,"MacArthur Elementary",90713
"8700",19,64725,6015481,4,2012,111,98.5238095238095,"MacArthur Elementary",90713
"8701",19,64725,6015481,5,2012,31,49,"MacArthur Elementary",90713
"8702",19,64725,6015481,5,2012,111,75,"MacArthur Elementary",90713
"8703",19,64725,6015499,2,2012,31,72.5,"Madison Elementary",90712
"8704",19,64725,6015499,2,2012,111,73,"Madison Elementary",90712
"8705",19,64725,6015499,3,2012,31,64.8117647058824,"Madison Elementary",90712
"8706",19,64725,6015499,3,2012,111,73,"Madison Elementary",90712
"8707",19,64725,6015499,4,2012,31,86.5287356321839,"Madison Elementary",90712
"8708",19,64725,6015499,4,2012,111,92,"Madison Elementary",90712
"8709",19,64725,6015499,5,2012,31,55.0917431192661,"Madison Elementary",90712
"8710",19,64725,6015499,5,2012,111,81.3975903614458,"Madison Elementary",90712
"8711",19,64725,6015507,2,2012,31,62.5,"Mann Elementary",90803
"8712",19,64725,6015507,2,2012,111,68.5,"Mann Elementary",90803
"8713",19,64725,6015507,3,2012,31,43.1518987341772,"Mann Elementary",90803
"8714",19,64725,6015507,3,2012,111,79,"Mann Elementary",90803
"8715",19,64725,6015507,4,2012,31,66.5064935064935,"Mann Elementary",90803
"8716",19,64725,6015507,5,2012,31,52,"Mann Elementary",90803
"8717",19,64725,6015515,2,2012,31,51.5,"McKinley Elementary",90805
"8718",19,64725,6015515,3,2012,31,54.5,"McKinley Elementary",90805
"8719",19,64725,6015515,3,2012,111,47,"McKinley Elementary",90805
"8720",19,64725,6015515,4,2012,31,46.5209580838323,"McKinley Elementary",90805
"8721",19,64725,6015515,4,2012,111,42,"McKinley Elementary",90805
"8722",19,64725,6015515,5,2012,31,40.3333333333333,"McKinley Elementary",90805
"8723",19,64725,6015515,5,2012,111,58.6666666666667,"McKinley Elementary",90805
"8724",19,64725,6015531,2,2012,31,47.0318725099602,"Muir K-8",90810
"8725",19,64725,6015531,2,2012,111,78.5,"Muir K-8",90810
"8726",19,64725,6015531,3,2012,31,49.0666666666667,"Muir K-8",90810
"8727",19,64725,6015531,3,2012,111,60.6451612903226,"Muir K-8",90810
"8728",19,64725,6015531,4,2012,31,70.012987012987,"Muir K-8",90810
"8729",19,64725,6015531,4,2012,111,64.5,"Muir K-8",90810
"8730",19,64725,6015531,5,2012,31,50.6851211072664,"Muir K-8",90810
"8731",19,64725,6015531,5,2012,111,68.6666666666667,"Muir K-8",90810
"8732",19,64725,6015531,6,2012,31,73.5,"Muir K-8",90810
"8733",19,64725,6015531,7,2012,31,88,"Muir K-8",90810
"8734",19,64725,6015531,7,2012,111,95,"Muir K-8",90810
"8735",19,64725,6015531,8,2012,31,81.25,"Muir K-8",90810
"8736",19,64725,6015531,8,2012,111,93,"Muir K-8",90810
"8737",19,64725,6015549,2,2012,111,84.5,"Naples Elementary",90803
"8738",19,64725,6015549,3,2012,111,91,"Naples Elementary",90803
"8739",19,64725,6015549,4,2012,111,88.5,"Naples Elementary",90803
"8740",19,64725,6015549,5,2012,31,75,"Naples Elementary",90803
"8741",19,64725,6015549,5,2012,111,95.3333333333333,"Naples Elementary",90803
"8742",19,64725,6015556,2,2012,111,77.5,"Newcomb Academy",90808
"8743",19,64725,6015556,3,2012,31,81.5,"Newcomb Academy",90808
"8744",19,64725,6015556,3,2012,111,88.5,"Newcomb Academy",90808
"8745",19,64725,6015556,4,2012,31,82,"Newcomb Academy",90808
"8746",19,64725,6015556,4,2012,111,93,"Newcomb Academy",90808
"8747",19,64725,6015556,5,2012,31,70.8048780487805,"Newcomb Academy",90808
"8748",19,64725,6015556,5,2012,111,92.6666666666667,"Newcomb Academy",90808
"8749",19,64725,6015556,6,2012,31,69.0746268656716,"Newcomb Academy",90808
"8750",19,64725,6015556,6,2012,111,87.4725274725275,"Newcomb Academy",90808
"8751",19,64725,6015556,7,2012,31,80.5,"Newcomb Academy",90808
"8752",19,64725,6015556,7,2012,111,83,"Newcomb Academy",90808
"8753",19,64725,6015556,8,2012,31,71.8082191780822,"Newcomb Academy",90808
"8754",19,64725,6015556,8,2012,111,89.373595505618,"Newcomb Academy",90808
"8755",19,64725,6015580,2,2012,31,62.5,"Prisk Elementary",90815
"8756",19,64725,6015580,2,2012,111,83,"Prisk Elementary",90815
"8757",19,64725,6015580,3,2012,31,50,"Prisk Elementary",90815
"8758",19,64725,6015580,3,2012,111,78.0866141732283,"Prisk Elementary",90815
"8759",19,64725,6015580,4,2012,31,65.5,"Prisk Elementary",90815
"8760",19,64725,6015580,4,2012,111,85,"Prisk Elementary",90815
"8761",19,64725,6015580,5,2012,31,78.2545454545455,"Prisk Elementary",90815
"8762",19,64725,6015580,5,2012,111,86.963133640553,"Prisk Elementary",90815
"8763",19,64725,6015598,2,2012,31,46.5,"Riley Elementary",90712
"8764",19,64725,6015598,2,2012,111,74,"Riley Elementary",90712
"8765",19,64725,6015598,3,2012,31,53.5,"Riley Elementary",90712
"8766",19,64725,6015598,3,2012,111,55,"Riley Elementary",90712
"8767",19,64725,6015598,4,2012,31,71,"Riley Elementary",90712
"8768",19,64725,6015598,4,2012,111,81,"Riley Elementary",90712
"8769",19,64725,6015598,5,2012,31,63,"Riley Elementary",90712
"8770",19,64725,6015598,5,2012,111,82.6666666666667,"Riley Elementary",90712
"8771",19,64725,6015606,2,2012,31,52,"Roosevelt Elementary",90813
"8772",19,64725,6015606,3,2012,31,54.541547277937,"Roosevelt Elementary",90813
"8773",19,64725,6015606,4,2012,31,67.9908256880734,"Roosevelt Elementary",90813
"8774",19,64725,6015606,5,2012,31,51.6666666666667,"Roosevelt Elementary",90813
"8775",19,64725,6015614,2,2012,31,53,"Signal Hill Elementary",90755
"8776",19,64725,6015614,2,2012,111,56,"Signal Hill Elementary",90755
"8777",19,64725,6015614,3,2012,31,58.9015544041451,"Signal Hill Elementary",90755
"8778",19,64725,6015614,3,2012,111,67.5,"Signal Hill Elementary",90755
"8779",19,64725,6015614,4,2012,31,70.1014492753623,"Signal Hill Elementary",90755
"8780",19,64725,6015614,4,2012,111,97,"Signal Hill Elementary",90755
"8781",19,64725,6015614,5,2012,31,70.0461538461538,"Signal Hill Elementary",90755
"8782",19,64725,6015614,5,2012,111,91,"Signal Hill Elementary",90755
"8783",19,64725,6015622,2,2012,31,52,"Stevenson Elementary",90802
"8784",19,64725,6015622,3,2012,31,46,"Stevenson Elementary",90802
"8785",19,64725,6015622,4,2012,31,67.5278969957082,"Stevenson Elementary",90802
"8786",19,64725,6015622,5,2012,31,59,"Stevenson Elementary",90802
"8787",19,64725,6015648,2,2012,31,67,"Tincher Preparatory",90815
"8788",19,64725,6015648,2,2012,111,82,"Tincher Preparatory",90815
"8789",19,64725,6015648,3,2012,31,66.3465346534653,"Tincher Preparatory",90815
"8790",19,64725,6015648,3,2012,111,82.5,"Tincher Preparatory",90815
"8791",19,64725,6015648,4,2012,31,70,"Tincher Preparatory",90815
"8792",19,64725,6015648,4,2012,111,85,"Tincher Preparatory",90815
"8793",19,64725,6015648,5,2012,31,69.3522727272727,"Tincher Preparatory",90815
"8794",19,64725,6015648,5,2012,111,84.6331658291457,"Tincher Preparatory",90815
"8795",19,64725,6015648,6,2012,31,49.4621848739496,"Tincher Preparatory",90815
"8796",19,64725,6015648,6,2012,111,69,"Tincher Preparatory",90815
"8797",19,64725,6015648,7,2012,31,49.5,"Tincher Preparatory",90815
"8798",19,64725,6015648,7,2012,111,77.5,"Tincher Preparatory",90815
"8799",19,64725,6015648,8,2012,31,46.5373134328358,"Tincher Preparatory",90815
"8800",19,64725,6015648,8,2012,111,76.8239700374532,"Tincher Preparatory",90815
"8801",19,64725,6015663,2,2012,31,60,"Twain Elementary",90808
"8802",19,64725,6015663,2,2012,111,82.5,"Twain Elementary",90808
"8803",19,64725,6015663,3,2012,31,62.5,"Twain Elementary",90808
"8804",19,64725,6015663,3,2012,111,80.5,"Twain Elementary",90808
"8805",19,64725,6015663,4,2012,31,79.5,"Twain Elementary",90808
"8806",19,64725,6015663,4,2012,111,96.5,"Twain Elementary",90808
"8807",19,64725,6015663,5,2012,31,62.6666666666667,"Twain Elementary",90808
"8808",19,64725,6015663,5,2012,111,83.3333333333333,"Twain Elementary",90808
"8809",19,64725,6015671,2,2012,31,63.5,"Webster Elementary",90810
"8810",19,64725,6015671,3,2012,31,64.3166666666667,"Webster Elementary",90810
"8811",19,64725,6015671,4,2012,31,77,"Webster Elementary",90810
"8812",19,64725,6015671,5,2012,31,74.6666666666667,"Webster Elementary",90810
"8813",19,64725,6015689,2,2012,31,58,"Whittier Elementary",90813
"8814",19,64725,6015689,3,2012,31,39.5,"Whittier Elementary",90813
"8815",19,64725,6015689,4,2012,31,73.530035335689,"Whittier Elementary",90813
"8816",19,64725,6015689,5,2012,31,49.0874316939891,"Whittier Elementary",90813
"8817",19,64725,6015697,2,2012,31,46.948275862069,"Willard Elementary",90804
"8818",19,64725,6015697,3,2012,31,52.5,"Willard Elementary",90804
"8819",19,64725,6015697,4,2012,31,47.5798319327731,"Willard Elementary",90804
"8820",19,64725,6015697,5,2012,31,46.7129909365559,"Willard Elementary",90804
"8821",19,64725,6057780,6,2012,31,40.4982517482517,"Hamilton Middle",90805
"8822",19,64725,6057780,6,2012,111,44.5,"Hamilton Middle",90805
"8823",19,64725,6057780,7,2012,31,39.998347107438,"Hamilton Middle",90805
"8824",19,64725,6057780,7,2012,111,57.5,"Hamilton Middle",90805
"8825",19,64725,6057780,8,2012,31,42.1934628975265,"Hamilton Middle",90805
"8826",19,64725,6057780,8,2012,111,39.7476635514019,"Hamilton Middle",90805
"8827",19,64725,6057798,6,2012,31,58.4362606232295,"Hoover Middle",90712
"8828",19,64725,6057798,6,2012,111,68,"Hoover Middle",90712
"8829",19,64725,6057798,7,2012,31,67.9593908629442,"Hoover Middle",90712
"8830",19,64725,6057798,7,2012,111,76,"Hoover Middle",90712
"8831",19,64725,6057798,8,2012,31,63.74,"Hoover Middle",90712
"8832",19,64725,6057798,8,2012,111,83.5619658119658,"Hoover Middle",90712
"8833",19,64725,6057806,6,2012,31,40.5,"Jefferson Leadership Academies",90804
"8834",19,64725,6057806,6,2012,111,59.5,"Jefferson Leadership Academies",90804
"8835",19,64725,6057806,7,2012,31,45.5010438413361,"Jefferson Leadership Academies",90804
"8836",19,64725,6057806,7,2012,111,59,"Jefferson Leadership Academies",90804
"8837",19,64725,6057806,8,2012,31,32.8709981167608,"Jefferson Leadership Academies",90804
"8838",19,64725,6057806,8,2012,111,51.55,"Jefferson Leadership Academies",90804
"8839",19,64725,6057822,6,2012,31,50.4985422740525,"Marshall Academy of the Arts",90808
"8840",19,64725,6057822,6,2012,111,71,"Marshall Academy of the Arts",90808
"8841",19,64725,6057822,7,2012,31,43.5074626865672,"Marshall Academy of the Arts",90808
"8842",19,64725,6057822,7,2012,111,75.956043956044,"Marshall Academy of the Arts",90808
"8843",19,64725,6057822,8,2012,31,36.3629032258064,"Marshall Academy of the Arts",90808
"8844",19,64725,6057822,8,2012,111,42.5849056603774,"Marshall Academy of the Arts",90808
"8845",19,64725,6057830,6,2012,31,62.408,"Rogers Middle",90803
"8846",19,64725,6057830,6,2012,111,89.5,"Rogers Middle",90803
"8847",19,64725,6057830,7,2012,31,68.4528301886792,"Rogers Middle",90803
"8848",19,64725,6057830,7,2012,111,90,"Rogers Middle",90803
"8849",19,64725,6057830,8,2012,31,62.1623711340206,"Rogers Middle",90803
"8850",19,64725,6057830,8,2012,111,86.3929008567931,"Rogers Middle",90803
"8851",19,64725,6057848,6,2012,31,46.5173210161663,"Stephens Middle",90810
"8852",19,64725,6057848,6,2012,111,43,"Stephens Middle",90810
"8853",19,64725,6057848,7,2012,31,38.469512195122,"Stephens Middle",90810
"8854",19,64725,6057848,7,2012,111,39,"Stephens Middle",90810
"8855",19,64725,6057848,8,2012,31,44.9778801843318,"Stephens Middle",90810
"8856",19,64725,6057848,8,2012,111,57.1447368421053,"Stephens Middle",90810
"8857",19,64725,6061337,6,2012,31,53.5053380782918,"Bancroft Middle",90808
"8858",19,64725,6061337,6,2012,111,75.5,"Bancroft Middle",90808
"8859",19,64725,6061337,7,2012,31,62.3274647887324,"Bancroft Middle",90808
"8860",19,64725,6061337,7,2012,111,80.2446483180428,"Bancroft Middle",90808
"8861",19,64725,6061337,8,2012,31,62.7696629213483,"Bancroft Middle",90808
"8862",19,64725,6061337,8,2012,111,77.207488299532,"Bancroft Middle",90808
"8863",19,64725,6061345,6,2012,31,43.5049504950495,"Franklin Classical Middle",90802
"8864",19,64725,6061345,6,2012,111,50,"Franklin Classical Middle",90802
"8865",19,64725,6061345,7,2012,31,49.5,"Franklin Classical Middle",90802
"8866",19,64725,6061345,7,2012,111,45,"Franklin Classical Middle",90802
"8867",19,64725,6061345,8,2012,31,30.1694779116466,"Franklin Classical Middle",90802
"8868",19,64725,6061345,8,2012,111,16.1632653061224,"Franklin Classical Middle",90802
"8869",19,64725,6061360,6,2012,31,55.9961904761905,"Hughes Middle",90807
"8870",19,64725,6061360,6,2012,111,72,"Hughes Middle",90807
"8871",19,64725,6061360,7,2012,31,58.9961832061069,"Hughes Middle",90807
"8872",19,64725,6061360,7,2012,111,73,"Hughes Middle",90807
"8873",19,64725,6061360,8,2012,31,54.9523809523809,"Hughes Middle",90807
"8874",19,64725,6061360,8,2012,111,68.5162790697674,"Hughes Middle",90807
"8875",19,64725,6061378,6,2012,31,51.4963503649635,"Stanford Middle",90815
"8876",19,64725,6061378,6,2012,111,79.5,"Stanford Middle",90815
"8877",19,64725,6061378,7,2012,31,54.992700729927,"Stanford Middle",90815
"8878",19,64725,6061378,7,2012,111,82.0017889087656,"Stanford Middle",90815
"8879",19,64725,6061378,8,2012,31,66.1832669322709,"Stanford Middle",90815
"8880",19,64725,6061378,8,2012,111,78.4852670349908,"Stanford Middle",90815
"8881",19,64725,6061386,6,2012,31,45.0356083086053,"Washington Middle",90813
"8882",19,64725,6061386,6,2012,111,44,"Washington Middle",90813
"8883",19,64725,6061386,7,2012,31,46,"Washington Middle",90813
"8884",19,64725,6061386,7,2012,111,48.5,"Washington Middle",90813
"8885",19,64725,6061386,8,2012,31,32.6646126760563,"Washington Middle",90813
"8886",19,64725,6061386,8,2012,111,39.25,"Washington Middle",90813
"8887",19,64725,6116933,2,2012,31,30.4625,"Powell Academy for Success",90805
"8888",19,64725,6116933,2,2012,111,46,"Powell Academy for Success",90805
"8889",19,64725,6116933,3,2012,31,34.0783410138249,"Powell Academy for Success",90805
"8890",19,64725,6116933,3,2012,111,50,"Powell Academy for Success",90805
"8891",19,64725,6116933,4,2012,31,65.561320754717,"Powell Academy for Success",90805
"8892",19,64725,6116933,4,2012,111,84.5,"Powell Academy for Success",90805
"8893",19,64725,6116933,5,2012,31,46,"Powell Academy for Success",90805
"8894",19,64725,6116933,5,2012,111,66.6666666666667,"Powell Academy for Success",90805
"8895",19,64725,6116933,6,2012,31,49,"Powell Academy for Success",90805
"8896",19,64725,6116933,6,2012,111,29,"Powell Academy for Success",90805
"8897",19,64725,6116933,7,2012,31,32,"Powell Academy for Success",90805
"8898",19,64725,6116933,7,2012,111,28.5,"Powell Academy for Success",90805
"8899",19,64725,6116933,8,2012,31,38.1977777777778,"Powell Academy for Success",90805
"8900",19,64725,6116933,8,2012,111,34.953488372093,"Powell Academy for Success",90805
"8901",19,64733,100669,5,2012,31,54.6857142857143,"Stella Middle Charter Academy",90016
"8902",19,64733,100669,6,2012,31,40.962457337884,"Stella Middle Charter Academy",90016
"8903",19,64733,100669,7,2012,31,50.5,"Stella Middle Charter Academy",90016
"8904",19,64733,100669,7,2012,111,65.5,"Stella Middle Charter Academy",90016
"8905",19,64733,100669,8,2012,31,77.1051282051282,"Stella Middle Charter Academy",90016
"8906",19,64733,100669,8,2012,111,78.4,"Stella Middle Charter Academy",90016
"8907",19,64733,100677,9,2012,31,62.5302013422819,"High Tech LA",91406
"8908",19,64733,100677,9,2012,111,66.3263157894737,"High Tech LA",91406
"8909",19,64733,100677,10,2012,31,44.4,"High Tech LA",91406
"8910",19,64733,100677,10,2012,111,55.498023715415,"High Tech LA",91406
"8911",19,64733,100677,11,2012,31,69,"High Tech LA",91406
"8912",19,64733,100677,11,2012,111,86.3934426229508,"High Tech LA",91406
"8913",19,64733,100750,9,2012,31,24.8271186440678,"Wallis Annenberg High",90037
"8914",19,64733,100750,10,2012,31,45.2814498933902,"Wallis Annenberg High",90037
"8915",19,64733,100750,11,2012,31,37.0924574209246,"Wallis Annenberg High",90037
"8916",19,64733,100800,9,2012,31,38.2838983050847,"Central City Value",90004
"8917",19,64733,100800,10,2012,31,44.0136186770428,"Central City Value",90004
"8918",19,64733,100800,11,2012,31,30.3718309859155,"Central City Value",90004
"8919",19,64733,102137,9,2012,31,9.74193548387097,"Aggeler Community Day",91311
"8920",19,64733,102137,10,2012,111,27.1481481481481,"Aggeler Community Day",91311
"8921",19,64733,102137,11,2012,111,12.5,"Aggeler Community Day",91311
"8922",19,64733,102335,2,2012,111,73,"Ocean Charter",90066
"8923",19,64733,102335,3,2012,111,65,"Ocean Charter",90066
"8924",19,64733,102335,4,2012,111,77.3802816901408,"Ocean Charter",90066
"8925",19,64733,102335,5,2012,111,74.3333333333333,"Ocean Charter",90066
"8926",19,64733,102335,6,2012,31,60.5,"Ocean Charter",90066
"8927",19,64733,102335,6,2012,111,80.3508771929825,"Ocean Charter",90066
"8928",19,64733,102335,7,2012,111,73.5,"Ocean Charter",90066
"8929",19,64733,102335,8,2012,111,81.7402597402597,"Ocean Charter",90066
"8930",19,64733,102483,2,2012,31,64.5,"N.E.W. Academy Canoga Park",91303
"8931",19,64733,102483,3,2012,31,62.6551724137931,"N.E.W. Academy Canoga Park",91303
"8932",19,64733,102483,4,2012,31,62.0791366906475,"N.E.W. Academy Canoga Park",91303
"8933",19,64733,102483,5,2012,31,67.9820627802691,"N.E.W. Academy Canoga Park",91303
"8934",19,64733,102541,6,2012,31,48,"New Designs Charter",90007
"8935",19,64733,102541,7,2012,31,47,"New Designs Charter",90007
"8936",19,64733,102541,8,2012,31,54,"New Designs Charter",90007
"8937",19,64733,102541,9,2012,31,40.4076246334311,"New Designs Charter",90007
"8938",19,64733,102541,10,2012,31,35.4827586206897,"New Designs Charter",90007
"8939",19,64733,102541,11,2012,31,26.6309523809524,"New Designs Charter",90007
"8940",19,64733,102913,9,2012,31,42.7480620155039,"Middle College High",90047
"8941",19,64733,102913,9,2012,111,31.84,"Middle College High",90047
"8942",19,64733,102913,10,2012,31,57.1374407582938,"Middle College High",90047
"8943",19,64733,102913,10,2012,111,35,"Middle College High",90047
"8944",19,64733,102913,11,2012,31,28.8583690987124,"Middle College High",90047
"8945",19,64733,106351,2,2012,31,78,"Ivy Academia",91367
"8946",19,64733,106351,2,2012,111,89.5,"Ivy Academia",91367
"8947",19,64733,106351,3,2012,31,63.5,"Ivy Academia",91367
"8948",19,64733,106351,3,2012,111,71.5460122699387,"Ivy Academia",91367
"8949",19,64733,106351,4,2012,31,71,"Ivy Academia",91367
"8950",19,64733,106351,4,2012,111,84.5,"Ivy Academia",91367
"8951",19,64733,106351,5,2012,31,75.3333333333333,"Ivy Academia",91367
"8952",19,64733,106351,5,2012,111,75.6654135338346,"Ivy Academia",91367
"8953",19,64733,106351,6,2012,31,66,"Ivy Academia",91367
"8954",19,64733,106351,6,2012,111,73.5,"Ivy Academia",91367
"8955",19,64733,106351,7,2012,111,70.0481927710843,"Ivy Academia",91367
"8956",19,64733,106351,8,2012,31,59.3333333333333,"Ivy Academia",91367
"8957",19,64733,106351,8,2012,111,71.6934523809524,"Ivy Academia",91367
"8958",19,64733,106351,9,2012,31,30.3488372093023,"Ivy Academia",91367
"8959",19,64733,106351,9,2012,111,50.9014084507042,"Ivy Academia",91367
"8960",19,64733,106351,10,2012,31,67.9846153846154,"Ivy Academia",91367
"8961",19,64733,106351,10,2012,111,51.5625,"Ivy Academia",91367
"8962",19,64733,106351,11,2012,111,37.9113300492611,"Ivy Academia",91367
"8963",19,64733,106435,9,2012,31,48.2647058823529,"Camino Nuevo Charter High",90026
"8964",19,64733,106435,10,2012,31,58.7530647985989,"Camino Nuevo Charter High",90026
"8965",19,64733,106435,11,2012,31,39.089715536105,"Camino Nuevo Charter High",90026
"8966",19,64733,106849,9,2012,31,52,"Animo Pat Brown",90001
"8967",19,64733,106849,10,2012,31,51.5294964028777,"Animo Pat Brown",90001
"8968",19,64733,106849,11,2012,31,51.079766536965,"Animo Pat Brown",90001
"8969",19,64733,106872,6,2012,31,34.4605263157895,"Bert Corona Charter",91331
"8970",19,64733,106872,6,2012,111,40.5,"Bert Corona Charter",91331
"8971",19,64733,106872,7,2012,31,25.8955223880597,"Bert Corona Charter",91331
"8972",19,64733,106872,8,2012,31,28.3373205741627,"Bert Corona Charter",91331
"8973",19,64733,106955,2,2012,31,47,"Harmony Elementary",90011
"8974",19,64733,106955,3,2012,31,37,"Harmony Elementary",90011
"8975",19,64733,106955,4,2012,31,48.0131004366812,"Harmony Elementary",90011
"8976",19,64733,106955,5,2012,31,39.3236074270557,"Harmony Elementary",90011
"8977",19,64733,106971,6,2012,31,24.9929577464789,"Vista Middle",91402
"8978",19,64733,106971,6,2012,111,16.5,"Vista Middle",91402
"8979",19,64733,106971,7,2012,31,30.2104046242775,"Vista Middle",91402
"8980",19,64733,106971,7,2012,111,46.8125,"Vista Middle",91402
"8981",19,64733,106971,8,2012,31,36.7427961579509,"Vista Middle",91402
"8982",19,64733,106971,8,2012,111,47.6019417475728,"Vista Middle",91402
"8983",19,64733,106989,6,2012,31,26.5,"Southeast Middle",90280
"8984",19,64733,106989,6,2012,111,33.5,"Southeast Middle",90280
"8985",19,64733,106989,7,2012,31,35.5,"Southeast Middle",90280
"8986",19,64733,106989,7,2012,111,27,"Southeast Middle",90280
"8987",19,64733,106989,8,2012,31,36.5573267933783,"Southeast Middle",90280
"8988",19,64733,106989,8,2012,111,23,"Southeast Middle",90280
"8989",19,64733,106997,9,2012,31,40.6880952380952,"Orthopaedic Hospital",90007
"8990",19,64733,106997,10,2012,31,42.6437246963563,"Orthopaedic Hospital",90007
"8991",19,64733,106997,11,2012,31,43.1788990825688,"Orthopaedic Hospital",90007
"8992",19,64733,107003,9,2012,31,38.4411384217335,"Northridge Academy High",91325
"8993",19,64733,107003,9,2012,111,52.8828451882845,"Northridge Academy High",91325
"8994",19,64733,107003,10,2012,31,28.8320707070707,"Northridge Academy High",91325
"8995",19,64733,107003,10,2012,111,48.8440677966102,"Northridge Academy High",91325
"8996",19,64733,107003,11,2012,31,32.2660944206009,"Northridge Academy High",91325
"8997",19,64733,107003,11,2012,111,47.3096446700508,"Northridge Academy High",91325
"8998",19,64733,107755,9,2012,31,53.0364372469636,"Port of Los Angeles High",90731
"8999",19,64733,107755,9,2012,111,64.4907407407407,"Port of Los Angeles High",90731
"9000",19,64733,107755,10,2012,31,57.8647214854111,"Port of Los Angeles High",90731
"9001",19,64733,107755,10,2012,111,61.3178893178893,"Port of Los Angeles High",90731
"9002",19,64733,107755,11,2012,31,40.8265682656827,"Port of Los Angeles High",90731
"9003",19,64733,107755,11,2012,111,61.1152,"Port of Los Angeles High",90731
"9004",19,64733,108886,2,2012,31,95.5,"Gabriella Charter",90026
"9005",19,64733,108886,3,2012,31,68.5,"Gabriella Charter",90026
"9006",19,64733,108886,4,2012,31,85.4698795180723,"Gabriella Charter",90026
"9007",19,64733,108886,5,2012,31,85.3829787234042,"Gabriella Charter",90026
"9008",19,64733,108886,6,2012,31,83.3263157894737,"Gabriella Charter",90026
"9009",19,64733,108886,7,2012,31,67,"Gabriella Charter",90026
"9010",19,64733,108886,8,2012,31,70.5,"Gabriella Charter",90026
"9011",19,64733,109280,2,2012,31,58,"Amanecer Primary Center",90023
"9012",19,64733,109314,2,2012,31,50,"Harvard Elementary",90004
"9013",19,64733,109314,3,2012,31,54.5,"Harvard Elementary",90004
"9014",19,64733,109314,4,2012,31,73.5765765765766,"Harvard Elementary",90004
"9015",19,64733,109314,5,2012,31,77.3601895734597,"Harvard Elementary",90004
"9016",19,64733,109322,3,2012,31,40.1082802547771,"Pacific Boulevard",90255
"9017",19,64733,109322,4,2012,31,66.0680272108844,"Pacific Boulevard",90255
"9018",19,64733,109348,2,2012,31,55,"Aurora Elementary",90011
"9019",19,64733,109348,3,2012,31,60.0814814814815,"Aurora Elementary",90011
"9020",19,64733,109348,4,2012,31,58.9513513513513,"Aurora Elementary",90011
"9021",19,64733,109348,5,2012,31,57.4260089686099,"Aurora Elementary",90011
"9022",19,64733,109363,2,2012,31,73,"Maywood Elementary",90270
"9023",19,64733,109363,3,2012,31,60,"Maywood Elementary",90270
"9024",19,64733,109363,4,2012,31,67.5070422535211,"Maywood Elementary",90270
"9025",19,64733,109363,5,2012,31,79.6666666666667,"Maywood Elementary",90270
"9026",19,64733,109371,2,2012,31,42,"Rosa Parks Learning Center",91343
"9027",19,64733,109371,3,2012,31,41.0775510204082,"Rosa Parks Learning Center",91343
"9028",19,64733,109371,4,2012,31,56,"Rosa Parks Learning Center",91343
"9029",19,64733,109371,5,2012,31,36.1375661375661,"Rosa Parks Learning Center",91343
"9030",19,64733,109389,2,2012,31,31.5,"Panorama City Elementary",91402
"9031",19,64733,109389,3,2012,31,39,"Panorama City Elementary",91402
"9032",19,64733,109389,4,2012,31,29.4888888888889,"Panorama City Elementary",91402
"9033",19,64733,109389,5,2012,31,34.3869863013699,"Panorama City Elementary",91402
"9034",19,64733,109397,2,2012,31,55.5,"Maurice Sendak Elementary",91601
"9035",19,64733,109397,3,2012,31,50.2808988764045,"Maurice Sendak Elementary",91601
"9036",19,64733,109397,4,2012,31,71.573275862069,"Maurice Sendak Elementary",91601
"9037",19,64733,109397,5,2012,31,58.0712166172107,"Maurice Sendak Elementary",91601
"9038",19,64733,109405,2,2012,31,42.5,"Kingsley Elementary",90029
"9039",19,64733,109405,3,2012,31,62.5,"Kingsley Elementary",90029
"9040",19,64733,109405,4,2012,31,60,"Kingsley Elementary",90029
"9041",19,64733,109405,5,2012,31,48.6666666666667,"Kingsley Elementary",90029
"9042",19,64733,109413,2,2012,31,71,"Madison Elementary",90280
"9043",19,64733,109413,3,2012,31,59.5828571428571,"Madison Elementary",90280
"9044",19,64733,109413,4,2012,31,75.5449735449735,"Madison Elementary",90280
"9045",19,64733,109413,5,2012,31,61.312,"Madison Elementary",90280
"9046",19,64733,109421,2,2012,31,50.5,"Hope Street Elementary",90255
"9047",19,64733,109421,3,2012,31,48.4109589041096,"Hope Street Elementary",90255
"9048",19,64733,109421,4,2012,31,59,"Hope Street Elementary",90255
"9049",19,64733,109421,5,2012,31,44.3333333333333,"Hope Street Elementary",90255
"9050",19,64733,109439,2,2012,31,55,"Cesar Chavez Elementary",90032
"9051",19,64733,109439,3,2012,31,50.1463414634146,"Cesar Chavez Elementary",90032
"9052",19,64733,109439,4,2012,31,54,"Cesar Chavez Elementary",90032
"9053",19,64733,109439,5,2012,31,52.341935483871,"Cesar Chavez Elementary",90032
"9054",19,64733,109439,6,2012,31,20.5238095238095,"Cesar Chavez Elementary",90032
"9055",19,64733,109447,9,2012,31,13.3605121293801,"Santee Education Complex",90011
"9056",19,64733,109447,10,2012,31,16.4417475728155,"Santee Education Complex",90011
"9057",19,64733,109447,11,2012,31,12.7880184331797,"Santee Education Complex",90011
"9058",19,64733,109454,9,2012,31,22.9399323181049,"South East High",90280
"9059",19,64733,109454,10,2012,31,25.6118220597197,"South East High",90280
"9060",19,64733,109454,11,2012,31,29.3989968080255,"South East High",90280
"9061",19,64733,109462,9,2012,31,17.624842370744,"Maywood Academy High",90270
"9062",19,64733,109462,10,2012,31,35.6021409455843,"Maywood Academy High",90270
"9063",19,64733,109462,11,2012,31,27.5768115942029,"Maywood Academy High",90270
"9064",19,64733,109512,9,2012,31,11.25,"Cal Burke High",91402
"9065",19,64733,109512,10,2012,31,11.4666666666667,"Cal Burke High",91402
"9066",19,64733,109512,11,2012,31,8.47058823529412,"Cal Burke High",91402
"9067",19,64733,109934,2,2012,111,91.5,"Our Community Charter",91311
"9068",19,64733,109934,3,2012,111,80.5,"Our Community Charter",91311
"9069",19,64733,109934,4,2012,111,77.5,"Our Community Charter",91311
"9070",19,64733,109934,5,2012,111,68.6666666666667,"Our Community Charter",91311
"9071",19,64733,109934,6,2012,111,59,"Our Community Charter",91311
"9072",19,64733,109934,7,2012,31,51.3448275862069,"Our Community Charter",91311
"9073",19,64733,109934,7,2012,111,59.5,"Our Community Charter",91311
"9074",19,64733,110668,9,2012,31,17.5862068965517,"Frida Kahlo High",90011
"9075",19,64733,110668,10,2012,31,12.4466019417476,"Frida Kahlo High",90011
"9076",19,64733,110668,11,2012,31,14.6153846153846,"Frida Kahlo High",90011
"9077",19,64733,111211,2,2012,31,64.5,"New Heights Charter",90008
"9078",19,64733,111211,3,2012,31,50,"New Heights Charter",90008
"9079",19,64733,111211,3,2012,111,77.5,"New Heights Charter",90008
"9080",19,64733,111211,4,2012,31,36.962962962963,"New Heights Charter",90008
"9081",19,64733,111211,4,2012,111,30.4347826086957,"New Heights Charter",90008
"9082",19,64733,111211,5,2012,31,49.3186813186813,"New Heights Charter",90008
"9083",19,64733,111211,7,2012,31,65.5,"New Heights Charter",90008
"9084",19,64733,111211,8,2012,31,50.8666666666667,"New Heights Charter",90008
"9085",19,64733,111583,9,2012,31,46.0023752969121,"Animo Jackie Robinson High",90007
"9086",19,64733,111583,10,2012,31,48.3385269121813,"Animo Jackie Robinson High",90007
"9087",19,64733,111583,11,2012,31,36.4761904761905,"Animo Jackie Robinson High",90007
"9088",19,64733,111971,2,2012,31,65,"Frank del Olmo Elementary",90004
"9089",19,64733,111971,2,2012,111,54.5,"Frank del Olmo Elementary",90004
"9090",19,64733,111971,3,2012,31,62.5,"Frank del Olmo Elementary",90004
"9091",19,64733,111971,4,2012,31,76.5268292682927,"Frank del Olmo Elementary",90004
"9092",19,64733,111971,4,2012,111,60.6521739130435,"Frank del Olmo Elementary",90004
"9093",19,64733,111971,5,2012,31,63.8844221105528,"Frank del Olmo Elementary",90004
"9094",19,64733,111989,2,2012,31,60,"Charles H. Kim Elementary",90004
"9095",19,64733,111989,2,2012,111,79.5,"Charles H. Kim Elementary",90004
"9096",19,64733,111989,3,2012,31,69.4674556213018,"Charles H. Kim Elementary",90004
"9097",19,64733,111989,3,2012,111,77.5,"Charles H. Kim Elementary",90004
"9098",19,64733,111989,4,2012,31,80.5,"Charles H. Kim Elementary",90004
"9099",19,64733,111989,4,2012,111,92.5,"Charles H. Kim Elementary",90004
"9100",19,64733,111989,5,2012,31,69.7032967032967,"Charles H. Kim Elementary",90004
"9101",19,64733,111989,5,2012,111,84.6666666666667,"Charles H. Kim Elementary",90004
"9102",19,64733,111997,2,2012,31,43.5,"Huntington Park Elementary",90255
"9103",19,64733,111997,3,2012,31,56,"Huntington Park Elementary",90255
"9104",19,64733,111997,4,2012,31,69.1807228915663,"Huntington Park Elementary",90255
"9105",19,64733,111997,5,2012,31,55.94,"Huntington Park Elementary",90255
"9106",19,64733,112045,9,2012,31,22.9742096505824,"Arleta High",91331
"9107",19,64733,112045,10,2012,31,32.1103533787973,"Arleta High",91331
"9108",19,64733,112045,11,2012,31,22.6762928139691,"Arleta High",91331
"9109",19,64733,112052,9,2012,31,23.1456776947705,"Panorama High",91402
"9110",19,64733,112052,9,2012,111,22.9442231075697,"Panorama High",91402
"9111",19,64733,112052,10,2012,31,33.1790017211704,"Panorama High",91402
"9112",19,64733,112052,10,2012,111,27.0135746606335,"Panorama High",91402
"9113",19,64733,112052,11,2012,31,32.6666666666667,"Panorama High",91402
"9114",19,64733,112052,11,2012,111,32.2688172043011,"Panorama High",91402
"9115",19,64733,114199,6,2012,31,31.0265486725664,"John H. Liechty Middle",90017
"9116",19,64733,114199,7,2012,31,34.2815533980583,"John H. Liechty Middle",90017
"9117",19,64733,114199,8,2012,31,36.7846575342466,"John H. Liechty Middle",90017
"9118",19,64733,114850,9,2012,31,19.6029082774049,"West Adams Preparatory High",90007
"9119",19,64733,114850,10,2012,31,18.9887199607651,"West Adams Preparatory High",90007
"9120",19,64733,114850,11,2012,31,19.5504833512352,"West Adams Preparatory High",90007
"9121",19,64733,114967,2,2012,31,74,"Global Education Academy",90037
"9122",19,64733,114967,3,2012,31,75.0394736842105,"Global Education Academy",90037
"9123",19,64733,114967,4,2012,31,76.0512820512821,"Global Education Academy",90037
"9124",19,64733,114967,5,2012,31,50.3333333333333,"Global Education Academy",90037
"9125",19,64733,115030,6,2012,31,35,"Magnolia Science Academy 3",90746
"9126",19,64733,115030,6,2012,111,41.5,"Magnolia Science Academy 3",90746
"9127",19,64733,115030,7,2012,31,43.5,"Magnolia Science Academy 3",90746
"9128",19,64733,115030,7,2012,111,60.3684210526316,"Magnolia Science Academy 3",90746
"9129",19,64733,115030,8,2012,31,60.75,"Magnolia Science Academy 3",90746
"9130",19,64733,115030,8,2012,111,31.75,"Magnolia Science Academy 3",90746
"9131",19,64733,115030,9,2012,31,42.3333333333333,"Magnolia Science Academy 3",90746
"9132",19,64733,115030,9,2012,111,38.6666666666667,"Magnolia Science Academy 3",90746
"9133",19,64733,117044,6,2012,31,40.020618556701,"Roy Romer Middle",91606
"9134",19,64733,117044,7,2012,31,46.3452544704264,"Roy Romer Middle",91606
"9135",19,64733,117044,8,2012,31,44.0950956937799,"Roy Romer Middle",91606
"9136",19,64733,117069,9,2012,31,16.2863585118377,"Helen Bernstein High",90028
"9137",19,64733,117069,9,2012,111,18.3333333333333,"Helen Bernstein High",90028
"9138",19,64733,117069,10,2012,31,14.1743951612903,"Helen Bernstein High",90028
"9139",19,64733,117069,10,2012,111,17.9178082191781,"Helen Bernstein High",90028
"9140",19,64733,117069,11,2012,31,18.6729857819905,"Helen Bernstein High",90028
"9141",19,64733,117069,11,2012,111,23.096,"Helen Bernstein High",90028
"9142",19,64733,117614,6,2012,31,36.5,"New Los Angeles Charter",90016
"9143",19,64733,117614,6,2012,111,55.0588235294118,"New Los Angeles Charter",90016
"9144",19,64733,117614,7,2012,31,41.5668789808917,"New Los Angeles Charter",90016
"9145",19,64733,117614,7,2012,111,59.5,"New Los Angeles Charter",90016
"9146",19,64733,117614,8,2012,31,34.4864864864865,"New Los Angeles Charter",90016
"9147",19,64733,117614,8,2012,111,56.0816326530612,"New Los Angeles Charter",90016
"9148",19,64733,117622,6,2012,31,34.5,"Magnolia Science Academy 4",90064
"9149",19,64733,117622,7,2012,31,38.5,"Magnolia Science Academy 4",90064
"9150",19,64733,117622,8,2012,31,58.5,"Magnolia Science Academy 4",90064
"9151",19,64733,117622,9,2012,31,45.1666666666667,"Magnolia Science Academy 4",90064
"9152",19,64733,117622,9,2012,111,76.5,"Magnolia Science Academy 4",90064
"9153",19,64733,117846,6,2012,31,53.5,"Para Los Ninos Middle",90021
"9154",19,64733,117903,2,2012,31,94.5,"KIPP Raices Academy",90022
"9155",19,64733,117903,2,2012,111,96,"KIPP Raices Academy",90022
"9156",19,64733,117903,3,2012,31,92.9608938547486,"KIPP Raices Academy",90022
"9157",19,64733,117978,2,2012,31,66.5,"Goethe International Charter",90066
"9158",19,64733,117978,2,2012,111,83,"Goethe International Charter",90066
"9159",19,64733,117978,3,2012,111,80,"Goethe International Charter",90066
"9160",19,64733,117978,4,2012,111,86,"Goethe International Charter",90066
"9161",19,64733,117978,5,2012,111,91,"Goethe International Charter",90066
"9162",19,64733,119701,6,2012,31,26,"Sal Castro Middle",90026
"9163",19,64733,119701,7,2012,31,40.7928802588997,"Sal Castro Middle",90026
"9164",19,64733,119701,8,2012,31,36.2346570397112,"Sal Castro Middle",90026
"9165",19,64733,119735,6,2012,31,27.9498956158664,"Young Oak Kim Academy",90005
"9166",19,64733,119735,7,2012,31,29.4487804878049,"Young Oak Kim Academy",90005
"9167",19,64733,119735,8,2012,31,38.0298913043478,"Young Oak Kim Academy",90005
"9168",19,64733,120097,2,2012,31,53,"Academia Moderna",90255
"9169",19,64733,120097,3,2012,31,50,"Academia Moderna",90255
"9170",19,64733,120097,4,2012,31,64.5,"Academia Moderna",90255
"9171",19,64733,120097,5,2012,31,64,"Academia Moderna",90255
"9172",19,64733,121079,2,2012,31,77.5,"Ararat Charter",91401
"9173",19,64733,121079,3,2012,31,65,"Ararat Charter",91401
"9174",19,64733,121079,4,2012,31,70.5,"Ararat Charter",91401
"9175",19,64733,121848,5,2012,31,66.6666666666667,"Crown Preparatory Academy",90018
"9176",19,64733,121848,6,2012,31,43.5,"Crown Preparatory Academy",90018
"9177",19,64733,122119,2,2012,31,37,"Estrella Elementary",90011
"9178",19,64733,122119,3,2012,31,33.5527950310559,"Estrella Elementary",90011
"9179",19,64733,122119,4,2012,31,56.5,"Estrella Elementary",90011
"9180",19,64733,122119,5,2012,31,56.3208556149733,"Estrella Elementary",90011
"9181",19,64733,122127,2,2012,31,46.5,"Quincy Jones Elementary",90011
"9182",19,64733,122127,3,2012,31,54.5,"Quincy Jones Elementary",90011
"9183",19,64733,122127,4,2012,31,35.9662921348315,"Quincy Jones Elementary",90011
"9184",19,64733,122127,5,2012,31,23.7175572519084,"Quincy Jones Elementary",90011
"9185",19,64733,122143,2,2012,31,37.5,"Dr. Owen Lloyd Knox Elementary",90003
"9186",19,64733,122143,3,2012,31,49,"Dr. Owen Lloyd Knox Elementary",90003
"9187",19,64733,122143,4,2012,31,50,"Dr. Owen Lloyd Knox Elementary",90003
"9188",19,64733,122143,5,2012,31,40.9615384615385,"Dr. Owen Lloyd Knox Elementary",90003
"9189",19,64733,122143,6,2012,31,28.5,"Dr. Owen Lloyd Knox Elementary",90003
"9190",19,64733,122168,2,2012,31,37,"Jaime Escalante Elementary",90201
"9191",19,64733,122168,2,2012,111,34.5,"Jaime Escalante Elementary",90201
"9192",19,64733,122168,3,2012,31,27.5,"Jaime Escalante Elementary",90201
"9193",19,64733,122168,3,2012,111,34.5,"Jaime Escalante Elementary",90201
"9194",19,64733,122168,4,2012,31,57,"Jaime Escalante Elementary",90201
"9195",19,64733,122168,4,2012,111,31.5,"Jaime Escalante Elementary",90201
"9196",19,64733,122168,5,2012,31,48,"Jaime Escalante Elementary",90201
"9197",19,64733,122168,5,2012,111,51.3333333333333,"Jaime Escalante Elementary",90201
"9198",19,64733,122168,6,2012,31,50,"Jaime Escalante Elementary",90201
"9199",19,64733,122168,6,2012,111,52.5,"Jaime Escalante Elementary",90201
"9200",19,64733,122184,2,2012,31,31.5,"Alta California Elementary",91402
"9201",19,64733,122184,3,2012,31,40.5,"Alta California Elementary",91402
"9202",19,64733,122184,4,2012,31,40.4736842105263,"Alta California Elementary",91402
"9203",19,64733,122184,5,2012,31,29.845,"Alta California Elementary",91402
"9204",19,64733,122192,2,2012,31,53,"Julie Korenstein Elementary",91605
"9205",19,64733,122192,3,2012,31,48,"Julie Korenstein Elementary",91605
"9206",19,64733,122192,4,2012,31,51,"Julie Korenstein Elementary",91605
"9207",19,64733,122192,5,2012,31,56.6666666666667,"Julie Korenstein Elementary",91605
"9208",19,64733,122226,2,2012,31,31.5,"Stanley Mosk Elementary",91306
"9209",19,64733,122226,3,2012,31,47.4123711340206,"Stanley Mosk Elementary",91306
"9210",19,64733,122226,4,2012,31,58.5,"Stanley Mosk Elementary",91306
"9211",19,64733,122226,5,2012,31,47.9243243243243,"Stanley Mosk Elementary",91306
"9212",19,64733,122234,2,2012,31,27.5,"Carlos Santana Arts Academy",91343
"9213",19,64733,122234,3,2012,31,37.5,"Carlos Santana Arts Academy",91343
"9214",19,64733,122234,4,2012,31,36.0845070422535,"Carlos Santana Arts Academy",91343
"9215",19,64733,122234,5,2012,31,22.9916317991632,"Carlos Santana Arts Academy",91343
"9216",19,64733,122390,6,2012,31,36,"Orchard Academies 2B",90201
"9217",19,64733,122390,7,2012,31,23.3151750972763,"Orchard Academies 2B",90201
"9218",19,64733,122390,7,2012,111,20.7241379310345,"Orchard Academies 2B",90201
"9219",19,64733,122390,8,2012,31,21.926116838488,"Orchard Academies 2B",90201
"9220",19,64733,122408,6,2012,31,25.9800995024876,"Orchard Academies 2C",90201
"9221",19,64733,122408,7,2012,31,36.9357142857143,"Orchard Academies 2C",90201
"9222",19,64733,122408,8,2012,31,18.8754208754209,"Orchard Academies 2C",90201
"9223",19,64733,122739,6,2012,31,46.0187265917603,"Vista Charter Middle",90026
"9224",19,64733,122739,7,2012,31,38,"Vista Charter Middle",90026
"9225",19,64733,122739,8,2012,31,21.1442953020134,"Vista Charter Middle",90026
"9226",19,64733,122747,6,2012,31,29,"Magnolia Science Academy Bell",90201
"9227",19,64733,122747,7,2012,31,38,"Magnolia Science Academy Bell",90201
"9228",19,64733,122747,8,2012,31,37.7740458015267,"Magnolia Science Academy Bell",90201
"9229",19,64733,122754,2,2012,111,78,"Valley Charter Elementary",91343
"9230",19,64733,122754,3,2012,31,50,"Valley Charter Elementary",91343
"9231",19,64733,122754,3,2012,111,89,"Valley Charter Elementary",91343
"9232",19,64733,124529,6,2012,31,25,"Rancho Dominguez Preparatory",90810
"9233",19,64733,124529,7,2012,31,38.5346534653465,"Rancho Dominguez Preparatory",90810
"9234",19,64733,124529,7,2012,111,45.4571428571429,"Rancho Dominguez Preparatory",90810
"9235",19,64733,124529,8,2012,31,33.8080229226361,"Rancho Dominguez Preparatory",90810
"9236",19,64733,124529,8,2012,111,46.0476190476191,"Rancho Dominguez Preparatory",90810
"9237",19,64733,124529,9,2012,31,26.2311062431544,"Rancho Dominguez Preparatory",90810
"9238",19,64733,124529,9,2012,111,27.4632034632035,"Rancho Dominguez Preparatory",90810
"9239",19,64733,124529,10,2012,31,22.1974025974026,"Rancho Dominguez Preparatory",90810
"9240",19,64733,124529,10,2012,111,16.4234693877551,"Rancho Dominguez Preparatory",90810
"9241",19,64733,124529,11,2012,31,30.893536121673,"Rancho Dominguez Preparatory",90810
"9242",19,64733,124529,11,2012,111,34.219512195122,"Rancho Dominguez Preparatory",90810
"9243",19,64733,1930387,9,2012,31,0.768595041322314,"Central High",90021
"9244",19,64733,1930387,9,2012,111,0,"Central High",90021
"9245",19,64733,1930387,10,2012,31,1.9766081871345,"Central High",90021
"9246",19,64733,1930387,10,2012,111,0,"Central High",90021
"9247",19,64733,1930387,11,2012,31,6.55905511811024,"Central High",90021
"9248",19,64733,1930387,11,2012,111,7,"Central High",90021
"9249",19,64733,1930403,10,2012,31,19,"Whitney Young Continuation",90043
"9250",19,64733,1930403,11,2012,31,9,"Whitney Young Continuation",90043
"9251",19,64733,1930486,9,2012,31,16.5,"Moneta Continuation",90248
"9252",19,64733,1930486,10,2012,31,31.5,"Moneta Continuation",90248
"9253",19,64733,1930486,11,2012,31,13.5,"Moneta Continuation",90248
"9254",19,64733,1930551,10,2012,31,5,"San Antonio Continuation",90255
"9255",19,64733,1930551,11,2012,31,5.38028169014085,"San Antonio Continuation",90255
"9256",19,64733,1930650,9,2012,31,24.5311720698254,"Phineas Banning Senior High",90744
"9257",19,64733,1930650,9,2012,111,27.98606271777,"Phineas Banning Senior High",90744
"9258",19,64733,1930650,10,2012,31,26.4908357771261,"Phineas Banning Senior High",90744
"9259",19,64733,1930650,10,2012,111,36.4719101123596,"Phineas Banning Senior High",90744
"9260",19,64733,1930650,11,2012,31,35.5854139290407,"Phineas Banning Senior High",90744
"9261",19,64733,1930650,11,2012,111,35.89453125,"Phineas Banning Senior High",90744
"9262",19,64733,1930783,10,2012,31,18.24,"Phoenix Continuation",90066
"9263",19,64733,1930783,11,2012,31,4.5,"Phoenix Continuation",90066
"9264",19,64733,1930866,9,2012,31,27.7575980392157,"Bell Senior High",90201
"9265",19,64733,1930866,10,2012,31,30.2676464500103,"Bell Senior High",90201
"9266",19,64733,1930866,11,2012,31,31.4903353057199,"Bell Senior High",90201
"9267",19,64733,1930924,9,2012,31,26.1831683168317,"Belmont Senior High",90026
"9268",19,64733,1930924,10,2012,31,22.9948792977323,"Belmont Senior High",90026
"9269",19,64733,1930924,11,2012,31,19.3090128755365,"Belmont Senior High",90026
"9270",19,64733,1930940,9,2012,31,14,"John R. Wooden High",91335
"9271",19,64733,1930940,10,2012,31,20,"John R. Wooden High",91335
"9272",19,64733,1930940,11,2012,31,15,"John R. Wooden High",91335
"9273",19,64733,1931336,9,2012,31,5.66666666666667,"Cheviot Hills Continuation",90034
"9274",19,64733,1931336,10,2012,31,14.2285714285714,"Cheviot Hills Continuation",90034
"9275",19,64733,1931336,11,2012,31,6.5,"Cheviot Hills Continuation",90034
"9276",19,64733,1931393,9,2012,31,15,"Highland Park Continuation",90042
"9277",19,64733,1931393,10,2012,31,15,"Highland Park Continuation",90042
"9278",19,64733,1931468,9,2012,31,7,"Metropolitan Continuation",90021
"9279",19,64733,1931468,10,2012,31,26.5,"Metropolitan Continuation",90021
"9280",19,64733,1931468,11,2012,31,25.0327868852459,"Metropolitan Continuation",90021
"9281",19,64733,1931476,9,2012,31,26.4958801498127,"Canoga Park Senior High",91303
"9282",19,64733,1931476,9,2012,111,23,"Canoga Park Senior High",91303
"9283",19,64733,1931476,10,2012,31,28.8939307997731,"Canoga Park Senior High",91303
"9284",19,64733,1931476,10,2012,111,45.7730496453901,"Canoga Park Senior High",91303
"9285",19,64733,1931476,11,2012,31,31.4823747680891,"Canoga Park Senior High",91303
"9286",19,64733,1931476,11,2012,111,49.832,"Canoga Park Senior High",91303
"9287",19,64733,1931484,10,2012,31,6.5,"Mission Continuation",91340
"9288",19,64733,1931484,11,2012,31,6.5,"Mission Continuation",91340
"9289",19,64733,1931526,9,2012,31,23.530519110097,"Carson Senior High",90745
"9290",19,64733,1931526,9,2012,111,30.6032338308458,"Carson Senior High",90745
"9291",19,64733,1931526,10,2012,31,27.7559558396281,"Carson Senior High",90745
"9292",19,64733,1931526,10,2012,111,32.8381256656017,"Carson Senior High",90745
"9293",19,64733,1931526,11,2012,31,28.9454390451833,"Carson Senior High",90745
"9294",19,64733,1931526,11,2012,111,29.6185737976783,"Carson Senior High",90745
"9295",19,64733,1931559,10,2012,31,8,"Stoney Point Continuation",91311
"9296",19,64733,1931559,11,2012,31,6.51948051948052,"Stoney Point Continuation",91311
"9297",19,64733,1931690,9,2012,31,7,"Independence Continuation",91406
"9298",19,64733,1931690,10,2012,31,8,"Independence Continuation",91406
"9299",19,64733,1931690,10,2012,111,16.5,"Independence Continuation",91406
"9300",19,64733,1931856,10,2012,31,14,"Whitman Continuation",90036
"9301",19,64733,1931856,11,2012,31,26.5,"Whitman Continuation",90036
"9302",19,64733,1931989,10,2012,31,15.5,"Monterey Continuation",90022
"9303",19,64733,1931989,11,2012,31,35,"Monterey Continuation",90022
"9304",19,64733,1931997,9,2012,31,4,"Odyssey Continuation",90280
"9305",19,64733,1931997,10,2012,31,1.6969696969697,"Odyssey Continuation",90280
"9306",19,64733,1931997,11,2012,31,7.42682926829268,"Odyssey Continuation",90280
"9307",19,64733,1932342,9,2012,31,0,"Evergreen Continuation",91342
"9308",19,64733,1932342,10,2012,31,2.5,"Evergreen Continuation",91342
"9309",19,64733,1932342,11,2012,31,2.5,"Evergreen Continuation",91342
"9310",19,64733,1932391,10,2012,31,13.4333333333333,"West Hollywood Opportunity",90046
"9311",19,64733,1932391,10,2012,111,9,"West Hollywood Opportunity",90046
"9312",19,64733,1932391,11,2012,31,45.5,"West Hollywood Opportunity",90046
"9313",19,64733,1932540,7,2012,31,53.8870967741936,"Eagle Rock High",90041
"9314",19,64733,1932540,7,2012,111,69.7314049586777,"Eagle Rock High",90041
"9315",19,64733,1932540,8,2012,31,51.8905191873589,"Eagle Rock High",90041
"9316",19,64733,1932540,8,2012,111,66.1554054054054,"Eagle Rock High",90041
"9317",19,64733,1932540,9,2012,31,36.5825346112886,"Eagle Rock High",90041
"9318",19,64733,1932540,9,2012,111,61.5066964285714,"Eagle Rock High",90041
"9319",19,64733,1932540,10,2012,31,32.4665438919583,"Eagle Rock High",90041
"9320",19,64733,1932540,10,2012,111,46.3178519593614,"Eagle Rock High",90041
"9321",19,64733,1932540,11,2012,31,38.1560283687943,"Eagle Rock High",90041
"9322",19,64733,1932540,11,2012,111,52.9891598915989,"Eagle Rock High",90041
"9323",19,64733,1932623,9,2012,31,60.7977528089888,"El Camino Real Charter High",91367
"9324",19,64733,1932623,9,2012,111,69.7850215517241,"El Camino Real Charter High",91367
"9325",19,64733,1932623,10,2012,31,51.966577540107,"El Camino Real Charter High",91367
"9326",19,64733,1932623,10,2012,111,68.314850223072,"El Camino Real Charter High",91367
"9327",19,64733,1932623,11,2012,31,48.7411764705882,"El Camino Real Charter High",91367
"9328",19,64733,1932623,11,2012,111,56.9706005879882,"El Camino Real Charter High",91367
"9329",19,64733,1932821,9,2012,31,0,"Boyle Heights Continuation",90033
"9330",19,64733,1932821,10,2012,31,0,"Boyle Heights Continuation",90033
"9331",19,64733,1932821,11,2012,31,6,"Boyle Heights Continuation",90033
"9332",19,64733,1932888,9,2012,31,50.6177685950413,"Downtown Business High",90012
"9333",19,64733,1932888,9,2012,111,68.2631578947368,"Downtown Business High",90012
"9334",19,64733,1932888,10,2012,31,52.0964066608238,"Downtown Business High",90012
"9335",19,64733,1932888,10,2012,111,56.6716417910448,"Downtown Business High",90012
"9336",19,64733,1932888,11,2012,31,59.974182444062,"Downtown Business High",90012
"9337",19,64733,1932888,11,2012,111,59.1621621621622,"Downtown Business High",90012
"9338",19,64733,1932896,2,2012,31,66,"Arroyo Seco Museum Science",90042
"9339",19,64733,1932896,2,2012,111,92,"Arroyo Seco Museum Science",90042
"9340",19,64733,1932896,3,2012,31,70,"Arroyo Seco Museum Science",90042
"9341",19,64733,1932896,4,2012,31,79,"Arroyo Seco Museum Science",90042
"9342",19,64733,1932896,5,2012,31,66,"Arroyo Seco Museum Science",90042
"9343",19,64733,1932896,5,2012,111,75.6666666666667,"Arroyo Seco Museum Science",90042
"9344",19,64733,1932896,6,2012,31,66,"Arroyo Seco Museum Science",90042
"9345",19,64733,1932896,7,2012,31,65,"Arroyo Seco Museum Science",90042
"9346",19,64733,1932896,8,2012,31,62,"Arroyo Seco Museum Science",90042
"9347",19,64733,1932896,8,2012,111,81.25,"Arroyo Seco Museum Science",90042
"9348",19,64733,1932920,9,2012,31,33.4413265306122,"Fairfax Senior High",90046
"9349",19,64733,1932920,9,2012,111,38.5024630541872,"Fairfax Senior High",90046
"9350",19,64733,1932920,10,2012,31,38.0056242969629,"Fairfax Senior High",90046
"9351",19,64733,1932920,10,2012,111,47.9050632911392,"Fairfax Senior High",90046
"9352",19,64733,1932920,11,2012,31,39.4826048171276,"Fairfax Senior High",90046
"9353",19,64733,1932920,11,2012,111,47.6459143968872,"Fairfax Senior High",90046
"9354",19,64733,1932987,9,2012,31,35.4057450628366,"John H. Francis Polytechnic",91352
"9355",19,64733,1932987,9,2012,111,25.16,"John H. Francis Polytechnic",91352
"9356",19,64733,1932987,10,2012,31,46.7462406015038,"John H. Francis Polytechnic",91352
"9357",19,64733,1932987,10,2012,111,63.3,"John H. Francis Polytechnic",91352
"9358",19,64733,1932987,11,2012,31,31.6703614457831,"John H. Francis Polytechnic",91352
"9359",19,64733,1932987,11,2012,111,31.3734939759036,"John H. Francis Polytechnic",91352
"9360",19,64733,1933001,9,2012,31,45.9037520391517,"King/Drew Medical Magnet High",90059
"9361",19,64733,1933001,9,2012,111,51.4917127071823,"King/Drew Medical Magnet High",90059
"9362",19,64733,1933001,10,2012,31,39.00794070937,"King/Drew Medical Magnet High",90059
"9363",19,64733,1933001,10,2012,111,34.8504983388704,"King/Drew Medical Magnet High",90059
"9364",19,64733,1933001,11,2012,31,42.0656517602284,"King/Drew Medical Magnet High",90059
"9365",19,64733,1933001,11,2012,111,40.285,"King/Drew Medical Magnet High",90059
"9366",19,64733,1933043,9,2012,31,27.561286407767,"Benjamin Franklin Senior High",90042
"9367",19,64733,1933043,9,2012,111,41.6470588235294,"Benjamin Franklin Senior High",90042
"9368",19,64733,1933043,10,2012,31,32.7912751677852,"Benjamin Franklin Senior High",90042
"9369",19,64733,1933043,10,2012,111,43.5419847328244,"Benjamin Franklin Senior High",90042
"9370",19,64733,1933043,11,2012,31,40.4066599394551,"Benjamin Franklin Senior High",90042
"9371",19,64733,1933043,11,2012,111,38.1587301587302,"Benjamin Franklin Senior High",90042
"9372",19,64733,1933118,9,2012,31,11.8573889080262,"John C. Fremont Senior High",90003
"9373",19,64733,1933118,10,2012,31,14.6927407407407,"John C. Fremont Senior High",90003
"9374",19,64733,1933118,11,2012,31,19.4420660772452,"John C. Fremont Senior High",90003
"9375",19,64733,1933241,9,2012,31,14.7131214343928,"Gardena Senior High",90248
"9376",19,64733,1933241,9,2012,111,23.8877887788779,"Gardena Senior High",90248
"9377",19,64733,1933241,10,2012,31,20.2449704142012,"Gardena Senior High",90248
"9378",19,64733,1933241,10,2012,111,16.07421875,"Gardena Senior High",90248
"9379",19,64733,1933241,11,2012,31,22.0461538461538,"Gardena Senior High",90248
"9380",19,64733,1933241,11,2012,111,18.3716216216216,"Gardena Senior High",90248
"9381",19,64733,1933381,9,2012,31,32.1369230769231,"James A. Garfield Senior High",90022
"9382",19,64733,1933381,9,2012,111,34.4193548387097,"James A. Garfield Senior High",90022
"9383",19,64733,1933381,10,2012,31,28.6505608283003,"James A. Garfield Senior High",90022
"9384",19,64733,1933381,10,2012,111,37.2842105263158,"James A. Garfield Senior High",90022
"9385",19,64733,1933381,11,2012,31,30.178442496132,"James A. Garfield Senior High",90022
"9386",19,64733,1933381,11,2012,111,42.4931506849315,"James A. Garfield Senior High",90022
"9387",19,64733,1933795,9,2012,31,21.4977930358019,"Ulysses S. Grant Senior High",91401
"9388",19,64733,1933795,9,2012,111,30.3084415584416,"Ulysses S. Grant Senior High",91401
"9389",19,64733,1933795,10,2012,31,35.8999534667287,"Ulysses S. Grant Senior High",91401
"9390",19,64733,1933795,10,2012,111,39.1078431372549,"Ulysses S. Grant Senior High",91401
"9391",19,64733,1933795,11,2012,31,34.1049475262369,"Ulysses S. Grant Senior High",91401
"9392",19,64733,1933795,11,2012,111,43.7292307692308,"Ulysses S. Grant Senior High",91401
"9393",19,64733,1934033,9,2012,31,39.4735785953177,"Hollywood Senior High",90028
"9394",19,64733,1934033,9,2012,111,42.5487804878049,"Hollywood Senior High",90028
"9395",19,64733,1934033,10,2012,31,41.928253968254,"Hollywood Senior High",90028
"9396",19,64733,1934033,10,2012,111,43.7028112449799,"Hollywood Senior High",90028
"9397",19,64733,1934033,11,2012,31,44.6481481481481,"Hollywood Senior High",90028
"9398",19,64733,1934033,11,2012,111,38.1538461538462,"Hollywood Senior High",90028
"9399",19,64733,1934157,9,2012,31,19.1157817109145,"Huntington Park Senior High",90255
"9400",19,64733,1934157,10,2012,31,26.0765476496275,"Huntington Park Senior High",90255
"9401",19,64733,1934157,11,2012,31,18.5178947368421,"Huntington Park Senior High",90255
"9402",19,64733,1934371,9,2012,31,11.0044247787611,"Thomas Jefferson Senior High",90011
"9403",19,64733,1934371,9,2012,111,5.51063829787234,"Thomas Jefferson Senior High",90011
"9404",19,64733,1934371,10,2012,31,14.451072386059,"Thomas Jefferson Senior High",90011
"9405",19,64733,1934371,10,2012,111,7.74683544303798,"Thomas Jefferson Senior High",90011
"9406",19,64733,1934371,11,2012,31,13.1368136813681,"Thomas Jefferson Senior High",90011
"9407",19,64733,1934371,11,2012,111,21.0606060606061,"Thomas Jefferson Senior High",90011
"9408",19,64733,1935121,9,2012,31,27.3297297297297,"Abraham Lincoln Senior High",90031
"9409",19,64733,1935121,10,2012,31,30.6492048643592,"Abraham Lincoln Senior High",90031
"9410",19,64733,1935121,11,2012,31,32.3829787234043,"Abraham Lincoln Senior High",90031
"9411",19,64733,1935352,9,2012,31,20.7690322580645,"Los Angeles Senior High",90019
"9412",19,64733,1935352,9,2012,111,25.1376146788991,"Los Angeles Senior High",90019
"9413",19,64733,1935352,10,2012,31,26.5271122320303,"Los Angeles Senior High",90019
"9414",19,64733,1935352,10,2012,111,22.2605363984674,"Los Angeles Senior High",90019
"9415",19,64733,1935352,11,2012,31,21.1895223420647,"Los Angeles Senior High",90019
"9416",19,64733,1935352,11,2012,111,23.8181818181818,"Los Angeles Senior High",90019
"9417",19,64733,1935519,9,2012,31,13.6841887417219,"Manual Arts Senior High",90037
"9418",19,64733,1935519,9,2012,111,4.90476190476191,"Manual Arts Senior High",90037
"9419",19,64733,1935519,10,2012,31,16.8750416527824,"Manual Arts Senior High",90037
"9420",19,64733,1935519,10,2012,111,26.0632911392405,"Manual Arts Senior High",90037
"9421",19,64733,1935519,11,2012,31,15.2889221556886,"Manual Arts Senior High",90037
"9422",19,64733,1935519,11,2012,111,13.0434782608696,"Manual Arts Senior High",90037
"9423",19,64733,1935568,9,2012,31,39.6443604964922,"John Marshall Senior High",90027
"9424",19,64733,1935568,9,2012,111,57.1172161172161,"John Marshall Senior High",90027
"9425",19,64733,1935568,10,2012,31,37.4023870417732,"John Marshall Senior High",90027
"9426",19,64733,1935568,10,2012,111,42.6559139784946,"John Marshall Senior High",90027
"9427",19,64733,1935568,11,2012,31,37.8228369629194,"John Marshall Senior High",90027
"9428",19,64733,1935568,11,2012,111,47.2299065420561,"John Marshall Senior High",90027
"9429",19,64733,1935865,9,2012,31,24.2394596807204,"James Monroe High",91343
"9430",19,64733,1935865,10,2012,31,35.4615384615385,"James Monroe High",91343
"9431",19,64733,1935865,11,2012,31,29.1598551474392,"James Monroe High",91343
"9432",19,64733,1936350,9,2012,31,35.473275862069,"North Hollywood Senior High",91601
"9433",19,64733,1936350,9,2012,111,74.8285714285714,"North Hollywood Senior High",91601
"9434",19,64733,1936350,10,2012,31,36.7631896898913,"North Hollywood Senior High",91601
"9435",19,64733,1936350,10,2012,111,69.7654155495979,"North Hollywood Senior High",91601
"9436",19,64733,1936350,11,2012,31,39.4746040415074,"North Hollywood Senior High",91601
"9437",19,64733,1936350,11,2012,111,71.3501259445844,"North Hollywood Senior High",91601
"9438",19,64733,1937085,8,2012,31,6.22916666666667,"Ramona Opportunity High",90063
"9439",19,64733,1937085,9,2012,31,5.61643835616438,"Ramona Opportunity High",90063
"9440",19,64733,1937085,10,2012,31,3.04477611940298,"Ramona Opportunity High",90063
"9441",19,64733,1937085,11,2012,31,2.5,"Ramona Opportunity High",90063
"9442",19,64733,1937622,9,2012,31,26.5895439377086,"San Fernando Senior High",91340
"9443",19,64733,1937622,10,2012,31,23.5856910569106,"San Fernando Senior High",91340
"9444",19,64733,1937622,11,2012,31,25.0221719457014,"San Fernando Senior High",91340
"9445",19,64733,1937838,9,2012,31,26.6921866806502,"San Pedro Senior High",90731
"9446",19,64733,1937838,9,2012,111,39.3178621659634,"San Pedro Senior High",90731
"9447",19,64733,1937838,10,2012,31,29.9006342494715,"San Pedro Senior High",90731
"9448",19,64733,1937838,10,2012,111,45.512077294686,"San Pedro Senior High",90731
"9449",19,64733,1937838,11,2012,31,28.6131202691337,"San Pedro Senior High",90731
"9450",19,64733,1937838,11,2012,111,37.4477401129944,"San Pedro Senior High",90731
"9451",19,64733,1938307,9,2012,31,26.9661240651122,"South Gate Senior High",90280
"9452",19,64733,1938307,9,2012,111,26.7746478873239,"South Gate Senior High",90280
"9453",19,64733,1938307,10,2012,31,29.0471782621678,"South Gate Senior High",90280
"9454",19,64733,1938307,10,2012,111,17.941309255079,"South Gate Senior High",90280
"9455",19,64733,1938307,11,2012,31,27.4264317180617,"South Gate Senior High",90280
"9456",19,64733,1938307,11,2012,111,22.5767045454545,"South Gate Senior High",90280
"9457",19,64733,1938968,9,2012,31,34.1445039110745,"Van Nuys Senior High",91411
"9458",19,64733,1938968,9,2012,111,66.2291666666667,"Van Nuys Senior High",91411
"9459",19,64733,1938968,10,2012,31,43.6709677419355,"Van Nuys Senior High",91411
"9460",19,64733,1938968,10,2012,111,71.2956204379562,"Van Nuys Senior High",91411
"9461",19,64733,1938968,11,2012,31,44.0301163586585,"Van Nuys Senior High",91411
"9462",19,64733,1938968,11,2012,111,78.159891598916,"Van Nuys Senior High",91411
"9463",19,64733,1939040,9,2012,31,29.5640686922061,"Venice Senior High",90066
"9464",19,64733,1939040,9,2012,111,47.3429602888087,"Venice Senior High",90066
"9465",19,64733,1939040,10,2012,31,33.3530612244898,"Venice Senior High",90066
"9466",19,64733,1939040,10,2012,111,59.9465648854962,"Venice Senior High",90066
"9467",19,64733,1939040,11,2012,31,32.3281045751634,"Venice Senior High",90066
"9468",19,64733,1939040,11,2012,111,52.6088794926004,"Venice Senior High",90066
"9469",19,64733,1939107,9,2012,31,33.8441025641026,"Verdugo Hills Senior High",91042
"9470",19,64733,1939107,9,2012,111,48.6541554959786,"Verdugo Hills Senior High",91042
"9471",19,64733,1939107,10,2012,31,35.6360837438424,"Verdugo Hills Senior High",91042
"9472",19,64733,1939107,10,2012,111,40.3947858472998,"Verdugo Hills Senior High",91042
"9473",19,64733,1939107,11,2012,31,39.6274298056155,"Verdugo Hills Senior High",91042
"9474",19,64733,1939107,11,2012,111,52.9477911646586,"Verdugo Hills Senior High",91042
"9475",19,64733,1939479,9,2012,31,24.3849557522124,"WESM Health/Sports Medicine",90045
"9476",19,64733,1939479,9,2012,111,35.0045977011494,"WESM Health/Sports Medicine",90045
"9477",19,64733,1939479,10,2012,31,25.2242990654206,"WESM Health/Sports Medicine",90045
"9478",19,64733,1939479,10,2012,111,33.9980198019802,"WESM Health/Sports Medicine",90045
"9479",19,64733,1939479,11,2012,31,27.578125,"WESM Health/Sports Medicine",90045
"9480",19,64733,1939479,11,2012,111,34.7690875232775,"WESM Health/Sports Medicine",90045
"9481",19,64733,1939859,9,2012,31,23.171832884097,"Woodrow Wilson Senior High",90032
"9482",19,64733,1939859,9,2012,111,28.7669172932331,"Woodrow Wilson Senior High",90032
"9483",19,64733,1939859,10,2012,31,19.3289738430583,"Woodrow Wilson Senior High",90032
"9484",19,64733,1939859,10,2012,111,23.8729281767956,"Woodrow Wilson Senior High",90032
"9485",19,64733,1939859,11,2012,31,22.6255006675567,"Woodrow Wilson Senior High",90032
"9486",19,64733,1939859,11,2012,111,28.75,"Woodrow Wilson Senior High",90032
"9487",19,64733,1939941,9,2012,31,29.8233749179251,"John F. Kennedy High",91344
"9488",19,64733,1939941,9,2012,111,33.0602409638554,"John F. Kennedy High",91344
"9489",19,64733,1939941,10,2012,31,37.6522988505747,"John F. Kennedy High",91344
"9490",19,64733,1939941,10,2012,111,41.905750798722,"John F. Kennedy High",91344
"9491",19,64733,1939941,11,2012,31,32.9699398797595,"John F. Kennedy High",91344
"9492",19,64733,1939941,11,2012,111,39.6033834586466,"John F. Kennedy High",91344
"9493",19,64733,1996073,9,2012,31,2.25373134328358,"Tri-C Community Day",90021
"9494",19,64733,1996073,9,2012,111,20,"Tri-C Community Day",90021
"9495",19,64733,1996073,10,2012,31,3.53097345132743,"Tri-C Community Day",90021
"9496",19,64733,1996073,11,2012,31,0,"Tri-C Community Day",90021
"9497",19,64733,6015705,2,2012,31,75,"Albion Street Elementary",90031
"9498",19,64733,6015705,3,2012,31,56,"Albion Street Elementary",90031
"9499",19,64733,6015705,4,2012,31,68.5,"Albion Street Elementary",90031
"9500",19,64733,6015705,5,2012,31,57.3333333333333,"Albion Street Elementary",90031
"9501",19,64733,6015705,6,2012,31,47.5,"Albion Street Elementary",90031
"9502",19,64733,6015713,2,2012,31,46,"Aldama Elementary",90042
"9503",19,64733,6015713,2,2012,111,67,"Aldama Elementary",90042
"9504",19,64733,6015713,3,2012,31,42,"Aldama Elementary",90042
"9505",19,64733,6015713,4,2012,31,55.510067114094,"Aldama Elementary",90042
"9506",19,64733,6015713,5,2012,31,56.1201716738197,"Aldama Elementary",90042
"9507",19,64733,6015713,6,2012,31,31.9508196721311,"Aldama Elementary",90042
"9508",19,64733,6015721,2,2012,31,32.5,"Alexandria Avenue Elementary",90004
"9509",19,64733,6015721,3,2012,31,40.5,"Alexandria Avenue Elementary",90004
"9510",19,64733,6015721,4,2012,31,48,"Alexandria Avenue Elementary",90004
"9511",19,64733,6015721,5,2012,31,39,"Alexandria Avenue Elementary",90004
"9512",19,64733,6015739,2,2012,31,54,"Allesandro Elementary",90039
"9513",19,64733,6015739,2,2012,111,83,"Allesandro Elementary",90039
"9514",19,64733,6015739,3,2012,31,64,"Allesandro Elementary",90039
"9515",19,64733,6015739,4,2012,31,63.4959349593496,"Allesandro Elementary",90039
"9516",19,64733,6015739,4,2012,111,69.1724137931034,"Allesandro Elementary",90039
"9517",19,64733,6015739,5,2012,31,53.9704142011834,"Allesandro Elementary",90039
"9518",19,64733,6015739,6,2012,31,94.3428571428571,"Allesandro Elementary",90039
"9519",19,64733,6015747,2,2012,31,55.5,"Alta Loma Elementary",90019
"9520",19,64733,6015747,3,2012,31,58.0684931506849,"Alta Loma Elementary",90019
"9521",19,64733,6015747,4,2012,31,48,"Alta Loma Elementary",90019
"9522",19,64733,6015747,5,2012,31,60.0224719101124,"Alta Loma Elementary",90019
"9523",19,64733,6015754,2,2012,31,55,"Ambler Avenue Elementary",90746
"9524",19,64733,6015754,2,2012,111,81,"Ambler Avenue Elementary",90746
"9525",19,64733,6015754,3,2012,31,64.5,"Ambler Avenue Elementary",90746
"9526",19,64733,6015754,3,2012,111,73.5,"Ambler Avenue Elementary",90746
"9527",19,64733,6015754,4,2012,31,58.5,"Ambler Avenue Elementary",90746
"9528",19,64733,6015754,4,2012,111,58.5,"Ambler Avenue Elementary",90746
"9529",19,64733,6015754,5,2012,31,59.6842105263158,"Ambler Avenue Elementary",90746
"9530",19,64733,6015754,5,2012,111,73.6666666666667,"Ambler Avenue Elementary",90746
"9531",19,64733,6015762,2,2012,31,56.5,"Amestoy Elementary",90247
"9532",19,64733,6015762,2,2012,111,59.5,"Amestoy Elementary",90247
"9533",19,64733,6015762,3,2012,31,61,"Amestoy Elementary",90247
"9534",19,64733,6015762,3,2012,111,41.5,"Amestoy Elementary",90247
"9535",19,64733,6015762,4,2012,31,84.0200803212851,"Amestoy Elementary",90247
"9536",19,64733,6015762,4,2012,111,90,"Amestoy Elementary",90247
"9537",19,64733,6015762,5,2012,31,57.0413793103448,"Amestoy Elementary",90247
"9538",19,64733,6015762,5,2012,111,74.3333333333333,"Amestoy Elementary",90247
"9539",19,64733,6015770,2,2012,31,44,"Anatola Avenue Elementary",91406
"9540",19,64733,6015770,3,2012,31,53.8571428571429,"Anatola Avenue Elementary",91406
"9541",19,64733,6015770,5,2012,31,52.88125,"Anatola Avenue Elementary",91406
"9542",19,64733,6015796,2,2012,31,57.5,"Andasol Avenue Elementary",91325
"9543",19,64733,6015796,2,2012,111,68,"Andasol Avenue Elementary",91325
"9544",19,64733,6015796,3,2012,31,52.5,"Andasol Avenue Elementary",91325
"9545",19,64733,6015796,3,2012,111,54,"Andasol Avenue Elementary",91325
"9546",19,64733,6015796,4,2012,31,71.3939393939394,"Andasol Avenue Elementary",91325
"9547",19,64733,6015796,4,2012,111,77,"Andasol Avenue Elementary",91325
"9548",19,64733,6015796,5,2012,31,68.0744680851064,"Andasol Avenue Elementary",91325
"9549",19,64733,6015796,5,2012,111,93.746835443038,"Andasol Avenue Elementary",91325
"9550",19,64733,6015804,2,2012,31,33.5,"Angeles Mesa Elementary",90043
"9551",19,64733,6015804,3,2012,31,37,"Angeles Mesa Elementary",90043
"9552",19,64733,6015804,4,2012,31,48.5037037037037,"Angeles Mesa Elementary",90043
"9553",19,64733,6015812,2,2012,31,47.5,"Ann Street Elementary",90012
"9554",19,64733,6015812,3,2012,31,61.5,"Ann Street Elementary",90012
"9555",19,64733,6015812,4,2012,31,50,"Ann Street Elementary",90012
"9556",19,64733,6015812,5,2012,31,51.5833333333333,"Ann Street Elementary",90012
"9557",19,64733,6015812,6,2012,31,15,"Ann Street Elementary",90012
"9558",19,64733,6015820,2,2012,31,53,"Annalee Avenue Elementary",90746
"9559",19,64733,6015820,4,2012,31,70,"Annalee Avenue Elementary",90746
"9560",19,64733,6015820,5,2012,31,43.6666666666667,"Annalee Avenue Elementary",90746
"9561",19,64733,6015820,5,2012,111,40.6666666666667,"Annalee Avenue Elementary",90746
"9562",19,64733,6015820,6,2012,31,40.5,"Annalee Avenue Elementary",90746
"9563",19,64733,6015820,6,2012,111,50,"Annalee Avenue Elementary",90746
"9564",19,64733,6015838,2,2012,31,63,"Annandale Elementary",90042
"9565",19,64733,6015838,3,2012,31,56.5,"Annandale Elementary",90042
"9566",19,64733,6015838,4,2012,31,58.6307692307692,"Annandale Elementary",90042
"9567",19,64733,6015838,5,2012,31,47.140127388535,"Annandale Elementary",90042
"9568",19,64733,6015838,6,2012,31,48.5,"Annandale Elementary",90042
"9569",19,64733,6015846,2,2012,31,81.5,"Apperson Street Elementary",91040
"9570",19,64733,6015846,2,2012,111,84.5,"Apperson Street Elementary",91040
"9571",19,64733,6015846,3,2012,31,56.5526315789474,"Apperson Street Elementary",91040
"9572",19,64733,6015846,3,2012,111,87.4137931034483,"Apperson Street Elementary",91040
"9573",19,64733,6015846,4,2012,31,85.5090909090909,"Apperson Street Elementary",91040
"9574",19,64733,6015846,4,2012,111,98,"Apperson Street Elementary",91040
"9575",19,64733,6015846,5,2012,31,71.3333333333333,"Apperson Street Elementary",91040
"9576",19,64733,6015846,5,2012,111,77.3333333333333,"Apperson Street Elementary",91040
"9577",19,64733,6015853,2,2012,31,45,"Aragon Avenue Elementary",90065
"9578",19,64733,6015853,3,2012,31,45.2950819672131,"Aragon Avenue Elementary",90065
"9579",19,64733,6015853,4,2012,31,69.5,"Aragon Avenue Elementary",90065
"9580",19,64733,6015853,5,2012,31,45.3595505617978,"Aragon Avenue Elementary",90065
"9581",19,64733,6015861,2,2012,31,52.5,"Arlington Heights Elementary",90019
"9582",19,64733,6015861,3,2012,31,39.5,"Arlington Heights Elementary",90019
"9583",19,64733,6015861,4,2012,31,57,"Arlington Heights Elementary",90019
"9584",19,64733,6015861,5,2012,31,49,"Arlington Heights Elementary",90019
"9585",19,64733,6015879,2,2012,31,45.5,"Arminta Street Elementary",91605
"9586",19,64733,6015879,3,2012,31,71.0902255639098,"Arminta Street Elementary",91605
"9587",19,64733,6015879,4,2012,31,79.5031055900621,"Arminta Street Elementary",91605
"9588",19,64733,6015879,5,2012,31,56.4099099099099,"Arminta Street Elementary",91605
"9589",19,64733,6015887,2,2012,31,38,"Ascot Avenue Elementary",90011
"9590",19,64733,6015887,3,2012,31,47.0494699646643,"Ascot Avenue Elementary",90011
"9591",19,64733,6015887,4,2012,31,61.5,"Ascot Avenue Elementary",90011
"9592",19,64733,6015887,5,2012,31,55.3184466019417,"Ascot Avenue Elementary",90011
"9593",19,64733,6015895,2,2012,31,57,"Atwater Avenue Elementary",90039
"9594",19,64733,6015895,3,2012,31,60.5,"Atwater Avenue Elementary",90039
"9595",19,64733,6015895,4,2012,31,69.9824561403509,"Atwater Avenue Elementary",90039
"9596",19,64733,6015895,5,2012,31,58,"Atwater Avenue Elementary",90039
"9597",19,64733,6015895,5,2012,111,77.6666666666667,"Atwater Avenue Elementary",90039
"9598",19,64733,6015895,6,2012,31,43.5,"Atwater Avenue Elementary",90039
"9599",19,64733,6015895,6,2012,111,65,"Atwater Avenue Elementary",90039
"9600",19,64733,6015903,2,2012,31,60,"Avalon Gardens Elementary",90061
"9601",19,64733,6015903,3,2012,31,66.5,"Avalon Gardens Elementary",90061
"9602",19,64733,6015903,4,2012,31,73.5,"Avalon Gardens Elementary",90061
"9603",19,64733,6015903,6,2012,31,47,"Avalon Gardens Elementary",90061
"9604",19,64733,6015929,2,2012,31,74.5,"Baldwin Hills Elementary",90016
"9605",19,64733,6015929,2,2012,111,88.5,"Baldwin Hills Elementary",90016
"9606",19,64733,6015929,3,2012,31,69,"Baldwin Hills Elementary",90016
"9607",19,64733,6015929,3,2012,111,85.5,"Baldwin Hills Elementary",90016
"9608",19,64733,6015929,4,2012,31,72.5,"Baldwin Hills Elementary",90016
"9609",19,64733,6015929,4,2012,111,83.5,"Baldwin Hills Elementary",90016
"9610",19,64733,6015929,5,2012,31,60.6618705035971,"Baldwin Hills Elementary",90016
"9611",19,64733,6015929,5,2012,111,77.3333333333333,"Baldwin Hills Elementary",90016
"9612",19,64733,6015945,2,2012,31,53.5,"Bandini Street Elementary",90731
"9613",19,64733,6015945,3,2012,31,52.2753623188406,"Bandini Street Elementary",90731
"9614",19,64733,6015945,4,2012,31,63.9230769230769,"Bandini Street Elementary",90731
"9615",19,64733,6015945,4,2012,111,50,"Bandini Street Elementary",90731
"9616",19,64733,6015945,5,2012,31,58,"Bandini Street Elementary",90731
"9617",19,64733,6015945,6,2012,31,59.5185185185185,"Bandini Street Elementary",90731
"9618",19,64733,6015952,2,2012,31,46,"Barton Hill Elementary",90731
"9619",19,64733,6015952,3,2012,31,57.5,"Barton Hill Elementary",90731
"9620",19,64733,6015952,4,2012,31,57.0449438202247,"Barton Hill Elementary",90731
"9621",19,64733,6015952,5,2012,31,46.4705882352941,"Barton Hill Elementary",90731
"9622",19,64733,6015952,6,2012,31,41.9320388349515,"Barton Hill Elementary",90731
"9623",19,64733,6015960,2,2012,31,58,"Bassett Street Elementary",91406
"9624",19,64733,6015960,2,2012,111,75,"Bassett Street Elementary",91406
"9625",19,64733,6015960,3,2012,31,56.5,"Bassett Street Elementary",91406
"9626",19,64733,6015960,3,2012,111,55,"Bassett Street Elementary",91406
"9627",19,64733,6015960,4,2012,31,58,"Bassett Street Elementary",91406
"9628",19,64733,6015960,4,2012,111,68.5,"Bassett Street Elementary",91406
"9629",19,64733,6015960,5,2012,31,47.6626794258373,"Bassett Street Elementary",91406
"9630",19,64733,6015960,5,2012,111,48,"Bassett Street Elementary",91406
"9631",19,64733,6015978,2,2012,31,51,"Beachy Avenue Elementary",91331
"9632",19,64733,6015978,3,2012,31,52.0899470899471,"Beachy Avenue Elementary",91331
"9633",19,64733,6015978,4,2012,31,50.9555555555556,"Beachy Avenue Elementary",91331
"9634",19,64733,6015978,5,2012,31,32.2718894009217,"Beachy Avenue Elementary",91331
"9635",19,64733,6015994,2,2012,31,73.3924050632911,"Beethoven Street Elementary",90066
"9636",19,64733,6015994,2,2012,111,91.5,"Beethoven Street Elementary",90066
"9637",19,64733,6015994,3,2012,31,67.6470588235294,"Beethoven Street Elementary",90066
"9638",19,64733,6015994,3,2012,111,94.5,"Beethoven Street Elementary",90066
"9639",19,64733,6015994,4,2012,31,55.4,"Beethoven Street Elementary",90066
"9640",19,64733,6015994,4,2012,111,90,"Beethoven Street Elementary",90066
"9641",19,64733,6015994,5,2012,31,73.5670103092783,"Beethoven Street Elementary",90066
"9642",19,64733,6015994,5,2012,111,86,"Beethoven Street Elementary",90066
"9643",19,64733,6016018,2,2012,31,34.5,"Belvedere Elementary",90063
"9644",19,64733,6016018,3,2012,31,37,"Belvedere Elementary",90063
"9645",19,64733,6016018,4,2012,31,48.5418060200669,"Belvedere Elementary",90063
"9646",19,64733,6016018,5,2012,31,43.9811320754717,"Belvedere Elementary",90063
"9647",19,64733,6016026,2,2012,31,62.5,"Bertrand Avenue Elementary",91335
"9648",19,64733,6016026,2,2012,111,68.5,"Bertrand Avenue Elementary",91335
"9649",19,64733,6016026,3,2012,31,59.1603773584906,"Bertrand Avenue Elementary",91335
"9650",19,64733,6016026,4,2012,31,65,"Bertrand Avenue Elementary",91335
"9651",19,64733,6016026,4,2012,111,54,"Bertrand Avenue Elementary",91335
"9652",19,64733,6016026,5,2012,31,60,"Bertrand Avenue Elementary",91335
"9653",19,64733,6016034,2,2012,31,31.5,"Blythe Street Elementary",91335
"9654",19,64733,6016034,3,2012,31,57.6548672566372,"Blythe Street Elementary",91335
"9655",19,64733,6016034,4,2012,31,57.0598290598291,"Blythe Street Elementary",91335
"9656",19,64733,6016034,5,2012,31,44.4149659863946,"Blythe Street Elementary",91335
"9657",19,64733,6016042,2,2012,31,60.5,"Bonita Street Elementary",90745
"9658",19,64733,6016042,2,2012,111,72,"Bonita Street Elementary",90745
"9659",19,64733,6016042,3,2012,31,61,"Bonita Street Elementary",90745
"9660",19,64733,6016042,3,2012,111,75,"Bonita Street Elementary",90745
"9661",19,64733,6016042,4,2012,31,53.952,"Bonita Street Elementary",90745
"9662",19,64733,6016042,4,2012,111,63,"Bonita Street Elementary",90745
"9663",19,64733,6016042,5,2012,31,42.3203125,"Bonita Street Elementary",90745
"9664",19,64733,6016042,5,2012,111,55.8636363636364,"Bonita Street Elementary",90745
"9665",19,64733,6016059,2,2012,31,60,"Braddock Drive Elementary",90230
"9666",19,64733,6016059,2,2012,111,96.5,"Braddock Drive Elementary",90230
"9667",19,64733,6016059,3,2012,31,73.0952380952381,"Braddock Drive Elementary",90230
"9668",19,64733,6016059,3,2012,111,75,"Braddock Drive Elementary",90230
"9669",19,64733,6016059,4,2012,31,70,"Braddock Drive Elementary",90230
"9670",19,64733,6016059,4,2012,111,97,"Braddock Drive Elementary",90230
"9671",19,64733,6016059,5,2012,31,43.9937888198758,"Braddock Drive Elementary",90230
"9672",19,64733,6016059,5,2012,111,93.3333333333333,"Braddock Drive Elementary",90230
"9673",19,64733,6016067,2,2012,31,42.5,"Brainard Elementary",91342
"9674",19,64733,6016067,3,2012,31,45.5,"Brainard Elementary",91342
"9675",19,64733,6016067,4,2012,31,36,"Brainard Elementary",91342
"9676",19,64733,6016067,5,2012,31,50.4752475247525,"Brainard Elementary",91342
"9677",19,64733,6016075,2,2012,31,39.4965986394558,"Breed Street Elementary",90033
"9678",19,64733,6016075,3,2012,31,37.6526315789474,"Breed Street Elementary",90033
"9679",19,64733,6016075,4,2012,31,65.5436241610738,"Breed Street Elementary",90033
"9680",19,64733,6016075,5,2012,31,44.9255319148936,"Breed Street Elementary",90033
"9681",19,64733,6016075,6,2012,31,40.7777777777778,"Breed Street Elementary",90033
"9682",19,64733,6016083,2,2012,31,64.5,"Brentwood Science",90049
"9683",19,64733,6016083,2,2012,111,83,"Brentwood Science",90049
"9684",19,64733,6016083,3,2012,31,61.5,"Brentwood Science",90049
"9685",19,64733,6016083,3,2012,111,85.5,"Brentwood Science",90049
"9686",19,64733,6016083,4,2012,31,56.9973190348525,"Brentwood Science",90049
"9687",19,64733,6016083,4,2012,111,85,"Brentwood Science",90049
"9688",19,64733,6016083,5,2012,31,58.6666666666667,"Brentwood Science",90049
"9689",19,64733,6016083,5,2012,111,85.6666666666667,"Brentwood Science",90049
"9690",19,64733,6016091,2,2012,31,33,"Bridge Street Elementary",90033
"9691",19,64733,6016091,3,2012,31,43,"Bridge Street Elementary",90033
"9692",19,64733,6016091,4,2012,31,54,"Bridge Street Elementary",90033
"9693",19,64733,6016091,5,2012,31,47.3333333333333,"Bridge Street Elementary",90033
"9694",19,64733,6016109,2,2012,31,46.5,"Broad Avenue Elementary",90744
"9695",19,64733,6016109,3,2012,31,48.408,"Broad Avenue Elementary",90744
"9696",19,64733,6016109,3,2012,111,71,"Broad Avenue Elementary",90744
"9697",19,64733,6016109,4,2012,31,66,"Broad Avenue Elementary",90744
"9698",19,64733,6016109,5,2012,31,58.3333333333333,"Broad Avenue Elementary",90744
"9699",19,64733,6016109,5,2012,111,78.6666666666667,"Broad Avenue Elementary",90744
"9700",19,64733,6016125,2,2012,31,67.5,"Broadway Elementary",90291
"9701",19,64733,6016125,3,2012,31,84.5,"Broadway Elementary",90291
"9702",19,64733,6016125,4,2012,31,86.5593220338983,"Broadway Elementary",90291
"9703",19,64733,6016133,2,2012,31,50,"Brockton Avenue Elementary",90025
"9704",19,64733,6016133,3,2012,31,45.7901234567901,"Brockton Avenue Elementary",90025
"9705",19,64733,6016133,4,2012,31,60.08,"Brockton Avenue Elementary",90025
"9706",19,64733,6016141,2,2012,31,56,"Brooklyn Avenue Elementary",90022
"9707",19,64733,6016141,3,2012,31,64,"Brooklyn Avenue Elementary",90022
"9708",19,64733,6016141,4,2012,31,80.5,"Brooklyn Avenue Elementary",90022
"9709",19,64733,6016141,5,2012,31,57.3333333333333,"Brooklyn Avenue Elementary",90022
"9710",19,64733,6016141,6,2012,31,50.464,"Brooklyn Avenue Elementary",90022
"9711",19,64733,6016141,7,2012,31,73,"Brooklyn Avenue Elementary",90022
"9712",19,64733,6016158,2,2012,31,57,"Bryson Avenue Elementary",90280
"9713",19,64733,6016158,2,2012,111,76.5,"Bryson Avenue Elementary",90280
"9714",19,64733,6016158,3,2012,31,58,"Bryson Avenue Elementary",90280
"9715",19,64733,6016158,3,2012,111,67.5945945945946,"Bryson Avenue Elementary",90280
"9716",19,64733,6016158,4,2012,31,82.0168067226891,"Bryson Avenue Elementary",90280
"9717",19,64733,6016158,4,2012,111,86,"Bryson Avenue Elementary",90280
"9718",19,64733,6016158,5,2012,31,66.0054347826087,"Bryson Avenue Elementary",90280
"9719",19,64733,6016158,5,2012,111,77.1363636363636,"Bryson Avenue Elementary",90280
"9720",19,64733,6016166,2,2012,31,46.5,"Buchanan Street Elementary",90042
"9721",19,64733,6016166,3,2012,31,56,"Buchanan Street Elementary",90042
"9722",19,64733,6016166,4,2012,31,56.0296296296296,"Buchanan Street Elementary",90042
"9723",19,64733,6016166,5,2012,31,54.9371980676328,"Buchanan Street Elementary",90042
"9724",19,64733,6016166,6,2012,31,38,"Buchanan Street Elementary",90042
"9725",19,64733,6016174,2,2012,31,54.5,"Budlong Avenue Elementary",90044
"9726",19,64733,6016174,3,2012,31,51.9601328903655,"Budlong Avenue Elementary",90044
"9727",19,64733,6016174,4,2012,31,50.0207715133531,"Budlong Avenue Elementary",90044
"9728",19,64733,6016174,5,2012,31,46.980198019802,"Budlong Avenue Elementary",90044
"9729",19,64733,6016182,2,2012,31,85,"Burbank Boulevard Elementary",91607
"9730",19,64733,6016182,3,2012,31,55.5,"Burbank Boulevard Elementary",91607
"9731",19,64733,6016182,4,2012,31,68.5104166666667,"Burbank Boulevard Elementary",91607
"9732",19,64733,6016182,5,2012,31,64.6666666666667,"Burbank Boulevard Elementary",91607
"9733",19,64733,6016208,2,2012,31,60.0051282051282,"Burton Street Elementary",91402
"9734",19,64733,6016208,3,2012,31,52.5818181818182,"Burton Street Elementary",91402
"9735",19,64733,6016208,4,2012,31,76.0177514792899,"Burton Street Elementary",91402
"9736",19,64733,6016208,5,2012,31,35.0434782608696,"Burton Street Elementary",91402
"9737",19,64733,6016216,2,2012,31,43.5,"Bushnell Way Elementary",90042
"9738",19,64733,6016216,3,2012,31,38.5,"Bushnell Way Elementary",90042
"9739",19,64733,6016216,4,2012,31,54,"Bushnell Way Elementary",90042
"9740",19,64733,6016216,5,2012,31,31.3333333333333,"Bushnell Way Elementary",90042
"9741",19,64733,6016216,6,2012,31,19.5,"Bushnell Way Elementary",90042
"9742",19,64733,6016224,2,2012,31,41,"Cabrillo Avenue Elementary",90731
"9743",19,64733,6016224,3,2012,31,55.5,"Cabrillo Avenue Elementary",90731
"9744",19,64733,6016224,4,2012,31,53.5873015873016,"Cabrillo Avenue Elementary",90731
"9745",19,64733,6016224,5,2012,31,39.640243902439,"Cabrillo Avenue Elementary",90731
"9746",19,64733,6016232,2,2012,31,73.4822134387352,"Cahuenga Elementary",90004
"9747",19,64733,6016232,2,2012,111,91,"Cahuenga Elementary",90004
"9748",19,64733,6016232,3,2012,31,71,"Cahuenga Elementary",90004
"9749",19,64733,6016232,3,2012,111,95.3953488372093,"Cahuenga Elementary",90004
"9750",19,64733,6016232,4,2012,31,69.04,"Cahuenga Elementary",90004
"9751",19,64733,6016232,4,2012,111,100,"Cahuenga Elementary",90004
"9752",19,64733,6016232,5,2012,31,74.042042042042,"Cahuenga Elementary",90004
"9753",19,64733,6016232,5,2012,111,82,"Cahuenga Elementary",90004
"9754",19,64733,6016257,2,2012,31,78,"Calahan Street Elementary",91324
"9755",19,64733,6016257,2,2012,111,86.5,"Calahan Street Elementary",91324
"9756",19,64733,6016257,3,2012,31,52,"Calahan Street Elementary",91324
"9757",19,64733,6016257,3,2012,111,70.5,"Calahan Street Elementary",91324
"9758",19,64733,6016257,4,2012,31,58.5,"Calahan Street Elementary",91324
"9759",19,64733,6016257,4,2012,111,73,"Calahan Street Elementary",91324
"9760",19,64733,6016257,5,2012,31,63,"Calahan Street Elementary",91324
"9761",19,64733,6016257,5,2012,111,70.6666666666667,"Calahan Street Elementary",91324
"9762",19,64733,6016273,2,2012,31,35,"Camellia Avenue Elementary",91605
"9763",19,64733,6016273,3,2012,31,39.1081081081081,"Camellia Avenue Elementary",91605
"9764",19,64733,6016273,4,2012,31,47.5,"Camellia Avenue Elementary",91605
"9765",19,64733,6016273,5,2012,31,46.0451807228916,"Camellia Avenue Elementary",91605
"9766",19,64733,6016281,2,2012,31,70,"Canfield Avenue Elementary",90035
"9767",19,64733,6016281,2,2012,111,77,"Canfield Avenue Elementary",90035
"9768",19,64733,6016281,3,2012,31,80.5,"Canfield Avenue Elementary",90035
"9769",19,64733,6016281,3,2012,111,80.4375,"Canfield Avenue Elementary",90035
"9770",19,64733,6016281,4,2012,31,55.125,"Canfield Avenue Elementary",90035
"9771",19,64733,6016281,4,2012,111,82.9318181818182,"Canfield Avenue Elementary",90035
"9772",19,64733,6016281,5,2012,31,61,"Canfield Avenue Elementary",90035
"9773",19,64733,6016281,5,2012,111,83.3333333333333,"Canfield Avenue Elementary",90035
"9774",19,64733,6016299,2,2012,31,37,"Canoga Park Elementary",91303
"9775",19,64733,6016299,3,2012,31,49.6077586206897,"Canoga Park Elementary",91303
"9776",19,64733,6016299,4,2012,31,60.5229681978799,"Canoga Park Elementary",91303
"9777",19,64733,6016299,5,2012,31,47.056657223796,"Canoga Park Elementary",91303
"9778",19,64733,6016307,2,2012,31,52.5,"Cantara Street Elementary",91335
"9779",19,64733,6016307,3,2012,31,53.7514450867052,"Cantara Street Elementary",91335
"9780",19,64733,6016307,4,2012,31,75.5808823529412,"Cantara Street Elementary",91335
"9781",19,64733,6016307,4,2012,111,73,"Cantara Street Elementary",91335
"9782",19,64733,6016307,5,2012,31,81.5282258064516,"Cantara Street Elementary",91335
"9783",19,64733,6016315,2,2012,31,60,"Canterbury Avenue Elementary",91331
"9784",19,64733,6016315,3,2012,31,61.028818443804,"Canterbury Avenue Elementary",91331
"9785",19,64733,6016315,4,2012,31,55.4960212201592,"Canterbury Avenue Elementary",91331
"9786",19,64733,6016315,5,2012,31,51.6608315098468,"Canterbury Avenue Elementary",91331
"9787",19,64733,6016331,2,2012,31,54,"Capistrano Avenue Elementary",91304
"9788",19,64733,6016331,3,2012,31,72,"Capistrano Avenue Elementary",91304
"9789",19,64733,6016331,3,2012,111,78.8245614035088,"Capistrano Avenue Elementary",91304
"9790",19,64733,6016331,4,2012,31,85.5,"Capistrano Avenue Elementary",91304
"9791",19,64733,6016349,2,2012,31,59.5,"Caroldale Learning Community",90745
"9792",19,64733,6016349,2,2012,111,70,"Caroldale Learning Community",90745
"9793",19,64733,6016349,3,2012,31,60,"Caroldale Learning Community",90745
"9794",19,64733,6016349,3,2012,111,75.5,"Caroldale Learning Community",90745
"9795",19,64733,6016349,4,2012,31,74.027397260274,"Caroldale Learning Community",90745
"9796",19,64733,6016349,4,2012,111,82.56,"Caroldale Learning Community",90745
"9797",19,64733,6016349,5,2012,31,52.2538860103627,"Caroldale Learning Community",90745
"9798",19,64733,6016349,5,2012,111,73.6198347107438,"Caroldale Learning Community",90745
"9799",19,64733,6016349,6,2012,31,53,"Caroldale Learning Community",90745
"9800",19,64733,6016349,6,2012,111,73.5121951219512,"Caroldale Learning Community",90745
"9801",19,64733,6016349,7,2012,31,65,"Caroldale Learning Community",90745
"9802",19,64733,6016349,7,2012,111,77.5,"Caroldale Learning Community",90745
"9803",19,64733,6016349,8,2012,31,43.5708154506438,"Caroldale Learning Community",90745
"9804",19,64733,6016349,8,2012,111,57.5161290322581,"Caroldale Learning Community",90745
"9805",19,64733,6016356,2,2012,31,75,"Carpenter Community Charter",91604
"9806",19,64733,6016356,2,2012,111,86,"Carpenter Community Charter",91604
"9807",19,64733,6016356,3,2012,111,88.5,"Carpenter Community Charter",91604
"9808",19,64733,6016356,4,2012,111,94.4977578475336,"Carpenter Community Charter",91604
"9809",19,64733,6016356,5,2012,31,86,"Carpenter Community Charter",91604
"9810",19,64733,6016356,5,2012,111,91.6666666666667,"Carpenter Community Charter",91604
"9811",19,64733,6016364,2,2012,31,57,"Carson Street Elementary",90745
"9812",19,64733,6016364,2,2012,111,74,"Carson Street Elementary",90745
"9813",19,64733,6016364,3,2012,31,56,"Carson Street Elementary",90745
"9814",19,64733,6016364,3,2012,111,80,"Carson Street Elementary",90745
"9815",19,64733,6016364,4,2012,31,84,"Carson Street Elementary",90745
"9816",19,64733,6016364,4,2012,111,95,"Carson Street Elementary",90745
"9817",19,64733,6016364,5,2012,31,55,"Carson Street Elementary",90745
"9818",19,64733,6016364,5,2012,111,78.3333333333333,"Carson Street Elementary",90745
"9819",19,64733,6016380,2,2012,31,54.5,"Castelar Street Elementary",90012
"9820",19,64733,6016380,3,2012,31,62,"Castelar Street Elementary",90012
"9821",19,64733,6016380,4,2012,31,80.5,"Castelar Street Elementary",90012
"9822",19,64733,6016380,5,2012,31,73.3333333333333,"Castelar Street Elementary",90012
"9823",19,64733,6016398,2,2012,31,75,"Castle Heights Elementary",90034
"9824",19,64733,6016398,2,2012,111,88.5,"Castle Heights Elementary",90034
"9825",19,64733,6016398,3,2012,31,49,"Castle Heights Elementary",90034
"9826",19,64733,6016398,3,2012,111,85.5,"Castle Heights Elementary",90034
"9827",19,64733,6016398,4,2012,31,70,"Castle Heights Elementary",90034
"9828",19,64733,6016398,4,2012,111,88.5,"Castle Heights Elementary",90034
"9829",19,64733,6016398,5,2012,31,64.3333333333333,"Castle Heights Elementary",90034
"9830",19,64733,6016398,5,2012,111,86.6666666666667,"Castle Heights Elementary",90034
"9831",19,64733,6016406,2,2012,31,36.5,"Catskill Avenue Elementary",90745
"9832",19,64733,6016406,2,2012,111,47,"Catskill Avenue Elementary",90745
"9833",19,64733,6016406,3,2012,31,61,"Catskill Avenue Elementary",90745
"9834",19,64733,6016406,3,2012,111,78,"Catskill Avenue Elementary",90745
"9835",19,64733,6016406,4,2012,31,57.5,"Catskill Avenue Elementary",90745
"9836",19,64733,6016406,4,2012,111,95.5,"Catskill Avenue Elementary",90745
"9837",19,64733,6016406,5,2012,31,36.419014084507,"Catskill Avenue Elementary",90745
"9838",19,64733,6016406,5,2012,111,57,"Catskill Avenue Elementary",90745
"9839",19,64733,6016414,2,2012,31,61.984496124031,"Century Park Elementary",90303
"9840",19,64733,6016414,3,2012,31,43,"Century Park Elementary",90303
"9841",19,64733,6016414,4,2012,31,59.5,"Century Park Elementary",90303
"9842",19,64733,6016414,5,2012,31,56.2203389830508,"Century Park Elementary",90303
"9843",19,64733,6016422,2,2012,31,66,"Chandler Elementary",91401
"9844",19,64733,6016422,2,2012,111,75,"Chandler Elementary",91401
"9845",19,64733,6016422,3,2012,31,66.5,"Chandler Elementary",91401
"9846",19,64733,6016422,3,2012,111,81.5,"Chandler Elementary",91401
"9847",19,64733,6016422,4,2012,31,80,"Chandler Elementary",91401
"9848",19,64733,6016422,4,2012,111,83,"Chandler Elementary",91401
"9849",19,64733,6016422,5,2012,31,70.6666666666667,"Chandler Elementary",91401
"9850",19,64733,6016422,5,2012,111,89,"Chandler Elementary",91401
"9851",19,64733,6016430,2,2012,31,60,"Chapman Elementary",90249
"9852",19,64733,6016430,3,2012,31,60.6330275229358,"Chapman Elementary",90249
"9853",19,64733,6016430,3,2012,111,65.5,"Chapman Elementary",90249
"9854",19,64733,6016430,4,2012,31,92.7037037037037,"Chapman Elementary",90249
"9855",19,64733,6016430,4,2012,111,88,"Chapman Elementary",90249
"9856",19,64733,6016430,5,2012,31,87,"Chapman Elementary",90249
"9857",19,64733,6016430,5,2012,111,93.1860465116279,"Chapman Elementary",90249
"9858",19,64733,6016448,2,2012,31,48,"Charnock Road Elementary",90034
"9859",19,64733,6016448,3,2012,31,50.5,"Charnock Road Elementary",90034
"9860",19,64733,6016448,3,2012,111,62,"Charnock Road Elementary",90034
"9861",19,64733,6016448,4,2012,31,65.5,"Charnock Road Elementary",90034
"9862",19,64733,6016448,5,2012,31,58,"Charnock Road Elementary",90034
"9863",19,64733,6016448,6,2012,31,27.5,"Charnock Road Elementary",90034
"9864",19,64733,6016455,2,2012,31,44,"Chase Street Elementary",91402
"9865",19,64733,6016455,3,2012,31,56.7767857142857,"Chase Street Elementary",91402
"9866",19,64733,6016455,4,2012,31,61,"Chase Street Elementary",91402
"9867",19,64733,6016455,5,2012,31,55.195020746888,"Chase Street Elementary",91402
"9868",19,64733,6016471,2,2012,31,60,"Cheremoya Avenue Elementary",90028
"9869",19,64733,6016471,2,2012,111,50,"Cheremoya Avenue Elementary",90028
"9870",19,64733,6016471,3,2012,31,67.5,"Cheremoya Avenue Elementary",90028
"9871",19,64733,6016471,4,2012,31,54,"Cheremoya Avenue Elementary",90028
"9872",19,64733,6016471,4,2012,111,82.5,"Cheremoya Avenue Elementary",90028
"9873",19,64733,6016471,5,2012,31,59.7142857142857,"Cheremoya Avenue Elementary",90028
"9874",19,64733,6016471,5,2012,111,83,"Cheremoya Avenue Elementary",90028
"9875",19,64733,6016471,6,2012,31,52.5,"Cheremoya Avenue Elementary",90028
"9876",19,64733,6016489,2,2012,31,54,"Cienega Elementary",90016
"9877",19,64733,6016489,3,2012,31,46.6046511627907,"Cienega Elementary",90016
"9878",19,64733,6016489,4,2012,31,62,"Cienega Elementary",90016
"9879",19,64733,6016489,5,2012,31,39.3234200743494,"Cienega Elementary",90016
"9880",19,64733,6016505,2,2012,31,61,"City Terrace Elementary",90063
"9881",19,64733,6016505,3,2012,31,38.5,"City Terrace Elementary",90063
"9882",19,64733,6016505,4,2012,31,81.0916030534351,"City Terrace Elementary",90063
"9883",19,64733,6016505,5,2012,31,31.7043010752688,"City Terrace Elementary",90063
"9884",19,64733,6016521,2,2012,31,79,"Clover Avenue Elementary",90034
"9885",19,64733,6016521,2,2012,111,87,"Clover Avenue Elementary",90034
"9886",19,64733,6016521,3,2012,31,100,"Clover Avenue Elementary",90034
"9887",19,64733,6016521,3,2012,111,91,"Clover Avenue Elementary",90034
"9888",19,64733,6016521,4,2012,31,88.5428571428571,"Clover Avenue Elementary",90034
"9889",19,64733,6016521,4,2012,111,94.0172413793103,"Clover Avenue Elementary",90034
"9890",19,64733,6016521,5,2012,31,83.1219512195122,"Clover Avenue Elementary",90034
"9891",19,64733,6016521,5,2012,111,94.6666666666667,"Clover Avenue Elementary",90034
"9892",19,64733,6016547,2,2012,31,43.5197740112994,"Cohasset Street Elementary",91406
"9893",19,64733,6016547,3,2012,31,42,"Cohasset Street Elementary",91406
"9894",19,64733,6016547,4,2012,31,59.4583333333333,"Cohasset Street Elementary",91406
"9895",19,64733,6016547,5,2012,31,42.6571428571429,"Cohasset Street Elementary",91406
"9896",19,64733,6016554,2,2012,31,73.5,"Coldwater Canyon Elementary",91605
"9897",19,64733,6016554,3,2012,31,56.0704845814978,"Coldwater Canyon Elementary",91605
"9898",19,64733,6016554,4,2012,31,68.0423728813559,"Coldwater Canyon Elementary",91605
"9899",19,64733,6016554,5,2012,31,63.696875,"Coldwater Canyon Elementary",91605
"9900",19,64733,6016562,2,2012,31,63,"Colfax Charter Elementary",91607
"9901",19,64733,6016562,2,2012,111,92,"Colfax Charter Elementary",91607
"9902",19,64733,6016562,3,2012,31,80.5,"Colfax Charter Elementary",91607
"9903",19,64733,6016562,3,2012,111,92.9777777777778,"Colfax Charter Elementary",91607
"9904",19,64733,6016562,4,2012,31,77.9855072463768,"Colfax Charter Elementary",91607
"9905",19,64733,6016562,4,2012,111,89,"Colfax Charter Elementary",91607
"9906",19,64733,6016562,5,2012,31,76.6836734693878,"Colfax Charter Elementary",91607
"9907",19,64733,6016562,5,2012,111,90.6511627906977,"Colfax Charter Elementary",91607
"9908",19,64733,6016570,2,2012,31,49,"Coliseum Street Elementary",90016
"9909",19,64733,6016570,3,2012,31,42.3380281690141,"Coliseum Street Elementary",90016
"9910",19,64733,6016570,4,2012,31,25,"Coliseum Street Elementary",90016
"9911",19,64733,6016570,5,2012,31,27.6666666666667,"Coliseum Street Elementary",90016
"9912",19,64733,6016604,2,2012,31,60,"Commonwealth Avenue Elementary",90004
"9913",19,64733,6016604,3,2012,31,67.5379939209726,"Commonwealth Avenue Elementary",90004
"9914",19,64733,6016604,4,2012,31,79.4942084942085,"Commonwealth Avenue Elementary",90004
"9915",19,64733,6016604,5,2012,31,70.640625,"Commonwealth Avenue Elementary",90004
"9916",19,64733,6016612,2,2012,31,53,"Compton Avenue Elementary",90002
"9917",19,64733,6016612,3,2012,31,31,"Compton Avenue Elementary",90002
"9918",19,64733,6016612,4,2012,31,38,"Compton Avenue Elementary",90002
"9919",19,64733,6016612,5,2012,31,57.3333333333333,"Compton Avenue Elementary",90002
"9920",19,64733,6016620,2,2012,31,50.5,"Corona Avenue Elementary",90201
"9921",19,64733,6016620,2,2012,111,66.5,"Corona Avenue Elementary",90201
"9922",19,64733,6016620,3,2012,31,45.5,"Corona Avenue Elementary",90201
"9923",19,64733,6016620,3,2012,111,57,"Corona Avenue Elementary",90201
"9924",19,64733,6016620,4,2012,31,59,"Corona Avenue Elementary",90201
"9925",19,64733,6016620,5,2012,31,42.6666666666667,"Corona Avenue Elementary",90201
"9926",19,64733,6016620,5,2012,111,58.3333333333333,"Corona Avenue Elementary",90201
"9927",19,64733,6016638,2,2012,31,71.5,"Betty Plasencia Elementary",90026
"9928",19,64733,6016638,3,2012,31,43.5,"Betty Plasencia Elementary",90026
"9929",19,64733,6016638,4,2012,31,60.5169811320755,"Betty Plasencia Elementary",90026
"9930",19,64733,6016638,5,2012,31,42.6666666666667,"Betty Plasencia Elementary",90026
"9931",19,64733,6016646,2,2012,31,56,"Cowan Avenue Elementary",90045
"9932",19,64733,6016646,2,2012,111,77.5,"Cowan Avenue Elementary",90045
"9933",19,64733,6016646,3,2012,31,65.2666666666667,"Cowan Avenue Elementary",90045
"9934",19,64733,6016646,3,2012,111,68.3733333333333,"Cowan Avenue Elementary",90045
"9935",19,64733,6016646,4,2012,31,58.32,"Cowan Avenue Elementary",90045
"9936",19,64733,6016646,4,2012,111,88.984126984127,"Cowan Avenue Elementary",90045
"9937",19,64733,6016646,5,2012,31,59.3157894736842,"Cowan Avenue Elementary",90045
"9938",19,64733,6016646,5,2012,111,71.007874015748,"Cowan Avenue Elementary",90045
"9939",19,64733,6016679,2,2012,31,68,"Christopher Dena Elementary",90023
"9940",19,64733,6016679,3,2012,31,26,"Christopher Dena Elementary",90023
"9941",19,64733,6016679,4,2012,31,47.5,"Christopher Dena Elementary",90023
"9942",19,64733,6016679,5,2012,31,45.4563492063492,"Christopher Dena Elementary",90023
"9943",19,64733,6016679,6,2012,31,32.5,"Christopher Dena Elementary",90023
"9944",19,64733,6016687,2,2012,31,48,"Dahlia Heights Elementary",90041
"9945",19,64733,6016687,2,2012,111,90,"Dahlia Heights Elementary",90041
"9946",19,64733,6016687,3,2012,31,54.2380952380952,"Dahlia Heights Elementary",90041
"9947",19,64733,6016687,3,2012,111,82.5,"Dahlia Heights Elementary",90041
"9948",19,64733,6016687,4,2012,31,55.4137931034483,"Dahlia Heights Elementary",90041
"9949",19,64733,6016687,4,2012,111,85,"Dahlia Heights Elementary",90041
"9950",19,64733,6016687,5,2012,31,71,"Dahlia Heights Elementary",90041
"9951",19,64733,6016687,5,2012,111,89.3260869565217,"Dahlia Heights Elementary",90041
"9952",19,64733,6016687,6,2012,31,62,"Dahlia Heights Elementary",90041
"9953",19,64733,6016687,6,2012,111,70.5,"Dahlia Heights Elementary",90041
"9954",19,64733,6016695,2,2012,31,63.5,"Danube Avenue Elementary",91344
"9955",19,64733,6016695,2,2012,111,72,"Danube Avenue Elementary",91344
"9956",19,64733,6016695,3,2012,31,56.5,"Danube Avenue Elementary",91344
"9957",19,64733,6016695,3,2012,111,74,"Danube Avenue Elementary",91344
"9958",19,64733,6016695,4,2012,31,83.980198019802,"Danube Avenue Elementary",91344
"9959",19,64733,6016695,4,2012,111,90.4193548387097,"Danube Avenue Elementary",91344
"9960",19,64733,6016695,5,2012,31,72.3301886792453,"Danube Avenue Elementary",91344
"9961",19,64733,6016695,5,2012,111,79.5227272727273,"Danube Avenue Elementary",91344
"9962",19,64733,6016703,2,2012,31,76,"Darby Avenue Elementary",91326
"9963",19,64733,6016703,2,2012,111,82.5,"Darby Avenue Elementary",91326
"9964",19,64733,6016703,3,2012,31,74.4102564102564,"Darby Avenue Elementary",91326
"9965",19,64733,6016703,3,2012,111,74,"Darby Avenue Elementary",91326
"9966",19,64733,6016703,4,2012,31,67.6756756756757,"Darby Avenue Elementary",91326
"9967",19,64733,6016703,4,2012,111,80.5,"Darby Avenue Elementary",91326
"9968",19,64733,6016703,5,2012,31,69.056338028169,"Darby Avenue Elementary",91326
"9969",19,64733,6016703,5,2012,111,92.3333333333333,"Darby Avenue Elementary",91326
"9970",19,64733,6016711,2,2012,31,63.5,"Dayton Heights Elementary",90004
"9971",19,64733,6016711,3,2012,31,54.5878787878788,"Dayton Heights Elementary",90004
"9972",19,64733,6016711,4,2012,31,63.1449275362319,"Dayton Heights Elementary",90004
"9973",19,64733,6016711,5,2012,31,61.3317307692308,"Dayton Heights Elementary",90004
"9974",19,64733,6016737,2,2012,31,37,"Del Amo Elementary",90745
"9975",19,64733,6016737,2,2012,111,66.5,"Del Amo Elementary",90745
"9976",19,64733,6016737,3,2012,31,48.8378378378378,"Del Amo Elementary",90745
"9977",19,64733,6016737,3,2012,111,75,"Del Amo Elementary",90745
"9978",19,64733,6016737,4,2012,31,71,"Del Amo Elementary",90745
"9979",19,64733,6016737,4,2012,111,94.5,"Del Amo Elementary",90745
"9980",19,64733,6016737,5,2012,31,38.6666666666667,"Del Amo Elementary",90745
"9981",19,64733,6016737,5,2012,111,66.6666666666667,"Del Amo Elementary",90745
"9982",19,64733,6016745,2,2012,31,84.5,"Delevan Drive Elementary",90065
"9983",19,64733,6016745,2,2012,111,97,"Delevan Drive Elementary",90065
"9984",19,64733,6016745,3,2012,31,62,"Delevan Drive Elementary",90065
"9985",19,64733,6016745,3,2012,111,85,"Delevan Drive Elementary",90065
"9986",19,64733,6016745,4,2012,31,87.5301204819277,"Delevan Drive Elementary",90065
"9987",19,64733,6016745,4,2012,111,91,"Delevan Drive Elementary",90065
"9988",19,64733,6016745,5,2012,31,82.6666666666667,"Delevan Drive Elementary",90065
"9989",19,64733,6016745,5,2012,111,87.6666666666667,"Delevan Drive Elementary",90065
"9990",19,64733,6016745,6,2012,31,66,"Delevan Drive Elementary",90065
"9991",19,64733,6016745,6,2012,111,76,"Delevan Drive Elementary",90065
"9992",19,64733,6016752,2,2012,31,60,"Denker Avenue Elementary",90247
"9993",19,64733,6016752,2,2012,111,77,"Denker Avenue Elementary",90247
"9994",19,64733,6016752,3,2012,31,55.5,"Denker Avenue Elementary",90247
"9995",19,64733,6016752,3,2012,111,72.6883116883117,"Denker Avenue Elementary",90247
"9996",19,64733,6016752,4,2012,31,63,"Denker Avenue Elementary",90247
"9997",19,64733,6016752,4,2012,111,79,"Denker Avenue Elementary",90247
"9998",19,64733,6016752,5,2012,31,67.6666666666667,"Denker Avenue Elementary",90247
"9999",19,64733,6016752,5,2012,111,73,"Denker Avenue Elementary",90247
"10000",19,64733,6016786,2,2012,31,53,"Dolores Street Elementary",90745
"10001",19,64733,6016786,2,2012,111,70,"Dolores Street Elementary",90745
"10002",19,64733,6016786,3,2012,31,57.3066666666667,"Dolores Street Elementary",90745
"10003",19,64733,6016786,3,2012,111,68.5,"Dolores Street Elementary",90745
"10004",19,64733,6016786,4,2012,31,62.5042735042735,"Dolores Street Elementary",90745
"10005",19,64733,6016786,4,2012,111,68.5098039215686,"Dolores Street Elementary",90745
"10006",19,64733,6016786,5,2012,31,64.7216494845361,"Dolores Street Elementary",90745
"10007",19,64733,6016786,5,2012,111,79.6666666666667,"Dolores Street Elementary",90745
"10008",19,64733,6016794,2,2012,31,47.5,"Dominguez Elementary",90810
"10009",19,64733,6016794,3,2012,31,66.3898305084746,"Dominguez Elementary",90810
"10010",19,64733,6016794,4,2012,31,58.0104166666667,"Dominguez Elementary",90810
"10011",19,64733,6016794,5,2012,31,55.9656488549618,"Dominguez Elementary",90810
"10012",19,64733,6016802,2,2012,31,67,"Dorris Place Elementary",90031
"10013",19,64733,6016802,3,2012,31,73.5,"Dorris Place Elementary",90031
"10014",19,64733,6016802,4,2012,31,84.5211267605634,"Dorris Place Elementary",90031
"10015",19,64733,6016802,5,2012,31,79.2173913043478,"Dorris Place Elementary",90031
"10016",19,64733,6016802,6,2012,31,70.671875,"Dorris Place Elementary",90031
"10017",19,64733,6016828,2,2012,31,72.5,"Dyer Street Elementary",91342
"10018",19,64733,6016828,3,2012,31,63.0436681222707,"Dyer Street Elementary",91342
"10019",19,64733,6016828,4,2012,31,59.042654028436,"Dyer Street Elementary",91342
"10020",19,64733,6016828,5,2012,31,52.6968085106383,"Dyer Street Elementary",91342
"10021",19,64733,6016836,2,2012,31,51,"Eagle Rock Elementary",90041
"10022",19,64733,6016836,2,2012,111,72,"Eagle Rock Elementary",90041
"10023",19,64733,6016836,3,2012,31,64,"Eagle Rock Elementary",90041
"10024",19,64733,6016836,3,2012,111,89.5,"Eagle Rock Elementary",90041
"10025",19,64733,6016836,4,2012,31,66,"Eagle Rock Elementary",90041
"10026",19,64733,6016836,4,2012,111,95.5,"Eagle Rock Elementary",90041
"10027",19,64733,6016836,5,2012,31,63.9738805970149,"Eagle Rock Elementary",90041
"10028",19,64733,6016836,5,2012,111,90.3333333333333,"Eagle Rock Elementary",90041
"10029",19,64733,6016836,6,2012,31,62.9095477386935,"Eagle Rock Elementary",90041
"10030",19,64733,6016836,6,2012,111,82.5299145299145,"Eagle Rock Elementary",90041
"10031",19,64733,6016844,2,2012,31,62.5,"Eastman Avenue Elementary",90023
"10032",19,64733,6016844,3,2012,31,40.4658753709199,"Eastman Avenue Elementary",90023
"10033",19,64733,6016844,4,2012,31,46,"Eastman Avenue Elementary",90023
"10034",19,64733,6016844,5,2012,31,47.0861759425494,"Eastman Avenue Elementary",90023
"10035",19,64733,6016851,2,2012,31,41.5,"El Dorado Avenue Elementary",91342
"10036",19,64733,6016851,3,2012,31,55.3030303030303,"El Dorado Avenue Elementary",91342
"10037",19,64733,6016851,4,2012,31,69,"El Dorado Avenue Elementary",91342
"10038",19,64733,6016851,5,2012,31,53.6311111111111,"El Dorado Avenue Elementary",91342
"10039",19,64733,6016877,2,2012,31,67,"El Sereno Elementary",90032
"10040",19,64733,6016877,3,2012,31,60,"El Sereno Elementary",90032
"10041",19,64733,6016877,4,2012,31,65,"El Sereno Elementary",90032
"10042",19,64733,6016877,5,2012,31,56.6666666666667,"El Sereno Elementary",90032
"10043",19,64733,6016877,6,2012,31,44.5,"El Sereno Elementary",90032
"10044",19,64733,6016885,2,2012,31,47,"Elizabeth Learning Center",90201
"10045",19,64733,6016885,3,2012,31,36,"Elizabeth Learning Center",90201
"10046",19,64733,6016885,4,2012,31,44.5111111111111,"Elizabeth Learning Center",90201
"10047",19,64733,6016885,5,2012,31,38.9612188365651,"Elizabeth Learning Center",90201
"10048",19,64733,6016885,6,2012,31,24,"Elizabeth Learning Center",90201
"10049",19,64733,6016885,7,2012,31,29,"Elizabeth Learning Center",90201
"10050",19,64733,6016885,8,2012,31,42.1988742964353,"Elizabeth Learning Center",90201
"10051",19,64733,6016885,9,2012,31,26.5205223880597,"Elizabeth Learning Center",90201
"10052",19,64733,6016885,10,2012,31,42.9507853403141,"Elizabeth Learning Center",90201
"10053",19,64733,6016885,11,2012,31,40.8510638297872,"Elizabeth Learning Center",90201
"10054",19,64733,6016901,2,2012,31,50,"Emelita Street Elementary",91316
"10055",19,64733,6016901,2,2012,111,73,"Emelita Street Elementary",91316
"10056",19,64733,6016901,3,2012,31,61.5,"Emelita Street Elementary",91316
"10057",19,64733,6016901,3,2012,111,84.5,"Emelita Street Elementary",91316
"10058",19,64733,6016901,4,2012,31,45.5,"Emelita Street Elementary",91316
"10059",19,64733,6016901,4,2012,111,90,"Emelita Street Elementary",91316
"10060",19,64733,6016901,5,2012,31,61.5798319327731,"Emelita Street Elementary",91316
"10061",19,64733,6016901,5,2012,111,89,"Emelita Street Elementary",91316
"10062",19,64733,6016943,2,2012,31,48.4901185770751,"Erwin Elementary",91401
"10063",19,64733,6016943,3,2012,31,58,"Erwin Elementary",91401
"10064",19,64733,6016943,4,2012,31,61.0121457489879,"Erwin Elementary",91401
"10065",19,64733,6016943,5,2012,31,54.1697127937337,"Erwin Elementary",91401
"10066",19,64733,6016950,2,2012,31,62.5026455026455,"Eshelman Avenue Elementary",90717
"10067",19,64733,6016950,2,2012,111,79,"Eshelman Avenue Elementary",90717
"10068",19,64733,6016950,3,2012,31,61.5766871165644,"Eshelman Avenue Elementary",90717
"10069",19,64733,6016950,4,2012,31,80,"Eshelman Avenue Elementary",90717
"10070",19,64733,6016950,4,2012,111,79.5172413793103,"Eshelman Avenue Elementary",90717
"10071",19,64733,6016950,5,2012,31,60.6598360655738,"Eshelman Avenue Elementary",90717
"10072",19,64733,6016950,5,2012,111,70,"Eshelman Avenue Elementary",90717
"10073",19,64733,6016968,2,2012,31,38.5,"Euclid Avenue Elementary",90023
"10074",19,64733,6016968,2,2012,111,64.5,"Euclid Avenue Elementary",90023
"10075",19,64733,6016968,3,2012,31,42.5,"Euclid Avenue Elementary",90023
"10076",19,64733,6016968,3,2012,111,54,"Euclid Avenue Elementary",90023
"10077",19,64733,6016968,4,2012,31,50.4952681388013,"Euclid Avenue Elementary",90023
"10078",19,64733,6016968,4,2012,111,62.5,"Euclid Avenue Elementary",90023
"10079",19,64733,6016968,5,2012,31,42,"Euclid Avenue Elementary",90023
"10080",19,64733,6016968,5,2012,111,67,"Euclid Avenue Elementary",90023
"10081",19,64733,6016976,2,2012,31,37.5,"Evergreen Avenue Elementary",90033
"10082",19,64733,6016976,3,2012,31,44.5,"Evergreen Avenue Elementary",90033
"10083",19,64733,6016976,4,2012,31,57.5342465753425,"Evergreen Avenue Elementary",90033
"10084",19,64733,6016976,5,2012,31,56.6984126984127,"Evergreen Avenue Elementary",90033
"10085",19,64733,6016976,6,2012,31,39,"Evergreen Avenue Elementary",90033
"10086",19,64733,6016984,2,2012,31,57.5,"Fair Avenue Elementary",91606
"10087",19,64733,6016984,3,2012,31,52.5,"Fair Avenue Elementary",91606
"10088",19,64733,6016984,4,2012,31,71.5,"Fair Avenue Elementary",91606
"10089",19,64733,6016984,5,2012,31,58.6666666666667,"Fair Avenue Elementary",91606
"10090",19,64733,6016992,2,2012,111,97,"Fairburn Avenue Elementary",90024
"10091",19,64733,6016992,3,2012,111,93.5,"Fairburn Avenue Elementary",90024
"10092",19,64733,6016992,4,2012,111,99.0260869565217,"Fairburn Avenue Elementary",90024
"10093",19,64733,6016992,5,2012,111,97.3424657534247,"Fairburn Avenue Elementary",90024
"10094",19,64733,6017008,2,2012,31,35,"Farmdale Elementary",90032
"10095",19,64733,6017008,3,2012,31,49.8992805755396,"Farmdale Elementary",90032
"10096",19,64733,6017016,2,2012,31,56,"Fenton Avenue Charter",91342
"10097",19,64733,6017016,3,2012,31,46.5,"Fenton Avenue Charter",91342
"10098",19,64733,6017016,4,2012,31,68.037037037037,"Fenton Avenue Charter",91342
"10099",19,64733,6017016,5,2012,31,70.4009216589862,"Fenton Avenue Charter",91342
"10100",19,64733,6017024,2,2012,31,41.5,"Fernangeles Elementary",91352
"10101",19,64733,6017024,3,2012,31,43.5945945945946,"Fernangeles Elementary",91352
"10102",19,64733,6017024,4,2012,31,53.589641434263,"Fernangeles Elementary",91352
"10103",19,64733,6017024,5,2012,31,52.0346820809249,"Fernangeles Elementary",91352
"10104",19,64733,6017032,2,2012,31,62.5,"Fifteenth Street Elementary",90731
"10105",19,64733,6017032,3,2012,31,63.0516431924883,"Fifteenth Street Elementary",90731
"10106",19,64733,6017032,4,2012,31,68.0670391061452,"Fifteenth Street Elementary",90731
"10107",19,64733,6017032,5,2012,31,50.72030651341,"Fifteenth Street Elementary",90731
"10108",19,64733,6017057,2,2012,31,33.5,"Fifty-Ninth Street Elementary",90043
"10109",19,64733,6017057,3,2012,31,52,"Fifty-Ninth Street Elementary",90043
"10110",19,64733,6017057,4,2012,31,33.4661654135338,"Fifty-Ninth Street Elementary",90043
"10111",19,64733,6017057,5,2012,31,35,"Fifty-Ninth Street Elementary",90043
"10112",19,64733,6017065,2,2012,31,35.5,"Fifty-Second Street Elementary",90037
"10113",19,64733,6017065,3,2012,31,31.5,"Fifty-Second Street Elementary",90037
"10114",19,64733,6017065,4,2012,31,41.5424528301887,"Fifty-Second Street Elementary",90037
"10115",19,64733,6017065,5,2012,31,20.6666666666667,"Fifty-Second Street Elementary",90037
"10116",19,64733,6017073,2,2012,31,62.5,"Figueroa Street Elementary",90044
"10117",19,64733,6017073,2,2012,111,64.0810810810811,"Figueroa Street Elementary",90044
"10118",19,64733,6017073,3,2012,31,43.5,"Figueroa Street Elementary",90044
"10119",19,64733,6017073,3,2012,111,46,"Figueroa Street Elementary",90044
"10120",19,64733,6017073,4,2012,31,46.0335195530726,"Figueroa Street Elementary",90044
"10121",19,64733,6017073,4,2012,111,48.24,"Figueroa Street Elementary",90044
"10122",19,64733,6017073,5,2012,31,45.9598393574297,"Figueroa Street Elementary",90044
"10123",19,64733,6017073,5,2012,111,43.1891891891892,"Figueroa Street Elementary",90044
"10124",19,64733,6017099,2,2012,31,47.5,"First Street Elementary",90033
"10125",19,64733,6017099,3,2012,31,42.5,"First Street Elementary",90033
"10126",19,64733,6017099,4,2012,31,55.5,"First Street Elementary",90033
"10127",19,64733,6017099,5,2012,31,48,"First Street Elementary",90033
"10128",19,64733,6017099,6,2012,31,50.0054644808743,"First Street Elementary",90033
"10129",19,64733,6017115,2,2012,31,37,"Fletcher Drive Elementary",90065
"10130",19,64733,6017115,3,2012,31,55.3697478991597,"Fletcher Drive Elementary",90065
"10131",19,64733,6017115,4,2012,31,50,"Fletcher Drive Elementary",90065
"10132",19,64733,6017115,5,2012,31,47.6748466257669,"Fletcher Drive Elementary",90065
"10133",19,64733,6017115,6,2012,31,33.453781512605,"Fletcher Drive Elementary",90065
"10134",19,64733,6017123,2,2012,31,58.5,"Florence Avenue Elementary",90001
"10135",19,64733,6017123,3,2012,31,66,"Florence Avenue Elementary",90001
"10136",19,64733,6017123,4,2012,31,62.5,"Florence Avenue Elementary",90001
"10137",19,64733,6017123,5,2012,31,65.6666666666667,"Florence Avenue Elementary",90001
"10138",19,64733,6017123,6,2012,31,34.5,"Florence Avenue Elementary",90001
"10139",19,64733,6017131,2,2012,31,65,"Ford Boulevard Elementary",90022
"10140",19,64733,6017131,3,2012,31,49.5689045936396,"Ford Boulevard Elementary",90022
"10141",19,64733,6017131,4,2012,31,56,"Ford Boulevard Elementary",90022
"10142",19,64733,6017131,5,2012,31,56.6394849785408,"Ford Boulevard Elementary",90022
"10143",19,64733,6017131,6,2012,31,34.5,"Ford Boulevard Elementary",90022
"10144",19,64733,6017149,2,2012,31,26.5,"Forty-Ninth Street Elementary",90011
"10145",19,64733,6017149,3,2012,31,46,"Forty-Ninth Street Elementary",90011
"10146",19,64733,6017149,4,2012,31,40.0402684563758,"Forty-Ninth Street Elementary",90011
"10147",19,64733,6017149,5,2012,31,52.0625,"Forty-Ninth Street Elementary",90011
"10148",19,64733,6017156,2,2012,31,35.5,"Forty-Second Street Elementary",90008
"10149",19,64733,6017156,3,2012,31,16.5,"Forty-Second Street Elementary",90008
"10150",19,64733,6017156,4,2012,31,53.0481927710843,"Forty-Second Street Elementary",90008
"10151",19,64733,6017156,5,2012,31,21,"Forty-Second Street Elementary",90008
"10152",19,64733,6017164,2,2012,31,65,"Fourth Street Elementary",90022
"10153",19,64733,6017164,3,2012,31,50.5423197492163,"Fourth Street Elementary",90022
"10154",19,64733,6017164,4,2012,31,58.5043988269795,"Fourth Street Elementary",90022
"10155",19,64733,6017164,5,2012,31,55.1970074812968,"Fourth Street Elementary",90022
"10156",19,64733,6017172,2,2012,31,63,"Franklin Avenue Elementary",90027
"10157",19,64733,6017172,2,2012,111,90,"Franklin Avenue Elementary",90027
"10158",19,64733,6017172,3,2012,31,71,"Franklin Avenue Elementary",90027
"10159",19,64733,6017172,3,2012,111,68.8762886597938,"Franklin Avenue Elementary",90027
"10160",19,64733,6017172,4,2012,31,72,"Franklin Avenue Elementary",90027
"10161",19,64733,6017172,4,2012,111,91.9885057471264,"Franklin Avenue Elementary",90027
"10162",19,64733,6017172,5,2012,31,94.5957446808511,"Franklin Avenue Elementary",90027
"10163",19,64733,6017172,5,2012,111,97,"Franklin Avenue Elementary",90027
"10164",19,64733,6017180,2,2012,31,43.5,"Fries Avenue Elementary",90744
"10165",19,64733,6017180,2,2012,111,27,"Fries Avenue Elementary",90744
"10166",19,64733,6017180,3,2012,31,48.6056338028169,"Fries Avenue Elementary",90744
"10167",19,64733,6017180,3,2012,111,50,"Fries Avenue Elementary",90744
"10168",19,64733,6017180,4,2012,31,73,"Fries Avenue Elementary",90744
"10169",19,64733,6017180,5,2012,31,47.6015625,"Fries Avenue Elementary",90744
"10170",19,64733,6017198,2,2012,31,59.5,"Fullbright Avenue Elementary",91306
"10171",19,64733,6017198,3,2012,31,55.1555555555556,"Fullbright Avenue Elementary",91306
"10172",19,64733,6017198,4,2012,31,83.042735042735,"Fullbright Avenue Elementary",91306
"10173",19,64733,6017198,5,2012,31,71.3560975609756,"Fullbright Avenue Elementary",91306
"10174",19,64733,6017206,2,2012,31,53.5,"Garden Grove Elementary",91335
"10175",19,64733,6017206,3,2012,31,57,"Garden Grove Elementary",91335
"10176",19,64733,6017206,4,2012,31,58.5,"Garden Grove Elementary",91335
"10177",19,64733,6017206,5,2012,31,57.6666666666667,"Garden Grove Elementary",91335
"10178",19,64733,6017214,2,2012,31,50.5,"Gardena Elementary",90247
"10179",19,64733,6017214,3,2012,31,52.3952095808383,"Gardena Elementary",90247
"10180",19,64733,6017214,4,2012,31,62.0490196078431,"Gardena Elementary",90247
"10181",19,64733,6017214,5,2012,31,66.3928571428571,"Gardena Elementary",90247
"10182",19,64733,6017222,2,2012,31,84.5,"Gardner Street Elementary",90046
"10183",19,64733,6017222,2,2012,111,89,"Gardner Street Elementary",90046
"10184",19,64733,6017222,3,2012,31,54.6708860759494,"Gardner Street Elementary",90046
"10185",19,64733,6017222,3,2012,111,75,"Gardner Street Elementary",90046
"10186",19,64733,6017222,4,2012,31,69,"Gardner Street Elementary",90046
"10187",19,64733,6017222,4,2012,111,90.5,"Gardner Street Elementary",90046
"10188",19,64733,6017222,5,2012,31,65,"Gardner Street Elementary",90046
"10189",19,64733,6017222,5,2012,111,82.3333333333333,"Gardner Street Elementary",90046
"10190",19,64733,6017222,6,2012,31,66.5,"Gardner Street Elementary",90046
"10191",19,64733,6017222,6,2012,111,93.5,"Gardner Street Elementary",90046
"10192",19,64733,6017230,2,2012,31,61,"Garvanza Elementary",90042
"10193",19,64733,6017230,3,2012,31,62.5,"Garvanza Elementary",90042
"10194",19,64733,6017230,4,2012,31,75.945945945946,"Garvanza Elementary",90042
"10195",19,64733,6017230,5,2012,31,71,"Garvanza Elementary",90042
"10196",19,64733,6017230,5,2012,111,69.3333333333333,"Garvanza Elementary",90042
"10197",19,64733,6017230,6,2012,31,42.5,"Garvanza Elementary",90042
"10198",19,64733,6017248,2,2012,31,59.5,"Gates Street Elementary",90031
"10199",19,64733,6017248,3,2012,31,58.8070175438597,"Gates Street Elementary",90031
"10200",19,64733,6017248,4,2012,31,68.5654205607477,"Gates Street Elementary",90031
"10201",19,64733,6017248,5,2012,31,52.1692913385827,"Gates Street Elementary",90031
"10202",19,64733,6017255,2,2012,31,39,"Gault Street Elementary",91406
"10203",19,64733,6017255,3,2012,31,55.0087719298246,"Gault Street Elementary",91406
"10204",19,64733,6017255,3,2012,111,40.5,"Gault Street Elementary",91406
"10205",19,64733,6017255,4,2012,31,64.5,"Gault Street Elementary",91406
"10206",19,64733,6017255,5,2012,31,51,"Gault Street Elementary",91406
"10207",19,64733,6017255,5,2012,111,79,"Gault Street Elementary",91406
"10208",19,64733,6017289,2,2012,31,62.5,"Gledhill Street Elementary",91343
"10209",19,64733,6017289,2,2012,111,65.5,"Gledhill Street Elementary",91343
"10210",19,64733,6017289,3,2012,31,73.5,"Gledhill Street Elementary",91343
"10211",19,64733,6017289,3,2012,111,71.2666666666667,"Gledhill Street Elementary",91343
"10212",19,64733,6017289,4,2012,31,64.6102941176471,"Gledhill Street Elementary",91343
"10213",19,64733,6017289,4,2012,111,78.4242424242424,"Gledhill Street Elementary",91343
"10214",19,64733,6017289,5,2012,31,59.7413127413127,"Gledhill Street Elementary",91343
"10215",19,64733,6017289,5,2012,111,81.4133333333333,"Gledhill Street Elementary",91343
"10216",19,64733,6017297,2,2012,31,45,"Glen Alta Elementary",90031
"10217",19,64733,6017297,3,2012,31,55,"Glen Alta Elementary",90031
"10218",19,64733,6017297,4,2012,31,68,"Glen Alta Elementary",90031
"10219",19,64733,6017297,5,2012,31,49,"Glen Alta Elementary",90031
"10220",19,64733,6017297,6,2012,31,33.4347826086956,"Glen Alta Elementary",90031
"10221",19,64733,6017297,7,2012,31,28,"Glen Alta Elementary",90031
"10222",19,64733,6017297,8,2012,31,35.25,"Glen Alta Elementary",90031
"10223",19,64733,6017305,2,2012,31,57.08,"Glenfeliz Boulevard Elementary",90039
"10224",19,64733,6017305,2,2012,111,90,"Glenfeliz Boulevard Elementary",90039
"10225",19,64733,6017305,3,2012,31,49.5,"Glenfeliz Boulevard Elementary",90039
"10226",19,64733,6017305,3,2012,111,73,"Glenfeliz Boulevard Elementary",90039
"10227",19,64733,6017305,4,2012,31,69.992125984252,"Glenfeliz Boulevard Elementary",90039
"10228",19,64733,6017305,5,2012,31,52.3333333333333,"Glenfeliz Boulevard Elementary",90039
"10229",19,64733,6017305,5,2012,111,64.3333333333333,"Glenfeliz Boulevard Elementary",90039
"10230",19,64733,6017305,6,2012,31,59.5,"Glenfeliz Boulevard Elementary",90039
"10231",19,64733,6017305,6,2012,111,86,"Glenfeliz Boulevard Elementary",90039
"10232",19,64733,6017313,2,2012,31,40,"Glenwood Elementary",91352
"10233",19,64733,6017313,3,2012,31,29.5,"Glenwood Elementary",91352
"10234",19,64733,6017313,5,2012,31,63.3333333333333,"Glenwood Elementary",91352
"10235",19,64733,6017321,2,2012,31,42.5,"Graham Elementary",90001
"10236",19,64733,6017321,3,2012,31,44.096256684492,"Graham Elementary",90001
"10237",19,64733,6017321,4,2012,31,55,"Graham Elementary",90001
"10238",19,64733,6017321,5,2012,31,39.6722408026756,"Graham Elementary",90001
"10239",19,64733,6017321,6,2012,31,28,"Graham Elementary",90001
"10240",19,64733,6017339,2,2012,31,53,"Granada Elementary",91344
"10241",19,64733,6017339,2,2012,111,91.5,"Granada Elementary",91344
"10242",19,64733,6017339,3,2012,31,45.0917431192661,"Granada Elementary",91344
"10243",19,64733,6017339,3,2012,111,66.3030303030303,"Granada Elementary",91344
"10244",19,64733,6017339,4,2012,31,78,"Granada Elementary",91344
"10245",19,64733,6017339,4,2012,111,84,"Granada Elementary",91344
"10246",19,64733,6017339,5,2012,31,49.3980582524272,"Granada Elementary",91344
"10247",19,64733,6017339,5,2012,111,65.5357142857143,"Granada Elementary",91344
"10248",19,64733,6017354,2,2012,31,53,"Grant Elementary",90028
"10249",19,64733,6017354,3,2012,31,44.8725490196078,"Grant Elementary",90028
"10250",19,64733,6017354,4,2012,31,72.5494505494506,"Grant Elementary",90028
"10251",19,64733,6017354,5,2012,31,50.958041958042,"Grant Elementary",90028
"10252",19,64733,6017354,6,2012,31,42.9700598802395,"Grant Elementary",90028
"10253",19,64733,6017362,2,2012,31,41.5,"Grape Street Elementary",90059
"10254",19,64733,6017362,2,2012,111,19,"Grape Street Elementary",90059
"10255",19,64733,6017362,3,2012,31,51,"Grape Street Elementary",90059
"10256",19,64733,6017362,3,2012,111,36,"Grape Street Elementary",90059
"10257",19,64733,6017362,4,2012,31,65.5,"Grape Street Elementary",90059
"10258",19,64733,6017362,4,2012,111,92,"Grape Street Elementary",90059
"10259",19,64733,6017362,5,2012,31,45.3333333333333,"Grape Street Elementary",90059
"10260",19,64733,6017362,5,2012,111,33,"Grape Street Elementary",90059
"10261",19,64733,6017388,2,2012,31,49.5,"Gridley Street Elementary",91340
"10262",19,64733,6017388,3,2012,31,46,"Gridley Street Elementary",91340
"10263",19,64733,6017388,4,2012,31,57.5,"Gridley Street Elementary",91340
"10264",19,64733,6017388,5,2012,31,42.3333333333333,"Gridley Street Elementary",91340
"10265",19,64733,6017396,2,2012,31,53.5,"Griffin Avenue Elementary",90031
"10266",19,64733,6017396,3,2012,31,43.903743315508,"Griffin Avenue Elementary",90031
"10267",19,64733,6017396,4,2012,31,54.9879518072289,"Griffin Avenue Elementary",90031
"10268",19,64733,6017396,5,2012,31,49.6666666666667,"Griffin Avenue Elementary",90031
"10269",19,64733,6017404,2,2012,31,68,"Gulf Avenue Elementary",90744
"10270",19,64733,6017404,3,2012,31,63.5,"Gulf Avenue Elementary",90744
"10271",19,64733,6017404,3,2012,111,55.258064516129,"Gulf Avenue Elementary",90744
"10272",19,64733,6017404,4,2012,31,74.009009009009,"Gulf Avenue Elementary",90744
"10273",19,64733,6017404,5,2012,31,61.0290697674419,"Gulf Avenue Elementary",90744
"10274",19,64733,6017404,5,2012,111,48.6666666666667,"Gulf Avenue Elementary",90744
"10275",19,64733,6017412,2,2012,31,46.5,"Haddon Avenue Elementary",91331
"10276",19,64733,6017412,3,2012,31,45.5803921568627,"Haddon Avenue Elementary",91331
"10277",19,64733,6017412,4,2012,31,67.0308370044053,"Haddon Avenue Elementary",91331
"10278",19,64733,6017412,5,2012,31,54.5454545454545,"Haddon Avenue Elementary",91331
"10279",19,64733,6017420,2,2012,31,63.5,"Halldale Elementary",90501
"10280",19,64733,6017420,2,2012,111,89.5,"Halldale Elementary",90501
"10281",19,64733,6017420,3,2012,31,51.6074074074074,"Halldale Elementary",90501
"10282",19,64733,6017420,3,2012,111,67.5,"Halldale Elementary",90501
"10283",19,64733,6017420,4,2012,31,70.5,"Halldale Elementary",90501
"10284",19,64733,6017420,4,2012,111,76.5,"Halldale Elementary",90501
"10285",19,64733,6017420,5,2012,31,58.6666666666667,"Halldale Elementary",90501
"10286",19,64733,6017446,2,2012,31,49.045643153527,"William R. Anton Elementary",90063
"10287",19,64733,6017446,3,2012,31,51,"William R. Anton Elementary",90063
"10288",19,64733,6017446,4,2012,31,56.5,"William R. Anton Elementary",90063
"10289",19,64733,6017446,5,2012,31,47,"William R. Anton Elementary",90063
"10290",19,64733,6017446,6,2012,31,37.5,"William R. Anton Elementary",90063
"10291",19,64733,6017453,2,2012,31,67.5,"Hancock Park Elementary",90036
"10292",19,64733,6017453,2,2012,111,85.5055762081784,"Hancock Park Elementary",90036
"10293",19,64733,6017453,3,2012,31,58.5,"Hancock Park Elementary",90036
"10294",19,64733,6017453,3,2012,111,84.5406698564593,"Hancock Park Elementary",90036
"10295",19,64733,6017453,4,2012,31,74.0434782608696,"Hancock Park Elementary",90036
"10296",19,64733,6017453,4,2012,111,95.5,"Hancock Park Elementary",90036
"10297",19,64733,6017453,5,2012,31,58.3333333333333,"Hancock Park Elementary",90036
"10298",19,64733,6017453,5,2012,111,78.6467889908257,"Hancock Park Elementary",90036
"10299",19,64733,6017461,2,2012,31,59.5,"Harbor City Elementary",90710
"10300",19,64733,6017461,3,2012,31,52.1489361702128,"Harbor City Elementary",90710
"10301",19,64733,6017461,4,2012,31,58.510067114094,"Harbor City Elementary",90710
"10302",19,64733,6017461,5,2012,31,63.6666666666667,"Harbor City Elementary",90710
"10303",19,64733,6017479,2,2012,31,59,"Harding Street Elementary",91342
"10304",19,64733,6017479,2,2012,111,63.5,"Harding Street Elementary",91342
"10305",19,64733,6017479,3,2012,31,63.2520325203252,"Harding Street Elementary",91342
"10306",19,64733,6017479,3,2012,111,67.5,"Harding Street Elementary",91342
"10307",19,64733,6017479,4,2012,31,76.1304347826087,"Harding Street Elementary",91342
"10308",19,64733,6017479,4,2012,111,82,"Harding Street Elementary",91342
"10309",19,64733,6017479,5,2012,31,74.7377049180328,"Harding Street Elementary",91342
"10310",19,64733,6017479,5,2012,111,67.0285714285714,"Harding Street Elementary",91342
"10311",19,64733,6017487,2,2012,31,42,"Harrison Street Elementary",90063
"10312",19,64733,6017487,3,2012,31,27,"Harrison Street Elementary",90063
"10313",19,64733,6017487,4,2012,31,43,"Harrison Street Elementary",90063
"10314",19,64733,6017487,5,2012,31,40.6666666666667,"Harrison Street Elementary",90063
"10315",19,64733,6017487,6,2012,31,38.5,"Harrison Street Elementary",90063
"10316",19,64733,6017495,2,2012,31,33.9878542510121,"Hart Street Elementary",91303
"10317",19,64733,6017495,3,2012,31,46.6567796610169,"Hart Street Elementary",91303
"10318",19,64733,6017495,4,2012,31,53.013698630137,"Hart Street Elementary",91303
"10319",19,64733,6017495,5,2012,31,41.7304347826087,"Hart Street Elementary",91303
"10320",19,64733,6017511,2,2012,31,68,"Hawaiian Avenue Elementary",90744
"10321",19,64733,6017511,3,2012,31,65.553264604811,"Hawaiian Avenue Elementary",90744
"10322",19,64733,6017511,4,2012,31,71,"Hawaiian Avenue Elementary",90744
"10323",19,64733,6017511,5,2012,31,57.6666666666667,"Hawaiian Avenue Elementary",90744
"10324",19,64733,6017537,2,2012,31,47.5121951219512,"Hazeltine Avenue Elementary",91405
"10325",19,64733,6017537,3,2012,31,47.3850267379679,"Hazeltine Avenue Elementary",91405
"10326",19,64733,6017537,4,2012,31,65.4950980392157,"Hazeltine Avenue Elementary",91405
"10327",19,64733,6017537,5,2012,31,57.6900958466454,"Hazeltine Avenue Elementary",91405
"10328",19,64733,6017545,2,2012,31,58.5,"Heliotrope Avenue Elementary",90270
"10329",19,64733,6017545,3,2012,31,53.0465949820789,"Heliotrope Avenue Elementary",90270
"10330",19,64733,6017545,4,2012,31,65.5,"Heliotrope Avenue Elementary",90270
"10331",19,64733,6017545,5,2012,31,53.3271767810026,"Heliotrope Avenue Elementary",90270
"10332",19,64733,6017552,2,2012,31,65.5,"Herrick Avenue Elementary",91342
"10333",19,64733,6017552,3,2012,31,59.1756097560976,"Herrick Avenue Elementary",91342
"10334",19,64733,6017552,4,2012,31,67.9905213270142,"Herrick Avenue Elementary",91342
"10335",19,64733,6017552,5,2012,31,50.0087463556851,"Herrick Avenue Elementary",91342
"10336",19,64733,6017586,2,2012,31,42.5,"Hillcrest Drive Elementary",90008
"10337",19,64733,6017586,3,2012,31,31,"Hillcrest Drive Elementary",90008
"10338",19,64733,6017586,4,2012,31,36,"Hillcrest Drive Elementary",90008
"10339",19,64733,6017586,5,2012,31,35.6773255813954,"Hillcrest Drive Elementary",90008
"10340",19,64733,6017594,2,2012,31,59,"Hillside Elementary",90031
"10341",19,64733,6017594,3,2012,31,46.3884297520661,"Hillside Elementary",90031
"10342",19,64733,6017594,4,2012,31,55.4890510948905,"Hillside Elementary",90031
"10343",19,64733,6017594,5,2012,31,51.7132867132867,"Hillside Elementary",90031
"10344",19,64733,6017602,2,2012,31,60.988416988417,"Hobart Boulevard Elementary",90006
"10345",19,64733,6017602,3,2012,31,54.0903614457831,"Hobart Boulevard Elementary",90006
"10346",19,64733,6017602,4,2012,31,67.5107296137339,"Hobart Boulevard Elementary",90006
"10347",19,64733,6017602,5,2012,31,71.708446866485,"Hobart Boulevard Elementary",90006
"10348",19,64733,6017610,2,2012,31,30.5,"Holmes Avenue Elementary",90058
"10349",19,64733,6017610,3,2012,31,28.5,"Holmes Avenue Elementary",90058
"10350",19,64733,6017610,4,2012,31,56,"Holmes Avenue Elementary",90058
"10351",19,64733,6017610,5,2012,31,35.0839160839161,"Holmes Avenue Elementary",90058
"10352",19,64733,6017610,6,2012,31,41,"Holmes Avenue Elementary",90058
"10353",19,64733,6017628,2,2012,31,39,"Hooper Avenue Elementary",90011
"10354",19,64733,6017628,2,2012,111,34,"Hooper Avenue Elementary",90011
"10355",19,64733,6017628,3,2012,31,28.4532577903683,"Hooper Avenue Elementary",90011
"10356",19,64733,6017628,3,2012,111,19.5,"Hooper Avenue Elementary",90011
"10357",19,64733,6017628,4,2012,31,44.0098522167488,"Hooper Avenue Elementary",90011
"10358",19,64733,6017628,4,2012,111,48.5,"Hooper Avenue Elementary",90011
"10359",19,64733,6017628,5,2012,31,30.736641221374,"Hooper Avenue Elementary",90011
"10360",19,64733,6017628,5,2012,111,32.6666666666667,"Hooper Avenue Elementary",90011
"10361",19,64733,6017636,2,2012,31,46,"Hoover Street Elementary",90005
"10362",19,64733,6017636,3,2012,31,58.5,"Hoover Street Elementary",90005
"10363",19,64733,6017636,4,2012,31,53.0180995475113,"Hoover Street Elementary",90005
"10364",19,64733,6017636,5,2012,31,62.7100977198697,"Hoover Street Elementary",90005
"10365",19,64733,6017644,2,2012,31,51.5,"Hubbard Street Elementary",91342
"10366",19,64733,6017644,2,2012,111,63.5,"Hubbard Street Elementary",91342
"10367",19,64733,6017644,3,2012,31,60.4449339207048,"Hubbard Street Elementary",91342
"10368",19,64733,6017644,3,2012,111,64,"Hubbard Street Elementary",91342
"10369",19,64733,6017644,4,2012,31,72.0787401574803,"Hubbard Street Elementary",91342
"10370",19,64733,6017644,4,2012,111,80.5,"Hubbard Street Elementary",91342
"10371",19,64733,6017644,5,2012,31,51.6974063400576,"Hubbard Street Elementary",91342
"10372",19,64733,6017644,5,2012,111,72.3333333333333,"Hubbard Street Elementary",91342
"10373",19,64733,6017651,2,2012,31,47.5,"Humphreys Avenue Elementary",90022
"10374",19,64733,6017651,3,2012,31,44.5770750988142,"Humphreys Avenue Elementary",90022
"10375",19,64733,6017651,4,2012,31,54.0082987551867,"Humphreys Avenue Elementary",90022
"10376",19,64733,6017651,5,2012,31,45.3333333333333,"Humphreys Avenue Elementary",90022
"10377",19,64733,6017669,2,2012,31,32.5,"Huntington Drive Elementary",90032
"10378",19,64733,6017669,3,2012,31,37.1627906976744,"Huntington Drive Elementary",90032
"10379",19,64733,6017669,4,2012,31,57.1785714285714,"Huntington Drive Elementary",90032
"10380",19,64733,6017669,5,2012,31,53.3684210526316,"Huntington Drive Elementary",90032
"10381",19,64733,6017669,6,2012,31,40.4140625,"Huntington Drive Elementary",90032
"10382",19,64733,6017677,2,2012,31,37,"YES Academy",90043
"10383",19,64733,6017677,3,2012,31,41,"YES Academy",90043
"10384",19,64733,6017677,4,2012,31,48,"YES Academy",90043
"10385",19,64733,6017677,5,2012,31,30,"YES Academy",90043
"10386",19,64733,6017685,2,2012,111,92,"Ivanhoe Elementary",90039
"10387",19,64733,6017685,3,2012,111,91,"Ivanhoe Elementary",90039
"10388",19,64733,6017685,4,2012,111,95.4770642201835,"Ivanhoe Elementary",90039
"10389",19,64733,6017685,5,2012,111,87.3333333333333,"Ivanhoe Elementary",90039
"10390",19,64733,6017719,2,2012,31,68,"Kentwood Elementary",90045
"10391",19,64733,6017719,2,2012,111,86,"Kentwood Elementary",90045
"10392",19,64733,6017719,3,2012,31,53,"Kentwood Elementary",90045
"10393",19,64733,6017719,3,2012,111,83.2727272727273,"Kentwood Elementary",90045
"10394",19,64733,6017719,4,2012,31,75.8965517241379,"Kentwood Elementary",90045
"10395",19,64733,6017719,4,2012,111,87.5,"Kentwood Elementary",90045
"10396",19,64733,6017719,5,2012,31,46.3333333333333,"Kentwood Elementary",90045
"10397",19,64733,6017719,5,2012,111,76.3033707865169,"Kentwood Elementary",90045
"10398",19,64733,6017727,2,2012,31,72.5,"Kester Avenue Elementary",91411
"10399",19,64733,6017727,2,2012,111,86,"Kester Avenue Elementary",91411
"10400",19,64733,6017727,3,2012,31,71.0823529411765,"Kester Avenue Elementary",91411
"10401",19,64733,6017727,3,2012,111,85.5413533834586,"Kester Avenue Elementary",91411
"10402",19,64733,6017727,4,2012,31,68.0114942528736,"Kester Avenue Elementary",91411
"10403",19,64733,6017727,4,2012,111,90.5,"Kester Avenue Elementary",91411
"10404",19,64733,6017727,5,2012,31,74.3257575757576,"Kester Avenue Elementary",91411
"10405",19,64733,6017727,5,2012,111,90,"Kester Avenue Elementary",91411
"10406",19,64733,6017735,2,2012,31,59.5021097046413,"Kittridge Street Elementary",91401
"10407",19,64733,6017735,3,2012,31,47.3739837398374,"Kittridge Street Elementary",91401
"10408",19,64733,6017735,4,2012,31,70,"Kittridge Street Elementary",91401
"10409",19,64733,6017735,5,2012,31,68.7215909090909,"Kittridge Street Elementary",91401
"10410",19,64733,6017750,2,2012,31,31,"La Salle Avenue Elementary",90047
"10411",19,64733,6017750,3,2012,31,17.5,"La Salle Avenue Elementary",90047
"10412",19,64733,6017750,4,2012,31,55.5,"La Salle Avenue Elementary",90047
"10413",19,64733,6017750,5,2012,31,28.6666666666667,"La Salle Avenue Elementary",90047
"10414",19,64733,6017768,2,2012,111,90,"Lanai Road Elementary",91436
"10415",19,64733,6017768,3,2012,111,92.523178807947,"Lanai Road Elementary",91436
"10416",19,64733,6017768,4,2012,111,94.0132450331126,"Lanai Road Elementary",91436
"10417",19,64733,6017768,5,2012,111,97,"Lanai Road Elementary",91436
"10418",19,64733,6017776,2,2012,31,49,"Langdon Avenue Elementary",91343
"10419",19,64733,6017776,3,2012,31,46,"Langdon Avenue Elementary",91343
"10420",19,64733,6017776,4,2012,31,51.5984848484849,"Langdon Avenue Elementary",91343
"10421",19,64733,6017776,5,2012,31,34.6267281105991,"Langdon Avenue Elementary",91343
"10422",19,64733,6017784,2,2012,31,60,"Lankershim Elementary",91601
"10423",19,64733,6017784,3,2012,31,63.6193548387097,"Lankershim Elementary",91601
"10424",19,64733,6017784,4,2012,31,62.5,"Lankershim Elementary",91601
"10425",19,64733,6017784,5,2012,31,57.6666666666667,"Lankershim Elementary",91601
"10426",19,64733,6017792,2,2012,31,57,"Lassen Elementary",91343
"10427",19,64733,6017792,3,2012,31,57,"Lassen Elementary",91343
"10428",19,64733,6017792,4,2012,31,62,"Lassen Elementary",91343
"10429",19,64733,6017792,5,2012,31,38.6865079365079,"Lassen Elementary",91343
"10430",19,64733,6017792,5,2012,111,53.6666666666667,"Lassen Elementary",91343
"10431",19,64733,6017800,2,2012,31,26.5,"Latona Avenue Elementary",90031
"10432",19,64733,6017800,3,2012,31,34.5,"Latona Avenue Elementary",90031
"10433",19,64733,6017800,4,2012,31,54,"Latona Avenue Elementary",90031
"10434",19,64733,6017800,5,2012,31,28.6029411764706,"Latona Avenue Elementary",90031
"10435",19,64733,6017800,6,2012,31,48,"Latona Avenue Elementary",90031
"10436",19,64733,6017818,2,2012,31,23,"Laurel Elementary",90046
"10437",19,64733,6017818,3,2012,31,71.5,"Laurel Elementary",90046
"10438",19,64733,6017818,4,2012,31,54.5,"Laurel Elementary",90046
"10439",19,64733,6017818,5,2012,31,80.6666666666667,"Laurel Elementary",90046
"10440",19,64733,6017818,6,2012,31,41.4153846153846,"Laurel Elementary",90046
"10441",19,64733,6017818,6,2012,111,56.5,"Laurel Elementary",90046
"10442",19,64733,6017818,8,2012,31,54.5643564356436,"Laurel Elementary",90046
"10443",19,64733,6017818,8,2012,111,71.3928571428571,"Laurel Elementary",90046
"10444",19,64733,6017826,2,2012,31,36,"Leapwood Avenue Elementary",90746
"10445",19,64733,6017826,2,2012,111,47.5,"Leapwood Avenue Elementary",90746
"10446",19,64733,6017826,3,2012,31,54.68,"Leapwood Avenue Elementary",90746
"10447",19,64733,6017826,3,2012,111,64.5,"Leapwood Avenue Elementary",90746
"10448",19,64733,6017826,4,2012,31,57,"Leapwood Avenue Elementary",90746
"10449",19,64733,6017826,4,2012,111,64,"Leapwood Avenue Elementary",90746
"10450",19,64733,6017826,5,2012,31,49.126582278481,"Leapwood Avenue Elementary",90746
"10451",19,64733,6017834,2,2012,31,56,"Leland Street Elementary",90731
"10452",19,64733,6017834,2,2012,111,60.5,"Leland Street Elementary",90731
"10453",19,64733,6017834,3,2012,31,53.5,"Leland Street Elementary",90731
"10454",19,64733,6017834,3,2012,111,70,"Leland Street Elementary",90731
"10455",19,64733,6017834,4,2012,31,72.0575539568345,"Leland Street Elementary",90731
"10456",19,64733,6017834,4,2012,111,80.5,"Leland Street Elementary",90731
"10457",19,64733,6017834,5,2012,31,55.8634146341463,"Leland Street Elementary",90731
"10458",19,64733,6017834,5,2012,111,51,"Leland Street Elementary",90731
"10459",19,64733,6017834,6,2012,31,80.5,"Leland Street Elementary",90731
"10460",19,64733,6017834,6,2012,111,50,"Leland Street Elementary",90731
"10461",19,64733,6017842,2,2012,31,77,"Lemay Street Elementary",91406
"10462",19,64733,6017842,3,2012,31,73.1165048543689,"Lemay Street Elementary",91406
"10463",19,64733,6017842,3,2012,111,87.68,"Lemay Street Elementary",91406
"10464",19,64733,6017842,4,2012,31,80.5977011494253,"Lemay Street Elementary",91406
"10465",19,64733,6017842,5,2012,31,73.3333333333333,"Lemay Street Elementary",91406
"10466",19,64733,6017859,2,2012,31,60.5,"Liberty Boulevard Elementary",90280
"10467",19,64733,6017859,3,2012,31,47,"Liberty Boulevard Elementary",90280
"10468",19,64733,6017859,4,2012,31,64.0201005025126,"Liberty Boulevard Elementary",90280
"10469",19,64733,6017859,5,2012,31,42.3205479452055,"Liberty Boulevard Elementary",90280
"10470",19,64733,6017867,2,2012,31,67,"Liggett Street Elementary",91402
"10471",19,64733,6017867,3,2012,31,46.5,"Liggett Street Elementary",91402
"10472",19,64733,6017867,4,2012,31,64,"Liggett Street Elementary",91402
"10473",19,64733,6017867,5,2012,31,48.6666666666667,"Liggett Street Elementary",91402
"10474",19,64733,6017875,2,2012,31,55,"Lillian Street Elementary",90001
"10475",19,64733,6017875,3,2012,31,44.0786026200873,"Lillian Street Elementary",90001
"10476",19,64733,6017875,4,2012,31,63,"Lillian Street Elementary",90001
"10477",19,64733,6017875,5,2012,31,47.6081081081081,"Lillian Street Elementary",90001
"10478",19,64733,6017875,6,2012,31,49.4974093264249,"Lillian Street Elementary",90001
"10479",19,64733,6017883,2,2012,31,48,"Limerick Avenue Elementary",91306
"10480",19,64733,6017883,3,2012,31,49.9530685920578,"Limerick Avenue Elementary",91306
"10481",19,64733,6017883,4,2012,31,57.5396341463415,"Limerick Avenue Elementary",91306
"10482",19,64733,6017883,5,2012,31,38.6733870967742,"Limerick Avenue Elementary",91306
"10483",19,64733,6017909,2,2012,31,35,"Lockwood Avenue Elementary",90029
"10484",19,64733,6017909,3,2012,31,54.5,"Lockwood Avenue Elementary",90029
"10485",19,64733,6017909,4,2012,31,51.5028571428571,"Lockwood Avenue Elementary",90029
"10486",19,64733,6017909,5,2012,31,59.6666666666667,"Lockwood Avenue Elementary",90029
"10487",19,64733,6017909,6,2012,31,40,"Lockwood Avenue Elementary",90029
"10488",19,64733,6017925,2,2012,31,57.5,"Loma Vista Elementary",90270
"10489",19,64733,6017925,3,2012,31,63,"Loma Vista Elementary",90270
"10490",19,64733,6017925,4,2012,31,52,"Loma Vista Elementary",90270
"10491",19,64733,6017925,5,2012,31,45,"Loma Vista Elementary",90270
"10492",19,64733,6017941,2,2012,31,39.5,"Lorena Street Elementary",90023
"10493",19,64733,6017941,3,2012,31,39,"Lorena Street Elementary",90023
"10494",19,64733,6017941,4,2012,31,55.5,"Lorena Street Elementary",90023
"10495",19,64733,6017941,5,2012,31,46.6666666666667,"Lorena Street Elementary",90023
"10496",19,64733,6017958,2,2012,31,36,"Loreto Street Elementary",90065
"10497",19,64733,6017958,3,2012,31,49.1503759398496,"Loreto Street Elementary",90065
"10498",19,64733,6017958,4,2012,31,68.0487804878049,"Loreto Street Elementary",90065
"10499",19,64733,6017958,5,2012,31,39.8947368421053,"Loreto Street Elementary",90065
"10500",19,64733,6017966,2,2012,31,45.5,"Lorne Street Elementary",91325
"10501",19,64733,6017966,2,2012,111,72.5,"Lorne Street Elementary",91325
"10502",19,64733,6017966,3,2012,31,56.5,"Lorne Street Elementary",91325
"10503",19,64733,6017966,3,2012,111,65,"Lorne Street Elementary",91325
"10504",19,64733,6017966,4,2012,31,71.5,"Lorne Street Elementary",91325
"10505",19,64733,6017966,4,2012,111,87.5,"Lorne Street Elementary",91325
"10506",19,64733,6017966,5,2012,31,57.665306122449,"Lorne Street Elementary",91325
"10507",19,64733,6017966,5,2012,111,79.3333333333333,"Lorne Street Elementary",91325
"10508",19,64733,6017990,2,2012,31,39,"Magnolia Avenue Elementary",90006
"10509",19,64733,6017990,3,2012,31,36,"Magnolia Avenue Elementary",90006
"10510",19,64733,6017990,4,2012,31,44,"Magnolia Avenue Elementary",90006
"10511",19,64733,6017990,5,2012,31,43.3333333333333,"Magnolia Avenue Elementary",90006
"10512",19,64733,6017990,6,2012,31,33.5,"Magnolia Avenue Elementary",90006
"10513",19,64733,6018006,2,2012,31,35,"Main Street Elementary",90011
"10514",19,64733,6018006,3,2012,31,59.5962441314554,"Main Street Elementary",90011
"10515",19,64733,6018006,3,2012,111,38.5,"Main Street Elementary",90011
"10516",19,64733,6018006,4,2012,31,48,"Main Street Elementary",90011
"10517",19,64733,6018006,5,2012,31,44.1339563862928,"Main Street Elementary",90011
"10518",19,64733,6018006,5,2012,111,27,"Main Street Elementary",90011
"10519",19,64733,6018014,2,2012,31,38.5,"Malabar Street Elementary",90063
"10520",19,64733,6018014,3,2012,31,54.4355828220859,"Malabar Street Elementary",90063
"10521",19,64733,6018014,4,2012,31,57.5625,"Malabar Street Elementary",90063
"10522",19,64733,6018014,5,2012,31,64.3684210526316,"Malabar Street Elementary",90063
"10523",19,64733,6018014,6,2012,31,44.0526315789474,"Malabar Street Elementary",90063
"10524",19,64733,6018022,2,2012,31,52,"Manchester Avenue Elementary",90044
"10525",19,64733,6018022,3,2012,31,53.5,"Manchester Avenue Elementary",90044
"10526",19,64733,6018022,4,2012,31,52.4,"Manchester Avenue Elementary",90044
"10527",19,64733,6018022,5,2012,31,60.3382716049383,"Manchester Avenue Elementary",90044
"10528",19,64733,6018022,6,2012,31,39,"Manchester Avenue Elementary",90044
"10529",19,64733,6018030,2,2012,31,41.5,"Manhattan Place Elementary",90047
"10530",19,64733,6018030,3,2012,31,35.5,"Manhattan Place Elementary",90047
"10531",19,64733,6018030,4,2012,31,36.5,"Manhattan Place Elementary",90047
"10532",19,64733,6018030,5,2012,31,15.7142857142857,"Manhattan Place Elementary",90047
"10533",19,64733,6018030,5,2012,111,18,"Manhattan Place Elementary",90047
"10534",19,64733,6018048,2,2012,31,62,"Mar Vista Elementary",90066
"10535",19,64733,6018048,2,2012,111,88,"Mar Vista Elementary",90066
"10536",19,64733,6018048,3,2012,31,56.5,"Mar Vista Elementary",90066
"10537",19,64733,6018048,3,2012,111,81.5,"Mar Vista Elementary",90066
"10538",19,64733,6018048,4,2012,31,85,"Mar Vista Elementary",90066
"10539",19,64733,6018048,4,2012,111,93.9937888198758,"Mar Vista Elementary",90066
"10540",19,64733,6018048,5,2012,111,82,"Mar Vista Elementary",90066
"10541",19,64733,6018055,2,2012,31,47,"Marianna Avenue Elementary",90063
"10542",19,64733,6018055,3,2012,31,46.2295081967213,"Marianna Avenue Elementary",90063
"10543",19,64733,6018055,4,2012,31,56.0985915492958,"Marianna Avenue Elementary",90063
"10544",19,64733,6018055,5,2012,31,53.7412587412587,"Marianna Avenue Elementary",90063
"10545",19,64733,6018055,6,2012,31,55.5263157894737,"Marianna Avenue Elementary",90063
"10546",19,64733,6018071,2,2012,31,48,"Marvin Elementary",90016
"10547",19,64733,6018071,3,2012,31,53.5509433962264,"Marvin Elementary",90016
"10548",19,64733,6018071,4,2012,31,72.5099601593625,"Marvin Elementary",90016
"10549",19,64733,6018071,4,2012,111,81.8888888888889,"Marvin Elementary",90016
"10550",19,64733,6018071,5,2012,31,58.6666666666667,"Marvin Elementary",90016
"10551",19,64733,6018071,5,2012,111,61,"Marvin Elementary",90016
"10552",19,64733,6018089,2,2012,31,54.5,"Mayall Street Elementary",91343
"10553",19,64733,6018089,2,2012,111,63,"Mayall Street Elementary",91343
"10554",19,64733,6018089,3,2012,31,70.9157894736842,"Mayall Street Elementary",91343
"10555",19,64733,6018089,3,2012,111,63.5,"Mayall Street Elementary",91343
"10556",19,64733,6018089,4,2012,31,64,"Mayall Street Elementary",91343
"10557",19,64733,6018089,4,2012,111,77.5,"Mayall Street Elementary",91343
"10558",19,64733,6018089,5,2012,31,57.5987261146497,"Mayall Street Elementary",91343
"10559",19,64733,6018089,5,2012,111,79.6666666666667,"Mayall Street Elementary",91343
"10560",19,64733,6018097,2,2012,31,42,"Mayberry Street Elementary",90026
"10561",19,64733,6018097,2,2012,111,46,"Mayberry Street Elementary",90026
"10562",19,64733,6018097,3,2012,31,51,"Mayberry Street Elementary",90026
"10563",19,64733,6018097,4,2012,31,53,"Mayberry Street Elementary",90026
"10564",19,64733,6018097,5,2012,31,45.7086614173228,"Mayberry Street Elementary",90026
"10565",19,64733,6018097,5,2012,111,73,"Mayberry Street Elementary",90026
"10566",19,64733,6018097,6,2012,31,53.5,"Mayberry Street Elementary",90026
"10567",19,64733,6018097,6,2012,111,45.5,"Mayberry Street Elementary",90026
"10568",19,64733,6018105,2,2012,31,43.5,"McKinley Avenue Elementary",90001
"10569",19,64733,6018105,4,2012,31,54.9910313901345,"McKinley Avenue Elementary",90001
"10570",19,64733,6018105,5,2012,31,38,"McKinley Avenue Elementary",90001
"10571",19,64733,6018105,6,2012,31,27.5,"McKinley Avenue Elementary",90001
"10572",19,64733,6018113,2,2012,31,54,"Melrose Avenue Elementary",90046
"10573",19,64733,6018113,2,2012,111,89,"Melrose Avenue Elementary",90046
"10574",19,64733,6018113,3,2012,31,78.5,"Melrose Avenue Elementary",90046
"10575",19,64733,6018113,3,2012,111,94,"Melrose Avenue Elementary",90046
"10576",19,64733,6018113,4,2012,31,72.5844155844156,"Melrose Avenue Elementary",90046
"10577",19,64733,6018113,4,2012,111,86.5,"Melrose Avenue Elementary",90046
"10578",19,64733,6018113,5,2012,31,73.3451327433628,"Melrose Avenue Elementary",90046
"10579",19,64733,6018113,5,2012,111,84,"Melrose Avenue Elementary",90046
"10580",19,64733,6018121,2,2012,31,45.4859813084112,"Melvin Avenue Elementary",91335
"10581",19,64733,6018121,3,2012,31,36,"Melvin Avenue Elementary",91335
"10582",19,64733,6018121,3,2012,111,66,"Melvin Avenue Elementary",91335
"10583",19,64733,6018121,4,2012,31,68.5,"Melvin Avenue Elementary",91335
"10584",19,64733,6018121,4,2012,111,76.5,"Melvin Avenue Elementary",91335
"10585",19,64733,6018121,5,2012,31,41,"Melvin Avenue Elementary",91335
"10586",19,64733,6018121,5,2012,111,74.6666666666667,"Melvin Avenue Elementary",91335
"10587",19,64733,6018139,2,2012,31,58,"Menlo Avenue Elementary",90037
"10588",19,64733,6018139,3,2012,31,57.787037037037,"Menlo Avenue Elementary",90037
"10589",19,64733,6018139,4,2012,31,67,"Menlo Avenue Elementary",90037
"10590",19,64733,6018139,5,2012,31,49.0273348519362,"Menlo Avenue Elementary",90037
"10591",19,64733,6018147,2,2012,31,66,"Meyler Street Elementary",90502
"10592",19,64733,6018147,2,2012,111,47,"Meyler Street Elementary",90502
"10593",19,64733,6018147,3,2012,31,29,"Meyler Street Elementary",90502
"10594",19,64733,6018147,3,2012,111,52.5,"Meyler Street Elementary",90502
"10595",19,64733,6018147,4,2012,31,48,"Meyler Street Elementary",90502
"10596",19,64733,6018147,4,2012,111,71,"Meyler Street Elementary",90502
"10597",19,64733,6018147,5,2012,31,37.9914040114613,"Meyler Street Elementary",90502
"10598",19,64733,6018147,5,2012,111,47,"Meyler Street Elementary",90502
"10599",19,64733,6018162,2,2012,31,47,"Middleton Street Elementary",90255
"10600",19,64733,6018162,3,2012,31,50.5,"Middleton Street Elementary",90255
"10601",19,64733,6018162,4,2012,31,62.7651515151515,"Middleton Street Elementary",90255
"10602",19,64733,6018162,5,2012,31,45.7174657534247,"Middleton Street Elementary",90255
"10603",19,64733,6018162,6,2012,31,43.544235924933,"Middleton Street Elementary",90255
"10604",19,64733,6018170,2,2012,31,50.9981785063752,"Miles Avenue Elementary",90255
"10605",19,64733,6018170,3,2012,31,51,"Miles Avenue Elementary",90255
"10606",19,64733,6018170,4,2012,31,61,"Miles Avenue Elementary",90255
"10607",19,64733,6018170,5,2012,31,69.3333333333333,"Miles Avenue Elementary",90255
"10608",19,64733,6018188,2,2012,31,30,"Miramonte Elementary",90001
"10609",19,64733,6018188,2,2012,111,7,"Miramonte Elementary",90001
"10610",19,64733,6018188,3,2012,31,28.4671916010499,"Miramonte Elementary",90001
"10611",19,64733,6018188,4,2012,31,42,"Miramonte Elementary",90001
"10612",19,64733,6018188,4,2012,111,46,"Miramonte Elementary",90001
"10613",19,64733,6018188,5,2012,31,33.672131147541,"Miramonte Elementary",90001
"10614",19,64733,6018188,5,2012,111,33.3333333333333,"Miramonte Elementary",90001
"10615",19,64733,6018188,6,2012,31,32.5099337748344,"Miramonte Elementary",90001
"10616",19,64733,6018188,6,2012,111,34,"Miramonte Elementary",90001
"10617",19,64733,6018204,2,2012,31,47,"Montague Charter Academy",91331
"10618",19,64733,6018204,3,2012,31,52,"Montague Charter Academy",91331
"10619",19,64733,6018204,4,2012,31,61.5,"Montague Charter Academy",91331
"10620",19,64733,6018204,5,2012,31,61.6666666666667,"Montague Charter Academy",91331
"10621",19,64733,6018212,2,2012,31,45,"Monte Vista Street Elementary",90042
"10622",19,64733,6018212,3,2012,31,47,"Monte Vista Street Elementary",90042
"10623",19,64733,6018212,4,2012,31,57.4926829268293,"Monte Vista Street Elementary",90042
"10624",19,64733,6018212,5,2012,31,57.0315457413249,"Monte Vista Street Elementary",90042
"10625",19,64733,6018212,6,2012,31,34.9877300613497,"Monte Vista Street Elementary",90042
"10626",19,64733,6018220,2,2012,31,52.5,"Morningside Elementary",91340
"10627",19,64733,6018220,3,2012,31,67.5974025974026,"Morningside Elementary",91340
"10628",19,64733,6018220,4,2012,31,69.5486725663717,"Morningside Elementary",91340
"10629",19,64733,6018220,5,2012,31,55.0412698412698,"Morningside Elementary",91340
"10630",19,64733,6018238,2,2012,31,72.5,"Mountain View Elementary",91042
"10631",19,64733,6018238,2,2012,111,79,"Mountain View Elementary",91042
"10632",19,64733,6018238,3,2012,31,67.6769230769231,"Mountain View Elementary",91042
"10633",19,64733,6018238,3,2012,111,77.5,"Mountain View Elementary",91042
"10634",19,64733,6018238,4,2012,31,79,"Mountain View Elementary",91042
"10635",19,64733,6018238,4,2012,111,87.1132075471698,"Mountain View Elementary",91042
"10636",19,64733,6018238,5,2012,31,43,"Mountain View Elementary",91042
"10637",19,64733,6018238,5,2012,111,52.3333333333333,"Mountain View Elementary",91042
"10638",19,64733,6018246,2,2012,111,79,"Mt. Washington Elementary",90065
"10639",19,64733,6018246,3,2012,111,76.134328358209,"Mt. Washington Elementary",90065
"10640",19,64733,6018246,4,2012,111,88.9259259259259,"Mt. Washington Elementary",90065
"10641",19,64733,6018246,5,2012,31,75,"Mt. Washington Elementary",90065
"10642",19,64733,6018246,5,2012,111,87,"Mt. Washington Elementary",90065
"10643",19,64733,6018246,6,2012,31,75,"Mt. Washington Elementary",90065
"10644",19,64733,6018253,2,2012,31,49.5,"Multnomah Street Elementary",90032
"10645",19,64733,6018253,2,2012,111,81,"Multnomah Street Elementary",90032
"10646",19,64733,6018253,3,2012,31,60,"Multnomah Street Elementary",90032
"10647",19,64733,6018253,4,2012,31,70,"Multnomah Street Elementary",90032
"10648",19,64733,6018253,4,2012,111,93,"Multnomah Street Elementary",90032
"10649",19,64733,6018253,5,2012,31,68.9295154185022,"Multnomah Street Elementary",90032
"10650",19,64733,6018253,5,2012,111,81.5510204081633,"Multnomah Street Elementary",90032
"10651",19,64733,6018261,2,2012,31,48.5,"Murchison Street Elementary",90033
"10652",19,64733,6018261,3,2012,31,32.5686274509804,"Murchison Street Elementary",90033
"10653",19,64733,6018261,4,2012,31,52,"Murchison Street Elementary",90033
"10654",19,64733,6018261,5,2012,31,45.011673151751,"Murchison Street Elementary",90033
"10655",19,64733,6018261,6,2012,31,30.5,"Murchison Street Elementary",90033
"10656",19,64733,6018279,2,2012,31,66,"Napa Street Elementary",91324
"10657",19,64733,6018279,3,2012,31,46.7678571428571,"Napa Street Elementary",91324
"10658",19,64733,6018279,5,2012,31,51.4315789473684,"Napa Street Elementary",91324
"10659",19,64733,6018295,2,2012,31,41.9548872180451,"Nevada Avenue Elementary",91304
"10660",19,64733,6018295,3,2012,31,56.4046242774566,"Nevada Avenue Elementary",91304
"10661",19,64733,6018295,4,2012,31,77.5581395348837,"Nevada Avenue Elementary",91304
"10662",19,64733,6018295,5,2012,31,54.3365384615385,"Nevada Avenue Elementary",91304
"10663",19,64733,6018295,5,2012,111,69.3333333333333,"Nevada Avenue Elementary",91304
"10664",19,64733,6018303,2,2012,31,53,"Nevin Avenue Elementary",90011
"10665",19,64733,6018303,3,2012,31,43.8714285714286,"Nevin Avenue Elementary",90011
"10666",19,64733,6018303,4,2012,31,60.0144927536232,"Nevin Avenue Elementary",90011
"10667",19,64733,6018303,5,2012,31,39.2434017595308,"Nevin Avenue Elementary",90011
"10668",19,64733,6018311,2,2012,31,66.5,"Newcastle Elementary",91335
"10669",19,64733,6018311,2,2012,111,91,"Newcastle Elementary",91335
"10670",19,64733,6018311,3,2012,31,66,"Newcastle Elementary",91335
"10671",19,64733,6018311,3,2012,111,86.5,"Newcastle Elementary",91335
"10672",19,64733,6018311,4,2012,31,83.9259259259259,"Newcastle Elementary",91335
"10673",19,64733,6018311,5,2012,31,65.0536912751678,"Newcastle Elementary",91335
"10674",19,64733,6018360,2,2012,31,39.5,"Charles W. Barrett Elementary",90003
"10675",19,64733,6018360,3,2012,31,40.0349854227405,"Charles W. Barrett Elementary",90003
"10676",19,64733,6018360,4,2012,31,54.9965397923875,"Charles W. Barrett Elementary",90003
"10677",19,64733,6018360,5,2012,31,50.3417085427136,"Charles W. Barrett Elementary",90003
"10678",19,64733,6018394,2,2012,31,53,"Noble Avenue Elementary",91343
"10679",19,64733,6018394,3,2012,31,53.1128526645768,"Noble Avenue Elementary",91343
"10680",19,64733,6018394,4,2012,31,68.5816618911175,"Noble Avenue Elementary",91343
"10681",19,64733,6018394,5,2012,31,57.1632653061224,"Noble Avenue Elementary",91343
"10682",19,64733,6018410,2,2012,31,40.5159010600707,"Normandie Avenue Elementary",90037
"10683",19,64733,6018410,3,2012,31,47.8731343283582,"Normandie Avenue Elementary",90037
"10684",19,64733,6018410,4,2012,31,53.0215053763441,"Normandie Avenue Elementary",90037
"10685",19,64733,6018410,4,2012,111,41.4137931034483,"Normandie Avenue Elementary",90037
"10686",19,64733,6018410,5,2012,31,40.3629242819843,"Normandie Avenue Elementary",90037
"10687",19,64733,6018410,5,2012,111,36,"Normandie Avenue Elementary",90037
"10688",19,64733,6018428,2,2012,31,46.5,"Normont Elementary",90710
"10689",19,64733,6018428,3,2012,31,46,"Normont Elementary",90710
"10690",19,64733,6018428,4,2012,31,74.5607476635514,"Normont Elementary",90710
"10691",19,64733,6018428,5,2012,31,62.3033707865169,"Normont Elementary",90710
"10692",19,64733,6018436,2,2012,31,43.5018587360595,"Norwood Street Elementary",90007
"10693",19,64733,6018436,3,2012,31,45,"Norwood Street Elementary",90007
"10694",19,64733,6018436,4,2012,31,58.5,"Norwood Street Elementary",90007
"10695",19,64733,6018436,5,2012,31,38.0518292682927,"Norwood Street Elementary",90007
"10696",19,64733,6018444,2,2012,31,45.5,"O'Melveny Elementary",91340
"10697",19,64733,6018444,3,2012,31,35.5660377358491,"O'Melveny Elementary",91340
"10698",19,64733,6018444,4,2012,31,72.0162601626016,"O'Melveny Elementary",91340
"10699",19,64733,6018444,5,2012,31,61.2863070539419,"O'Melveny Elementary",91340
"10700",19,64733,6018469,2,2012,31,52,"One Hundred Eighteenth Street",90061
"10701",19,64733,6018469,3,2012,31,68.5,"One Hundred Eighteenth Street",90061
"10702",19,64733,6018469,4,2012,31,65,"One Hundred Eighteenth Street",90061
"10703",19,64733,6018469,5,2012,31,50.3333333333333,"One Hundred Eighteenth Street",90061
"10704",19,64733,6018592,2,2012,31,55,"Osceola Street Elementary",91342
"10705",19,64733,6018592,3,2012,31,59.1428571428571,"Osceola Street Elementary",91342
"10706",19,64733,6018592,4,2012,31,71,"Osceola Street Elementary",91342
"10707",19,64733,6018592,5,2012,31,47.6666666666667,"Osceola Street Elementary",91342
"10708",19,64733,6018618,2,2012,111,92.5,"Overland Avenue Elementary",90064
"10709",19,64733,6018618,3,2012,111,90,"Overland Avenue Elementary",90064
"10710",19,64733,6018618,4,2012,111,93.5,"Overland Avenue Elementary",90064
"10711",19,64733,6018618,5,2012,31,80.6666666666667,"Overland Avenue Elementary",90064
"10712",19,64733,6018618,5,2012,111,94,"Overland Avenue Elementary",90064
"10713",19,64733,6018626,2,2012,31,63.5,"Oxnard Street Elementary",91606
"10714",19,64733,6018626,3,2012,31,57,"Oxnard Street Elementary",91606
"10715",19,64733,6018626,4,2012,31,64.4772727272727,"Oxnard Street Elementary",91606
"10716",19,64733,6018626,5,2012,31,60.7029288702929,"Oxnard Street Elementary",91606
"10717",19,64733,6018634,2,2012,111,88.5,"Palisades Charter Elementary",90272
"10718",19,64733,6018634,3,2012,111,88.5,"Palisades Charter Elementary",90272
"10719",19,64733,6018634,4,2012,111,91.5,"Palisades Charter Elementary",90272
"10720",19,64733,6018634,5,2012,111,90.3333333333333,"Palisades Charter Elementary",90272
"10721",19,64733,6018642,2,2012,31,55.5,"Pacoima Charter Elementary",91331
"10722",19,64733,6018642,3,2012,31,47.5788043478261,"Pacoima Charter Elementary",91331
"10723",19,64733,6018642,4,2012,31,64.5584725536993,"Pacoima Charter Elementary",91331
"10724",19,64733,6018642,5,2012,31,49.7549342105263,"Pacoima Charter Elementary",91331
"10725",19,64733,6018659,2,2012,31,61.5,"Palms Elementary",90034
"10726",19,64733,6018659,3,2012,31,63.8181818181818,"Palms Elementary",90034
"10727",19,64733,6018659,3,2012,111,71.6071428571429,"Palms Elementary",90034
"10728",19,64733,6018659,4,2012,31,68,"Palms Elementary",90034
"10729",19,64733,6018659,4,2012,111,88.5,"Palms Elementary",90034
"10730",19,64733,6018659,5,2012,31,49.6666666666667,"Palms Elementary",90034
"10731",19,64733,6018659,5,2012,111,62,"Palms Elementary",90034
"10732",19,64733,6018667,2,2012,31,59.5,"Park Avenue Elementary",90201
"10733",19,64733,6018667,3,2012,31,53.5,"Park Avenue Elementary",90201
"10734",19,64733,6018667,4,2012,31,74.5,"Park Avenue Elementary",90201
"10735",19,64733,6018667,5,2012,31,56.6666666666667,"Park Avenue Elementary",90201
"10736",19,64733,6018667,6,2012,31,64,"Park Avenue Elementary",90201
"10737",19,64733,6018675,2,2012,31,85.5,"Park Western Place Elementary",90732
"10738",19,64733,6018675,2,2012,111,93,"Park Western Place Elementary",90732
"10739",19,64733,6018675,3,2012,31,86,"Park Western Place Elementary",90732
"10740",19,64733,6018675,3,2012,111,97,"Park Western Place Elementary",90732
"10741",19,64733,6018675,4,2012,31,84.5,"Park Western Place Elementary",90732
"10742",19,64733,6018675,4,2012,111,97,"Park Western Place Elementary",90732
"10743",19,64733,6018675,5,2012,31,79.3333333333333,"Park Western Place Elementary",90732
"10744",19,64733,6018675,5,2012,111,93.3333333333333,"Park Western Place Elementary",90732
"10745",19,64733,6018683,2,2012,31,44,"Parmelee Avenue Elementary",90001
"10746",19,64733,6018683,3,2012,31,51.5714285714286,"Parmelee Avenue Elementary",90001
"10747",19,64733,6018683,4,2012,31,62.5269709543568,"Parmelee Avenue Elementary",90001
"10748",19,64733,6018683,5,2012,31,45.0247252747253,"Parmelee Avenue Elementary",90001
"10749",19,64733,6018683,6,2012,31,32.4978165938865,"Parmelee Avenue Elementary",90001
"10750",19,64733,6018709,2,2012,31,70,"Paseo del Rey Fundamental",90293
"10751",19,64733,6018709,2,2012,111,92,"Paseo del Rey Fundamental",90293
"10752",19,64733,6018709,3,2012,31,53,"Paseo del Rey Fundamental",90293
"10753",19,64733,6018709,3,2012,111,71.5,"Paseo del Rey Fundamental",90293
"10754",19,64733,6018709,4,2012,31,65,"Paseo del Rey Fundamental",90293
"10755",19,64733,6018709,4,2012,111,85,"Paseo del Rey Fundamental",90293
"10756",19,64733,6018709,5,2012,31,76.6582278481013,"Paseo del Rey Fundamental",90293
"10757",19,64733,6018709,5,2012,111,82.6666666666667,"Paseo del Rey Fundamental",90293
"10758",19,64733,6018717,2,2012,31,42.5,"Pinewood Avenue Elementary",91042
"10759",19,64733,6018717,3,2012,31,49,"Pinewood Avenue Elementary",91042
"10760",19,64733,6018717,4,2012,31,65.6168224299065,"Pinewood Avenue Elementary",91042
"10761",19,64733,6018717,5,2012,31,63.4536082474227,"Pinewood Avenue Elementary",91042
"10762",19,64733,6018741,2,2012,31,67,"Playa del Rey Elementary",90230
"10763",19,64733,6018741,2,2012,111,95.5,"Playa del Rey Elementary",90230
"10764",19,64733,6018741,3,2012,31,62.44,"Playa del Rey Elementary",90230
"10765",19,64733,6018741,4,2012,31,83.6744186046512,"Playa del Rey Elementary",90230
"10766",19,64733,6018741,4,2012,111,85.2962962962963,"Playa del Rey Elementary",90230
"10767",19,64733,6018741,5,2012,31,79.2093023255814,"Playa del Rey Elementary",90230
"10768",19,64733,6018741,5,2012,111,89,"Playa del Rey Elementary",90230
"10769",19,64733,6018758,2,2012,31,68,"Plummer Elementary",91343
"10770",19,64733,6018758,2,2012,111,77.5,"Plummer Elementary",91343
"10771",19,64733,6018758,3,2012,31,64,"Plummer Elementary",91343
"10772",19,64733,6018758,4,2012,31,75.5,"Plummer Elementary",91343
"10773",19,64733,6018758,5,2012,31,62.4860681114551,"Plummer Elementary",91343
"10774",19,64733,6018758,5,2012,111,36,"Plummer Elementary",91343
"10775",19,64733,6018758,6,2012,31,58.5605095541401,"Plummer Elementary",91343
"10776",19,64733,6018766,2,2012,31,76,"Point Fermin Elementary",90731
"10777",19,64733,6018766,2,2012,111,81,"Point Fermin Elementary",90731
"10778",19,64733,6018766,3,2012,31,78.5,"Point Fermin Elementary",90731
"10779",19,64733,6018766,3,2012,111,58,"Point Fermin Elementary",90731
"10780",19,64733,6018766,4,2012,31,51.4615384615385,"Point Fermin Elementary",90731
"10781",19,64733,6018766,4,2012,111,87.68,"Point Fermin Elementary",90731
"10782",19,64733,6018766,5,2012,31,59.8510638297872,"Point Fermin Elementary",90731
"10783",19,64733,6018790,2,2012,31,60,"President Avenue Elementary",90710
"10784",19,64733,6018790,2,2012,111,77.5,"President Avenue Elementary",90710
"10785",19,64733,6018790,3,2012,31,59,"President Avenue Elementary",90710
"10786",19,64733,6018790,3,2012,111,69,"President Avenue Elementary",90710
"10787",19,64733,6018790,4,2012,31,67,"President Avenue Elementary",90710
"10788",19,64733,6018790,4,2012,111,85.5,"President Avenue Elementary",90710
"10789",19,64733,6018790,5,2012,31,36.9553571428571,"President Avenue Elementary",90710
"10790",19,64733,6018790,5,2012,111,70.9662921348315,"President Avenue Elementary",90710
"10791",19,64733,6018790,6,2012,31,49,"President Avenue Elementary",90710
"10792",19,64733,6018790,6,2012,111,66.5,"President Avenue Elementary",90710
"10793",19,64733,6018808,2,2012,31,56,"Purche Avenue Elementary",90249
"10794",19,64733,6018808,2,2012,111,42.5,"Purche Avenue Elementary",90249
"10795",19,64733,6018808,3,2012,31,48,"Purche Avenue Elementary",90249
"10796",19,64733,6018808,3,2012,111,64,"Purche Avenue Elementary",90249
"10797",19,64733,6018808,4,2012,31,62,"Purche Avenue Elementary",90249
"10798",19,64733,6018808,4,2012,111,69.5,"Purche Avenue Elementary",90249
"10799",19,64733,6018808,5,2012,31,43.3333333333333,"Purche Avenue Elementary",90249
"10800",19,64733,6018808,5,2012,111,52.3333333333333,"Purche Avenue Elementary",90249
"10801",19,64733,6018816,2,2012,31,56.5,"Queen Anne Place Elementary",90019
"10802",19,64733,6018816,3,2012,31,70,"Queen Anne Place Elementary",90019
"10803",19,64733,6018816,4,2012,31,83,"Queen Anne Place Elementary",90019
"10804",19,64733,6018816,5,2012,31,60.4630872483221,"Queen Anne Place Elementary",90019
"10805",19,64733,6018824,2,2012,31,51.5,"Ramona Elementary",90029
"10806",19,64733,6018824,3,2012,31,55.463687150838,"Ramona Elementary",90029
"10807",19,64733,6018824,3,2012,111,59.5,"Ramona Elementary",90029
"10808",19,64733,6018824,4,2012,31,69.1046511627907,"Ramona Elementary",90029
"10809",19,64733,6018824,5,2012,31,42.6911764705882,"Ramona Elementary",90029
"10810",19,64733,6018824,6,2012,31,43.5,"Ramona Elementary",90029
"10811",19,64733,6018832,2,2012,31,52.5,"Ranchito Avenue Elementary",91402
"10812",19,64733,6018832,3,2012,31,59.093023255814,"Ranchito Avenue Elementary",91402
"10813",19,64733,6018832,4,2012,31,59.1333333333333,"Ranchito Avenue Elementary",91402
"10814",19,64733,6018832,5,2012,31,63.0634920634921,"Ranchito Avenue Elementary",91402
"10815",19,64733,6018840,2,2012,31,52.5,"Raymond Avenue Elementary",90044
"10816",19,64733,6018840,3,2012,31,28,"Raymond Avenue Elementary",90044
"10817",19,64733,6018840,4,2012,31,49.5164835164835,"Raymond Avenue Elementary",90044
"10818",19,64733,6018840,5,2012,31,39.3484848484849,"Raymond Avenue Elementary",90044
"10819",19,64733,6018857,2,2012,31,64.0074074074074,"Reseda Elementary",91335
"10820",19,64733,6018857,3,2012,31,55.5,"Reseda Elementary",91335
"10821",19,64733,6018857,4,2012,31,62.5,"Reseda Elementary",91335
"10822",19,64733,6018857,5,2012,31,67.3333333333333,"Reseda Elementary",91335
"10823",19,64733,6018873,2,2012,31,36,"Richland Avenue Elementary",90064
"10824",19,64733,6018873,2,2012,111,68.5,"Richland Avenue Elementary",90064
"10825",19,64733,6018873,3,2012,31,47,"Richland Avenue Elementary",90064
"10826",19,64733,6018873,4,2012,31,50,"Richland Avenue Elementary",90064
"10827",19,64733,6018873,5,2012,31,66.2162162162162,"Richland Avenue Elementary",90064
"10828",19,64733,6018873,6,2012,31,56.5,"Richland Avenue Elementary",90064
"10829",19,64733,6018881,2,2012,31,48,"Morris K. Hamasaki Elementary",90022
"10830",19,64733,6018881,4,2012,31,55.5263157894737,"Morris K. Hamasaki Elementary",90022
"10831",19,64733,6018881,6,2012,31,46.5,"Morris K. Hamasaki Elementary",90022
"10832",19,64733,6018907,2,2012,31,67.5,"Rio Vista Elementary",91602
"10833",19,64733,6018907,2,2012,111,90.5,"Rio Vista Elementary",91602
"10834",19,64733,6018907,3,2012,31,83,"Rio Vista Elementary",91602
"10835",19,64733,6018907,3,2012,111,86,"Rio Vista Elementary",91602
"10836",19,64733,6018907,4,2012,31,82,"Rio Vista Elementary",91602
"10837",19,64733,6018907,4,2012,111,88.5,"Rio Vista Elementary",91602
"10838",19,64733,6018907,5,2012,31,72.6666666666667,"Rio Vista Elementary",91602
"10839",19,64733,6018907,5,2012,111,84.4225352112676,"Rio Vista Elementary",91602
"10840",19,64733,6018915,3,2012,31,44.1282051282051,"Ritter Elementary",90059
"10841",19,64733,6018915,4,2012,31,60.2448979591837,"Ritter Elementary",90059
"10842",19,64733,6018915,5,2012,31,52.7469879518072,"Ritter Elementary",90059
"10843",19,64733,6018931,2,2012,31,44,"Robert Hill Lane Elementary",91754
"10844",19,64733,6018931,3,2012,31,71.5,"Robert Hill Lane Elementary",91754
"10845",19,64733,6018931,4,2012,31,63,"Robert Hill Lane Elementary",91754
"10846",19,64733,6018931,4,2012,111,86,"Robert Hill Lane Elementary",91754
"10847",19,64733,6018931,5,2012,31,60.3761467889908,"Robert Hill Lane Elementary",91754
"10848",19,64733,6018931,5,2012,111,67,"Robert Hill Lane Elementary",91754
"10849",19,64733,6018931,6,2012,31,48.6285714285714,"Robert Hill Lane Elementary",91754
"10850",19,64733,6018956,2,2012,31,62,"Roscoe Elementary",91352
"10851",19,64733,6018956,3,2012,31,50,"Roscoe Elementary",91352
"10852",19,64733,6018956,4,2012,31,63.5347593582888,"Roscoe Elementary",91352
"10853",19,64733,6018956,5,2012,31,51.7692307692308,"Roscoe Elementary",91352
"10854",19,64733,6018964,2,2012,111,92.5,"Roscomare Road Elementary",90077
"10855",19,64733,6018964,3,2012,111,91.5,"Roscomare Road Elementary",90077
"10856",19,64733,6018964,4,2012,111,96,"Roscomare Road Elementary",90077
"10857",19,64733,6018964,5,2012,111,92.3333333333333,"Roscomare Road Elementary",90077
"10858",19,64733,6018972,2,2012,31,60.4718614718615,"Rosemont Avenue Elementary",90026
"10859",19,64733,6018972,3,2012,31,49.2028985507246,"Rosemont Avenue Elementary",90026
"10860",19,64733,6018972,4,2012,31,58.4586776859504,"Rosemont Avenue Elementary",90026
"10861",19,64733,6018972,5,2012,31,38.9846153846154,"Rosemont Avenue Elementary",90026
"10862",19,64733,6018980,2,2012,31,36.5,"Rosewood Avenue Elementary",90048
"10863",19,64733,6018980,2,2012,111,70.5,"Rosewood Avenue Elementary",90048
"10864",19,64733,6018980,3,2012,31,61.8727272727273,"Rosewood Avenue Elementary",90048
"10865",19,64733,6018980,3,2012,111,83,"Rosewood Avenue Elementary",90048
"10866",19,64733,6018980,4,2012,31,59.1621621621622,"Rosewood Avenue Elementary",90048
"10867",19,64733,6018980,4,2012,111,73.5,"Rosewood Avenue Elementary",90048
"10868",19,64733,6018980,5,2012,31,59.9047619047619,"Rosewood Avenue Elementary",90048
"10869",19,64733,6018980,5,2012,111,68.3030303030303,"Rosewood Avenue Elementary",90048
"10870",19,64733,6018980,6,2012,31,76.5,"Rosewood Avenue Elementary",90048
"10871",19,64733,6018980,6,2012,111,78.2173913043478,"Rosewood Avenue Elementary",90048
"10872",19,64733,6018998,2,2012,31,48.5,"Rowan Avenue Elementary",90023
"10873",19,64733,6018998,3,2012,31,57.9514824797844,"Rowan Avenue Elementary",90023
"10874",19,64733,6018998,4,2012,31,65.5,"Rowan Avenue Elementary",90023
"10875",19,64733,6018998,5,2012,31,64,"Rowan Avenue Elementary",90023
"10876",19,64733,6019004,2,2012,31,59.5,"Russell Elementary",90001
"10877",19,64733,6019004,3,2012,31,44.5,"Russell Elementary",90001
"10878",19,64733,6019004,4,2012,31,53.0257510729614,"Russell Elementary",90001
"10879",19,64733,6019004,5,2012,31,43.015306122449,"Russell Elementary",90001
"10880",19,64733,6019004,6,2012,31,49.5,"Russell Elementary",90001
"10881",19,64733,6019004,6,2012,111,42,"Russell Elementary",90001
"10882",19,64733,6019012,2,2012,31,45,"San Fernando Elementary",91340
"10883",19,64733,6019012,3,2012,31,53,"San Fernando Elementary",91340
"10884",19,64733,6019012,4,2012,31,61.5,"San Fernando Elementary",91340
"10885",19,64733,6019012,5,2012,31,62.26,"San Fernando Elementary",91340
"10886",19,64733,6019020,2,2012,31,45,"San Gabriel Avenue Elementary",90280
"10887",19,64733,6019020,3,2012,31,48,"San Gabriel Avenue Elementary",90280
"10888",19,64733,6019020,4,2012,31,58.5,"San Gabriel Avenue Elementary",90280
"10889",19,64733,6019020,5,2012,31,38,"San Gabriel Avenue Elementary",90280
"10890",19,64733,6019053,2,2012,31,58,"San Pedro Street Elementary",90015
"10891",19,64733,6019053,3,2012,31,48.065306122449,"San Pedro Street Elementary",90015
"10892",19,64733,6019053,4,2012,31,72.5,"San Pedro Street Elementary",90015
"10893",19,64733,6019053,5,2012,31,53.3213114754098,"San Pedro Street Elementary",90015
"10894",19,64733,6019087,2,2012,31,62,"Saticoy Elementary",91605
"10895",19,64733,6019087,3,2012,31,60.4031007751938,"Saticoy Elementary",91605
"10896",19,64733,6019087,4,2012,31,56.4967741935484,"Saticoy Elementary",91605
"10897",19,64733,6019087,5,2012,31,52.0632911392405,"Saticoy Elementary",91605
"10898",19,64733,6019087,5,2012,111,54.6666666666667,"Saticoy Elementary",91605
"10899",19,64733,6019095,2,2012,31,53,"Second Street Elementary",90033
"10900",19,64733,6019095,3,2012,31,47.3214285714286,"Second Street Elementary",90033
"10901",19,64733,6019095,4,2012,31,67,"Second Street Elementary",90033
"10902",19,64733,6019095,5,2012,31,40.7442922374429,"Second Street Elementary",90033
"10903",19,64733,6019095,6,2012,31,30.9278350515464,"Second Street Elementary",90033
"10904",19,64733,6019103,2,2012,31,64,"Selma Avenue Elementary",90028
"10905",19,64733,6019103,3,2012,31,40.5,"Selma Avenue Elementary",90028
"10906",19,64733,6019103,4,2012,31,42,"Selma Avenue Elementary",90028
"10907",19,64733,6019103,5,2012,31,62.6666666666667,"Selma Avenue Elementary",90028
"10908",19,64733,6019103,6,2012,31,56,"Selma Avenue Elementary",90028
"10909",19,64733,6019152,2,2012,31,60.5,"Sharp Avenue Elementary",91331
"10910",19,64733,6019152,3,2012,31,78.5675675675676,"Sharp Avenue Elementary",91331
"10911",19,64733,6019152,4,2012,31,57.5,"Sharp Avenue Elementary",91331
"10912",19,64733,6019152,5,2012,31,33.6780821917808,"Sharp Avenue Elementary",91331
"10913",19,64733,6019160,2,2012,31,37.5,"Shenandoah Street Elementary",90034
"10914",19,64733,6019160,3,2012,31,57.719696969697,"Shenandoah Street Elementary",90034
"10915",19,64733,6019160,4,2012,31,47.5505617977528,"Shenandoah Street Elementary",90034
"10916",19,64733,6019160,5,2012,31,48.3953488372093,"Shenandoah Street Elementary",90034
"10917",19,64733,6019178,2,2012,31,38,"Sheridan Street Elementary",90033
"10918",19,64733,6019178,3,2012,31,45.9471698113208,"Sheridan Street Elementary",90033
"10919",19,64733,6019178,4,2012,31,61.5432098765432,"Sheridan Street Elementary",90033
"10920",19,64733,6019178,5,2012,31,50.2052505966587,"Sheridan Street Elementary",90033
"10921",19,64733,6019178,5,2012,111,52.6666666666667,"Sheridan Street Elementary",90033
"10922",19,64733,6019178,6,2012,31,42.9669421487603,"Sheridan Street Elementary",90033
"10923",19,64733,6019194,2,2012,31,56,"Shirley Avenue Elementary",91335
"10924",19,64733,6019194,3,2012,31,58.5,"Shirley Avenue Elementary",91335
"10925",19,64733,6019194,3,2012,111,65.5,"Shirley Avenue Elementary",91335
"10926",19,64733,6019194,4,2012,31,71.0457516339869,"Shirley Avenue Elementary",91335
"10927",19,64733,6019194,4,2012,111,86.5,"Shirley Avenue Elementary",91335
"10928",19,64733,6019194,5,2012,31,61.5858585858586,"Shirley Avenue Elementary",91335
"10929",19,64733,6019202,2,2012,31,45.9367088607595,"Short Avenue Elementary",90066
"10930",19,64733,6019202,2,2012,111,88.5,"Short Avenue Elementary",90066
"10931",19,64733,6019202,3,2012,31,33,"Short Avenue Elementary",90066
"10932",19,64733,6019202,3,2012,111,57.5,"Short Avenue Elementary",90066
"10933",19,64733,6019202,4,2012,31,69.9315068493151,"Short Avenue Elementary",90066
"10934",19,64733,6019202,4,2012,111,93,"Short Avenue Elementary",90066
"10935",19,64733,6019202,5,2012,31,50.3333333333333,"Short Avenue Elementary",90066
"10936",19,64733,6019202,5,2012,111,68.3333333333333,"Short Avenue Elementary",90066
"10937",19,64733,6019202,6,2012,31,56,"Short Avenue Elementary",90066
"10938",19,64733,6019202,6,2012,111,75,"Short Avenue Elementary",90066
"10939",19,64733,6019210,2,2012,31,52,"Sierra Park Elementary",90032
"10940",19,64733,6019210,3,2012,31,33,"Sierra Park Elementary",90032
"10941",19,64733,6019210,4,2012,31,49,"Sierra Park Elementary",90032
"10942",19,64733,6019210,5,2012,31,36.7119565217391,"Sierra Park Elementary",90032
"10943",19,64733,6019210,6,2012,31,48,"Sierra Park Elementary",90032
"10944",19,64733,6019228,2,2012,31,68.5,"Sierra Vista Elementary",90032
"10945",19,64733,6019228,3,2012,31,72.5,"Sierra Vista Elementary",90032
"10946",19,64733,6019228,4,2012,31,77.0606060606061,"Sierra Vista Elementary",90032
"10947",19,64733,6019228,6,2012,31,52.9411764705882,"Sierra Vista Elementary",90032
"10948",19,64733,6019236,2,2012,31,32.5,"Sixth Avenue Elementary",90018
"10949",19,64733,6019236,2,2012,111,32,"Sixth Avenue Elementary",90018
"10950",19,64733,6019236,3,2012,31,31,"Sixth Avenue Elementary",90018
"10951",19,64733,6019236,3,2012,111,50,"Sixth Avenue Elementary",90018
"10952",19,64733,6019236,4,2012,31,35.5025906735751,"Sixth Avenue Elementary",90018
"10953",19,64733,6019236,4,2012,111,34,"Sixth Avenue Elementary",90018
"10954",19,64733,6019236,5,2012,31,40.3274021352313,"Sixth Avenue Elementary",90018
"10955",19,64733,6019236,5,2012,111,39.3333333333333,"Sixth Avenue Elementary",90018
"10956",19,64733,6019251,2,2012,31,50,"Sixty-First Street Elementary",90003
"10957",19,64733,6019251,3,2012,31,49.2909090909091,"Sixty-First Street Elementary",90003
"10958",19,64733,6019251,4,2012,31,61.6542056074766,"Sixty-First Street Elementary",90003
"10959",19,64733,6019251,5,2012,31,52,"Sixty-First Street Elementary",90003
"10960",19,64733,6019269,2,2012,31,58,"Sixty-Sixth Street Elementary",90003
"10961",19,64733,6019269,3,2012,31,54,"Sixty-Sixth Street Elementary",90003
"10962",19,64733,6019269,4,2012,31,53,"Sixty-Sixth Street Elementary",90003
"10963",19,64733,6019269,4,2012,111,46,"Sixty-Sixth Street Elementary",90003
"10964",19,64733,6019269,5,2012,31,49.3333333333333,"Sixty-Sixth Street Elementary",90003
"10965",19,64733,6019269,6,2012,31,34.5615763546798,"Sixty-Sixth Street Elementary",90003
"10966",19,64733,6019269,6,2012,111,37.5,"Sixty-Sixth Street Elementary",90003
"10967",19,64733,6019277,2,2012,31,62,"Solano Avenue Elementary",90012
"10968",19,64733,6019277,2,2012,111,95.5,"Solano Avenue Elementary",90012
"10969",19,64733,6019277,3,2012,31,71,"Solano Avenue Elementary",90012
"10970",19,64733,6019277,4,2012,31,98,"Solano Avenue Elementary",90012
"10971",19,64733,6019277,5,2012,31,75,"Solano Avenue Elementary",90012
"10972",19,64733,6019277,6,2012,31,75,"Solano Avenue Elementary",90012
"10973",19,64733,6019285,2,2012,31,43.5696202531646,"Soto Street Elementary",90023
"10974",19,64733,6019285,3,2012,31,46.6883116883117,"Soto Street Elementary",90023
"10975",19,64733,6019285,4,2012,31,55.5,"Soto Street Elementary",90023
"10976",19,64733,6019285,6,2012,31,47,"Soto Street Elementary",90023
"10977",19,64733,6019293,2,2012,31,45,"South Park Elementary",90003
"10978",19,64733,6019293,3,2012,31,54.5708502024291,"South Park Elementary",90003
"10979",19,64733,6019293,4,2012,31,64,"South Park Elementary",90003
"10980",19,64733,6019293,5,2012,31,40.0166666666667,"South Park Elementary",90003
"10981",19,64733,6019293,6,2012,31,37.9951690821256,"South Park Elementary",90003
"10982",19,64733,6019319,2,2012,31,51,"Stagg Street Elementary",91406
"10983",19,64733,6019319,2,2012,111,80,"Stagg Street Elementary",91406
"10984",19,64733,6019319,3,2012,31,52,"Stagg Street Elementary",91406
"10985",19,64733,6019319,3,2012,111,79,"Stagg Street Elementary",91406
"10986",19,64733,6019319,4,2012,31,62.5243902439024,"Stagg Street Elementary",91406
"10987",19,64733,6019319,4,2012,111,72,"Stagg Street Elementary",91406
"10988",19,64733,6019319,5,2012,31,63,"Stagg Street Elementary",91406
"10989",19,64733,6019319,5,2012,111,71.6792452830189,"Stagg Street Elementary",91406
"10990",19,64733,6019327,3,2012,31,50.5,"Stanford Avenue Elementary",90280
"10991",19,64733,6019327,4,2012,31,53.5,"Stanford Avenue Elementary",90280
"10992",19,64733,6019327,5,2012,31,42.6666666666667,"Stanford Avenue Elementary",90280
"10993",19,64733,6019335,2,2012,31,40.5,"State Street Elementary",90280
"10994",19,64733,6019335,3,2012,31,46.4170854271357,"State Street Elementary",90280
"10995",19,64733,6019335,4,2012,31,58,"State Street Elementary",90280
"10996",19,64733,6019335,5,2012,31,44.6426426426426,"State Street Elementary",90280
"10997",19,64733,6019343,2,2012,31,63,"Stonehurst Avenue Elementary",91352
"10998",19,64733,6019343,2,2012,111,71,"Stonehurst Avenue Elementary",91352
"10999",19,64733,6019343,3,2012,31,57.2207792207792,"Stonehurst Avenue Elementary",91352
"11000",19,64733,6019343,3,2012,111,54,"Stonehurst Avenue Elementary",91352
"11001",19,64733,6019343,4,2012,31,72.4583333333333,"Stonehurst Avenue Elementary",91352
"11002",19,64733,6019343,4,2012,111,74.3225806451613,"Stonehurst Avenue Elementary",91352
"11003",19,64733,6019343,5,2012,31,62.979381443299,"Stonehurst Avenue Elementary",91352
"11004",19,64733,6019350,2,2012,31,46,"Stoner Avenue Elementary",90230
"11005",19,64733,6019350,3,2012,31,47.8869565217391,"Stoner Avenue Elementary",90230
"11006",19,64733,6019350,4,2012,31,74.6019417475728,"Stoner Avenue Elementary",90230
"11007",19,64733,6019350,5,2012,31,50.4651162790698,"Stoner Avenue Elementary",90230
"11008",19,64733,6019368,2,2012,31,64.5,"Strathern Street Elementary",91605
"11009",19,64733,6019368,3,2012,31,57.1453744493392,"Strathern Street Elementary",91605
"11010",19,64733,6019368,4,2012,31,67.5070422535211,"Strathern Street Elementary",91605
"11011",19,64733,6019368,5,2012,31,55.0326086956522,"Strathern Street Elementary",91605
"11012",19,64733,6019376,2,2012,31,58,"Sunland Elementary",91040
"11013",19,64733,6019376,2,2012,111,83.5,"Sunland Elementary",91040
"11014",19,64733,6019376,3,2012,31,55.5,"Sunland Elementary",91040
"11015",19,64733,6019376,3,2012,111,80.1090909090909,"Sunland Elementary",91040
"11016",19,64733,6019376,4,2012,31,75,"Sunland Elementary",91040
"11017",19,64733,6019376,4,2012,111,92.5,"Sunland Elementary",91040
"11018",19,64733,6019376,5,2012,31,73.3140096618358,"Sunland Elementary",91040
"11019",19,64733,6019376,5,2012,111,82.6530612244898,"Sunland Elementary",91040
"11020",19,64733,6019384,2,2012,31,53.5,"Sunny Brae Avenue Elementary",91306
"11021",19,64733,6019384,3,2012,31,61,"Sunny Brae Avenue Elementary",91306
"11022",19,64733,6019384,4,2012,31,63.554347826087,"Sunny Brae Avenue Elementary",91306
"11023",19,64733,6019384,5,2012,31,58.6987951807229,"Sunny Brae Avenue Elementary",91306
"11024",19,64733,6019392,2,2012,31,63,"Superior Street Elementary",91311
"11025",19,64733,6019392,2,2012,111,90,"Superior Street Elementary",91311
"11026",19,64733,6019392,3,2012,31,78.5,"Superior Street Elementary",91311
"11027",19,64733,6019392,3,2012,111,86.5,"Superior Street Elementary",91311
"11028",19,64733,6019392,4,2012,31,86.5,"Superior Street Elementary",91311
"11029",19,64733,6019392,4,2012,111,94,"Superior Street Elementary",91311
"11030",19,64733,6019392,5,2012,31,68.6666666666667,"Superior Street Elementary",91311
"11031",19,64733,6019392,5,2012,111,94.3333333333333,"Superior Street Elementary",91311
"11032",19,64733,6019400,2,2012,31,56,"Sylmar Elementary",91342
"11033",19,64733,6019400,3,2012,31,61.5864978902954,"Sylmar Elementary",91342
"11034",19,64733,6019400,4,2012,31,66,"Sylmar Elementary",91342
"11035",19,64733,6019400,5,2012,31,52.3386075949367,"Sylmar Elementary",91342
"11036",19,64733,6019418,3,2012,31,32.5,"Sylvan Park Elementary",91411
"11037",19,64733,6019418,4,2012,31,46.0181818181818,"Sylvan Park Elementary",91411
"11038",19,64733,6019418,5,2012,31,37,"Sylvan Park Elementary",91411
"11039",19,64733,6019426,2,2012,31,75.5,"Taper Avenue Elementary",90731
"11040",19,64733,6019426,2,2012,111,85,"Taper Avenue Elementary",90731
"11041",19,64733,6019426,3,2012,31,80.0705882352941,"Taper Avenue Elementary",90731
"11042",19,64733,6019426,3,2012,111,84.5,"Taper Avenue Elementary",90731
"11043",19,64733,6019426,4,2012,31,86.5180722891566,"Taper Avenue Elementary",90731
"11044",19,64733,6019426,4,2012,111,99,"Taper Avenue Elementary",90731
"11045",19,64733,6019426,5,2012,31,76.360824742268,"Taper Avenue Elementary",90731
"11046",19,64733,6019426,5,2012,111,88.7152317880795,"Taper Avenue Elementary",90731
"11047",19,64733,6019434,2,2012,31,46.5,"Tarzana Elementary",91356
"11048",19,64733,6019434,2,2012,111,58,"Tarzana Elementary",91356
"11049",19,64733,6019434,3,2012,31,52.5,"Tarzana Elementary",91356
"11050",19,64733,6019434,3,2012,111,75,"Tarzana Elementary",91356
"11051",19,64733,6019434,4,2012,31,59,"Tarzana Elementary",91356
"11052",19,64733,6019434,4,2012,111,85.5,"Tarzana Elementary",91356
"11053",19,64733,6019434,5,2012,31,42.3333333333333,"Tarzana Elementary",91356
"11054",19,64733,6019434,5,2012,111,72.6666666666667,"Tarzana Elementary",91356
"11055",19,64733,6019442,2,2012,31,40.5,"Telfair Avenue Elementary",91331
"11056",19,64733,6019442,2,2012,111,73,"Telfair Avenue Elementary",91331
"11057",19,64733,6019442,3,2012,31,43.0632411067194,"Telfair Avenue Elementary",91331
"11058",19,64733,6019442,4,2012,31,61.5445544554455,"Telfair Avenue Elementary",91331
"11059",19,64733,6019442,5,2012,31,41.3333333333333,"Telfair Avenue Elementary",91331
"11060",19,64733,6019459,2,2012,31,56,"Tenth Street Elementary",90015
"11061",19,64733,6019459,3,2012,31,46,"Tenth Street Elementary",90015
"11062",19,64733,6019459,4,2012,31,54.533724340176,"Tenth Street Elementary",90015
"11063",19,64733,6019459,5,2012,31,47.3572938689218,"Tenth Street Elementary",90015
"11064",19,64733,6019467,2,2012,31,86,"Third Street Elementary",90004
"11065",19,64733,6019467,2,2012,111,92,"Third Street Elementary",90004
"11066",19,64733,6019467,3,2012,31,73.5,"Third Street Elementary",90004
"11067",19,64733,6019467,3,2012,111,93.5,"Third Street Elementary",90004
"11068",19,64733,6019467,4,2012,31,83,"Third Street Elementary",90004
"11069",19,64733,6019467,4,2012,111,95,"Third Street Elementary",90004
"11070",19,64733,6019467,5,2012,31,73.3333333333333,"Third Street Elementary",90004
"11071",19,64733,6019467,5,2012,111,84.3333333333333,"Third Street Elementary",90004
"11072",19,64733,6019483,2,2012,31,46.9755102040816,"Lenicia B. Weemes Elementary",90007
"11073",19,64733,6019483,2,2012,111,32.5,"Lenicia B. Weemes Elementary",90007
"11074",19,64733,6019483,3,2012,31,48,"Lenicia B. Weemes Elementary",90007
"11075",19,64733,6019483,3,2012,111,50.8571428571429,"Lenicia B. Weemes Elementary",90007
"11076",19,64733,6019483,4,2012,31,42.5154639175258,"Lenicia B. Weemes Elementary",90007
"11077",19,64733,6019483,4,2012,111,47,"Lenicia B. Weemes Elementary",90007
"11078",19,64733,6019483,5,2012,31,47.9832402234637,"Lenicia B. Weemes Elementary",90007
"11079",19,64733,6019483,5,2012,111,50,"Lenicia B. Weemes Elementary",90007
"11080",19,64733,6019509,2,2012,31,40.5,"Toland Way Elementary",90041
"11081",19,64733,6019509,3,2012,31,59.5,"Toland Way Elementary",90041
"11082",19,64733,6019509,4,2012,31,70,"Toland Way Elementary",90041
"11083",19,64733,6019509,5,2012,31,52,"Toland Way Elementary",90041
"11084",19,64733,6019509,6,2012,31,47.5,"Toland Way Elementary",90041
"11085",19,64733,6019517,2,2012,31,61,"Toluca Lake Elementary",91601
"11086",19,64733,6019517,2,2012,111,75,"Toluca Lake Elementary",91601
"11087",19,64733,6019517,3,2012,31,59.196261682243,"Toluca Lake Elementary",91601
"11088",19,64733,6019517,4,2012,31,87,"Toluca Lake Elementary",91601
"11089",19,64733,6019517,5,2012,31,52.6666666666667,"Toluca Lake Elementary",91601
"11090",19,64733,6019517,5,2012,111,78.6666666666667,"Toluca Lake Elementary",91601
"11091",19,64733,6019541,2,2012,31,58,"Towne Avenue Elementary",90746
"11092",19,64733,6019541,3,2012,31,62.2291666666667,"Towne Avenue Elementary",90746
"11093",19,64733,6019541,4,2012,31,75.188679245283,"Towne Avenue Elementary",90746
"11094",19,64733,6019541,4,2012,111,73,"Towne Avenue Elementary",90746
"11095",19,64733,6019541,5,2012,31,69.6178343949045,"Towne Avenue Elementary",90746
"11096",19,64733,6019558,2,2012,31,42.0117647058824,"Trinity Street Elementary",90011
"11097",19,64733,6019558,3,2012,31,49.2790697674419,"Trinity Street Elementary",90011
"11098",19,64733,6019558,4,2012,31,47.9910313901345,"Trinity Street Elementary",90011
"11099",19,64733,6019558,5,2012,31,39.6042402826855,"Trinity Street Elementary",90011
"11100",19,64733,6019566,2,2012,31,63.9931034482759,"Tulsa Street Elementary",91344
"11101",19,64733,6019566,2,2012,111,83,"Tulsa Street Elementary",91344
"11102",19,64733,6019566,3,2012,31,49.4,"Tulsa Street Elementary",91344
"11103",19,64733,6019566,3,2012,111,76.7794117647059,"Tulsa Street Elementary",91344
"11104",19,64733,6019566,4,2012,31,78,"Tulsa Street Elementary",91344
"11105",19,64733,6019566,4,2012,111,86.2758620689655,"Tulsa Street Elementary",91344
"11106",19,64733,6019566,5,2012,31,70.989898989899,"Tulsa Street Elementary",91344
"11107",19,64733,6019566,5,2012,111,86.5901639344262,"Tulsa Street Elementary",91344
"11108",19,64733,6019574,2,2012,31,56.5,"Tweedy Elementary",90280
"11109",19,64733,6019574,3,2012,31,66,"Tweedy Elementary",90280
"11110",19,64733,6019574,4,2012,31,69.0239520958084,"Tweedy Elementary",90280
"11111",19,64733,6019574,5,2012,31,42.3086816720257,"Tweedy Elementary",90280
"11112",19,64733,6019582,2,2012,31,49.5,"Twentieth Street Elementary",90011
"11113",19,64733,6019582,3,2012,31,55.15,"Twentieth Street Elementary",90011
"11114",19,64733,6019582,4,2012,31,60.0588235294118,"Twentieth Street Elementary",90011
"11115",19,64733,6019582,5,2012,31,45.6666666666667,"Twentieth Street Elementary",90011
"11116",19,64733,6019624,2,2012,31,50,"Union Avenue Elementary",90057
"11117",19,64733,6019624,3,2012,31,45.5,"Union Avenue Elementary",90057
"11118",19,64733,6019624,4,2012,31,53.5,"Union Avenue Elementary",90057
"11119",19,64733,6019624,5,2012,31,51,"Union Avenue Elementary",90057
"11120",19,64733,6019632,2,2012,31,31.5,"Utah Street Elementary",90033
"11121",19,64733,6019632,3,2012,31,49,"Utah Street Elementary",90033
"11122",19,64733,6019632,4,2012,31,50.5,"Utah Street Elementary",90033
"11123",19,64733,6019632,5,2012,31,29.3362068965517,"Utah Street Elementary",90033
"11124",19,64733,6019632,6,2012,31,29.5,"Utah Street Elementary",90033
"11125",19,64733,6019632,7,2012,31,30.0813008130081,"Utah Street Elementary",90033
"11126",19,64733,6019632,8,2012,31,47.6511627906977,"Utah Street Elementary",90033
"11127",19,64733,6019640,2,2012,31,54.5,"Valerio Street Elementary",91405
"11128",19,64733,6019640,3,2012,31,49,"Valerio Street Elementary",91405
"11129",19,64733,6019640,4,2012,31,53.0352941176471,"Valerio Street Elementary",91405
"11130",19,64733,6019640,5,2012,31,42.6681818181818,"Valerio Street Elementary",91405
"11131",19,64733,6019657,2,2012,31,62,"Valley View Elementary",90068
"11132",19,64733,6019657,2,2012,111,73,"Valley View Elementary",90068
"11133",19,64733,6019657,3,2012,31,44,"Valley View Elementary",90068
"11134",19,64733,6019657,3,2012,111,57,"Valley View Elementary",90068
"11135",19,64733,6019657,4,2012,111,77.5,"Valley View Elementary",90068
"11136",19,64733,6019657,5,2012,31,57,"Valley View Elementary",90068
"11137",19,64733,6019657,5,2012,111,77,"Valley View Elementary",90068
"11138",19,64733,6019665,2,2012,31,53,"Van Deene Avenue Elementary",90502
"11139",19,64733,6019665,2,2012,111,80,"Van Deene Avenue Elementary",90502
"11140",19,64733,6019665,3,2012,31,46.1176470588235,"Van Deene Avenue Elementary",90502
"11141",19,64733,6019665,4,2012,31,49.5287356321839,"Van Deene Avenue Elementary",90502
"11142",19,64733,6019665,4,2012,111,73,"Van Deene Avenue Elementary",90502
"11143",19,64733,6019665,5,2012,31,50,"Van Deene Avenue Elementary",90502
"11144",19,64733,6019665,6,2012,31,47.5942028985507,"Van Deene Avenue Elementary",90502
"11145",19,64733,6019681,2,2012,31,63.5,"Van Ness Avenue Elementary",90004
"11146",19,64733,6019681,3,2012,31,67.5,"Van Ness Avenue Elementary",90004
"11147",19,64733,6019681,5,2012,31,90.9240506329114,"Van Ness Avenue Elementary",90004
"11148",19,64733,6019699,2,2012,31,37.5,"Van Nuys Elementary",91401
"11149",19,64733,6019699,3,2012,31,41.0738255033557,"Van Nuys Elementary",91401
"11150",19,64733,6019699,4,2012,31,67.0534351145038,"Van Nuys Elementary",91401
"11151",19,64733,6019699,5,2012,31,41.5814977973568,"Van Nuys Elementary",91401
"11152",19,64733,6019707,2,2012,31,56.5,"Vanalden Avenue Elementary",91335
"11153",19,64733,6019707,3,2012,31,49.5,"Vanalden Avenue Elementary",91335
"11154",19,64733,6019707,3,2012,111,68,"Vanalden Avenue Elementary",91335
"11155",19,64733,6019707,4,2012,31,75.5,"Vanalden Avenue Elementary",91335
"11156",19,64733,6019707,4,2012,111,86.5,"Vanalden Avenue Elementary",91335
"11157",19,64733,6019707,5,2012,31,55.093567251462,"Vanalden Avenue Elementary",91335
"11158",19,64733,6019707,5,2012,111,83.6666666666667,"Vanalden Avenue Elementary",91335
"11159",19,64733,6019723,2,2012,31,61,"Vena Avenue Elementary",91331
"11160",19,64733,6019723,2,2012,111,76.5,"Vena Avenue Elementary",91331
"11161",19,64733,6019723,3,2012,31,75.9041095890411,"Vena Avenue Elementary",91331
"11162",19,64733,6019723,4,2012,31,81.0705882352941,"Vena Avenue Elementary",91331
"11163",19,64733,6019723,5,2012,31,76.6472868217054,"Vena Avenue Elementary",91331
"11164",19,64733,6019723,5,2012,111,88,"Vena Avenue Elementary",91331
"11165",19,64733,6019731,2,2012,31,52.5,"Vermont Avenue Elementary",90007
"11166",19,64733,6019731,3,2012,31,49.9264069264069,"Vermont Avenue Elementary",90007
"11167",19,64733,6019731,4,2012,31,67.5,"Vermont Avenue Elementary",90007
"11168",19,64733,6019731,5,2012,31,56.6666666666667,"Vermont Avenue Elementary",90007
"11169",19,64733,6019749,2,2012,31,61,"Vernon City Elementary",90058
"11170",19,64733,6019749,3,2012,31,63.5,"Vernon City Elementary",90058
"11171",19,64733,6019749,4,2012,31,50,"Vernon City Elementary",90058
"11172",19,64733,6019749,5,2012,31,54.6666666666667,"Vernon City Elementary",90058
"11173",19,64733,6019749,6,2012,31,43,"Vernon City Elementary",90058
"11174",19,64733,6019756,2,2012,31,52,"Victoria Avenue Elementary",90280
"11175",19,64733,6019756,2,2012,111,58,"Victoria Avenue Elementary",90280
"11176",19,64733,6019756,3,2012,31,46,"Victoria Avenue Elementary",90280
"11177",19,64733,6019756,3,2012,111,50,"Victoria Avenue Elementary",90280
"11178",19,64733,6019756,4,2012,31,52,"Victoria Avenue Elementary",90280
"11179",19,64733,6019756,4,2012,111,64,"Victoria Avenue Elementary",90280
"11180",19,64733,6019756,5,2012,31,49.5439739413681,"Victoria Avenue Elementary",90280
"11181",19,64733,6019756,5,2012,111,44.6666666666667,"Victoria Avenue Elementary",90280
"11182",19,64733,6019764,2,2012,31,38,"Victory Boulevard Elementary",91606
"11183",19,64733,6019764,3,2012,31,63.5510204081633,"Victory Boulevard Elementary",91606
"11184",19,64733,6019764,4,2012,31,65.5208333333333,"Victory Boulevard Elementary",91606
"11185",19,64733,6019764,5,2012,31,57.3452380952381,"Victory Boulevard Elementary",91606
"11186",19,64733,6019772,2,2012,31,34.5,"Vine Street Elementary",90038
"11187",19,64733,6019772,3,2012,31,39.5,"Vine Street Elementary",90038
"11188",19,64733,6019772,4,2012,31,63.4965517241379,"Vine Street Elementary",90038
"11189",19,64733,6019772,5,2012,31,64.6542750929368,"Vine Street Elementary",90038
"11190",19,64733,6019772,6,2012,31,32.4605263157895,"Vine Street Elementary",90038
"11191",19,64733,6019806,2,2012,31,40.5,"Virginia Road Elementary",90016
"11192",19,64733,6019806,3,2012,31,46.56,"Virginia Road Elementary",90016
"11193",19,64733,6019806,4,2012,31,60,"Virginia Road Elementary",90016
"11194",19,64733,6019806,5,2012,31,39.6666666666667,"Virginia Road Elementary",90016
"11195",19,64733,6019814,2,2012,31,36,"Wadsworth Avenue Elementary",90011
"11196",19,64733,6019814,3,2012,31,40.5,"Wadsworth Avenue Elementary",90011
"11197",19,64733,6019814,4,2012,31,39.0041493775934,"Wadsworth Avenue Elementary",90011
"11198",19,64733,6019814,5,2012,31,32.6981132075472,"Wadsworth Avenue Elementary",90011
"11199",19,64733,6019822,2,2012,31,36,"Walgrove Avenue Elementary",90066
"11200",19,64733,6019822,2,2012,111,63,"Walgrove Avenue Elementary",90066
"11201",19,64733,6019822,3,2012,31,29.5,"Walgrove Avenue Elementary",90066
"11202",19,64733,6019822,3,2012,111,87.3492063492064,"Walgrove Avenue Elementary",90066
"11203",19,64733,6019822,5,2012,31,45,"Walgrove Avenue Elementary",90066
"11204",19,64733,6019822,5,2012,111,82.375,"Walgrove Avenue Elementary",90066
"11205",19,64733,6019830,2,2012,111,87,"Warner Avenue Elementary",90024
"11206",19,64733,6019830,3,2012,111,90.9657142857143,"Warner Avenue Elementary",90024
"11207",19,64733,6019830,4,2012,111,94.9850746268657,"Warner Avenue Elementary",90024
"11208",19,64733,6019830,5,2012,111,92.6666666666667,"Warner Avenue Elementary",90024
"11209",19,64733,6019848,2,2012,31,36,"Weigand Avenue Elementary",90002
"11210",19,64733,6019848,3,2012,31,34.5,"Weigand Avenue Elementary",90002
"11211",19,64733,6019848,4,2012,31,44.5,"Weigand Avenue Elementary",90002
"11212",19,64733,6019848,5,2012,31,44.3333333333333,"Weigand Avenue Elementary",90002
"11213",19,64733,6019863,2,2012,31,45,"West Athens Elementary",90044
"11214",19,64733,6019863,3,2012,31,44.896174863388,"West Athens Elementary",90044
"11215",19,64733,6019863,4,2012,31,37.5,"West Athens Elementary",90044
"11216",19,64733,6019863,5,2012,31,26,"West Athens Elementary",90044
"11217",19,64733,6019871,2,2012,111,92.5,"West Hollywood Elementary",90069
"11218",19,64733,6019871,3,2012,111,94,"West Hollywood Elementary",90069
"11219",19,64733,6019871,4,2012,31,71,"West Hollywood Elementary",90069
"11220",19,64733,6019871,4,2012,111,100,"West Hollywood Elementary",90069
"11221",19,64733,6019871,5,2012,31,68.5,"West Hollywood Elementary",90069
"11222",19,64733,6019871,5,2012,111,76.974358974359,"West Hollywood Elementary",90069
"11223",19,64733,6019871,6,2012,111,92,"West Hollywood Elementary",90069
"11224",19,64733,6019889,2,2012,31,44.5,"West Vernon Avenue Elementary",90037
"11225",19,64733,6019889,3,2012,31,42,"West Vernon Avenue Elementary",90037
"11226",19,64733,6019889,4,2012,31,58,"West Vernon Avenue Elementary",90037
"11227",19,64733,6019889,5,2012,31,31.3404710920771,"West Vernon Avenue Elementary",90037
"11228",19,64733,6019921,2,2012,31,57.5154639175258,"Westport Heights Elementary",90045
"11229",19,64733,6019921,2,2012,111,61.5,"Westport Heights Elementary",90045
"11230",19,64733,6019921,3,2012,31,56.3255813953488,"Westport Heights Elementary",90045
"11231",19,64733,6019921,3,2012,111,84,"Westport Heights Elementary",90045
"11232",19,64733,6019921,4,2012,31,55,"Westport Heights Elementary",90045
"11233",19,64733,6019921,4,2012,111,79,"Westport Heights Elementary",90045
"11234",19,64733,6019921,5,2012,31,63.0566037735849,"Westport Heights Elementary",90045
"11235",19,64733,6019921,5,2012,111,65.6666666666667,"Westport Heights Elementary",90045
"11236",19,64733,6019947,2,2012,111,87,"White Point Elementary",90731
"11237",19,64733,6019947,3,2012,111,81.4368932038835,"White Point Elementary",90731
"11238",19,64733,6019947,4,2012,31,62.5,"White Point Elementary",90731
"11239",19,64733,6019947,4,2012,111,70.9494949494949,"White Point Elementary",90731
"11240",19,64733,6019947,5,2012,111,78.0545454545454,"White Point Elementary",90731
"11241",19,64733,6019947,6,2012,111,69.1111111111111,"White Point Elementary",90731
"11242",19,64733,6019962,2,2012,31,66,"Wilmington Park Elementary",90744
"11243",19,64733,6019962,3,2012,31,50.4309764309764,"Wilmington Park Elementary",90744
"11244",19,64733,6019962,4,2012,31,67.5962962962963,"Wilmington Park Elementary",90744
"11245",19,64733,6019962,5,2012,31,59.2661870503597,"Wilmington Park Elementary",90744
"11246",19,64733,6019970,2,2012,31,60.5,"Wilshire Crest Elementary",90036
"11247",19,64733,6019970,3,2012,31,56.5,"Wilshire Crest Elementary",90036
"11248",19,64733,6019970,4,2012,31,66,"Wilshire Crest Elementary",90036
"11249",19,64733,6019988,2,2012,31,51,"Wilton Place Elementary",90005
"11250",19,64733,6019988,2,2012,111,78,"Wilton Place Elementary",90005
"11251",19,64733,6019988,3,2012,31,54.5971563981043,"Wilton Place Elementary",90005
"11252",19,64733,6019988,3,2012,111,77.5,"Wilton Place Elementary",90005
"11253",19,64733,6019988,4,2012,31,61.5151515151515,"Wilton Place Elementary",90005
"11254",19,64733,6019988,4,2012,111,92.5,"Wilton Place Elementary",90005
"11255",19,64733,6019988,5,2012,31,55,"Wilton Place Elementary",90005
"11256",19,64733,6019988,5,2012,111,65.3333333333333,"Wilton Place Elementary",90005
"11257",19,64733,6020002,2,2012,31,66.5,"Winnetka Avenue Elementary",91306
"11258",19,64733,6020002,3,2012,31,64.8814814814815,"Winnetka Avenue Elementary",91306
"11259",19,64733,6020002,4,2012,31,65,"Winnetka Avenue Elementary",91306
"11260",19,64733,6020010,2,2012,111,95.4820512820513,"Wonderland Avenue Elementary",90046
"11261",19,64733,6020010,3,2012,31,96.5,"Wonderland Avenue Elementary",90046
"11262",19,64733,6020010,3,2012,111,92.5,"Wonderland Avenue Elementary",90046
"11263",19,64733,6020010,4,2012,111,97,"Wonderland Avenue Elementary",90046
"11264",19,64733,6020010,5,2012,31,100,"Wonderland Avenue Elementary",90046
"11265",19,64733,6020010,5,2012,111,98,"Wonderland Avenue Elementary",90046
"11266",19,64733,6020028,2,2012,31,27.5,"Woodcrest Elementary",90044
"11267",19,64733,6020028,3,2012,31,32.5540069686411,"Woodcrest Elementary",90044
"11268",19,64733,6020028,4,2012,31,27.4955357142857,"Woodcrest Elementary",90044
"11269",19,64733,6020028,5,2012,31,28.3372921615202,"Woodcrest Elementary",90044
"11270",19,64733,6020051,2,2012,31,43.5,"Woodlawn Avenue Elementary",90201
"11271",19,64733,6020051,3,2012,31,51,"Woodlawn Avenue Elementary",90201
"11272",19,64733,6020051,4,2012,31,67.5477941176471,"Woodlawn Avenue Elementary",90201
"11273",19,64733,6020051,5,2012,31,59.7229551451187,"Woodlawn Avenue Elementary",90201
"11274",19,64733,6020069,2,2012,31,48,"Yorkdale Elementary",90042
"11275",19,64733,6020069,3,2012,31,70.5,"Yorkdale Elementary",90042
"11276",19,64733,6020069,4,2012,31,64.062015503876,"Yorkdale Elementary",90042
"11277",19,64733,6020069,5,2012,31,59.4183006535948,"Yorkdale Elementary",90042
"11278",19,64733,6020069,6,2012,31,51.5,"Yorkdale Elementary",90042
"11279",19,64733,6057871,6,2012,31,48,"Hubert Howe Bancroft Middle",90038
"11280",19,64733,6057871,6,2012,111,65,"Hubert Howe Bancroft Middle",90038
"11281",19,64733,6057871,7,2012,31,49.4623655913978,"Hubert Howe Bancroft Middle",90038
"11282",19,64733,6057871,7,2012,111,60.1818181818182,"Hubert Howe Bancroft Middle",90038
"11283",19,64733,6057871,8,2012,31,43.2342032967033,"Hubert Howe Bancroft Middle",90038
"11284",19,64733,6057871,8,2012,111,55.1034482758621,"Hubert Howe Bancroft Middle",90038
"11285",19,64733,6057889,6,2012,31,49.5069252077562,"Belvedere Middle",90063
"11286",19,64733,6057889,7,2012,31,38.4238578680203,"Belvedere Middle",90063
"11287",19,64733,6057889,8,2012,31,36.6335378323108,"Belvedere Middle",90063
"11288",19,64733,6057897,6,2012,31,62.5,"Luther Burbank Middle",90042
"11289",19,64733,6057897,7,2012,31,51.582554517134,"Luther Burbank Middle",90042
"11290",19,64733,6057897,7,2012,111,51.6451612903226,"Luther Burbank Middle",90042
"11291",19,64733,6057897,8,2012,31,52.1902173913044,"Luther Burbank Middle",90042
"11292",19,64733,6057897,8,2012,111,54.7142857142857,"Luther Burbank Middle",90042
"11293",19,64733,6057905,6,2012,31,42.5020202020202,"Richard E. Byrd Middle",91352
"11294",19,64733,6057905,7,2012,31,51.5411030176899,"Richard E. Byrd Middle",91352
"11295",19,64733,6057905,8,2012,31,42.5881561238223,"Richard E. Byrd Middle",91352
"11296",19,64733,6057913,6,2012,31,40.0026109660574,"Andrew Carnegie Middle",90745
"11297",19,64733,6057913,6,2012,111,65.5,"Andrew Carnegie Middle",90745
"11298",19,64733,6057913,7,2012,31,44.8495726495727,"Andrew Carnegie Middle",90745
"11299",19,64733,6057913,7,2012,111,61.9454545454545,"Andrew Carnegie Middle",90745
"11300",19,64733,6057913,8,2012,31,36.260017809439,"Andrew Carnegie Middle",90745
"11301",19,64733,6057913,8,2012,111,44.1134453781513,"Andrew Carnegie Middle",90745
"11302",19,64733,6057939,6,2012,31,38.0041911148365,"Chester W. Nimitz Middle",90255
"11303",19,64733,6057939,7,2012,31,38.894777265745,"Chester W. Nimitz Middle",90255
"11304",19,64733,6057939,8,2012,31,43.6160849772382,"Chester W. Nimitz Middle",90255
"11305",19,64733,6057947,6,2012,31,36.9848812095032,"Christopher Columbus Middle",91304
"11306",19,64733,6057947,7,2012,31,40.505859375,"Christopher Columbus Middle",91304
"11307",19,64733,6057947,8,2012,31,45.7614964925955,"Christopher Columbus Middle",91304
"11308",19,64733,6057954,6,2012,31,32.9895470383275,"Richard Henry Dana Middle",90731
"11309",19,64733,6057954,6,2012,111,52.0139534883721,"Richard Henry Dana Middle",90731
"11310",19,64733,6057954,7,2012,31,43.7016229712859,"Richard Henry Dana Middle",90731
"11311",19,64733,6057954,7,2012,111,60.8880597014925,"Richard Henry Dana Middle",90731
"11312",19,64733,6057954,8,2012,31,35.1394201110426,"Richard Henry Dana Middle",90731
"11313",19,64733,6057954,8,2012,111,59.5467980295566,"Richard Henry Dana Middle",90731
"11314",19,64733,6057962,7,2012,31,26.0038834951456,"Charles Drew Middle",90001
"11315",19,64733,6057962,7,2012,111,33,"Charles Drew Middle",90001
"11316",19,64733,6057962,8,2012,31,23.9628597957289,"Charles Drew Middle",90001
"11317",19,64733,6057962,8,2012,111,23.1565656565657,"Charles Drew Middle",90001
"11318",19,64733,6057996,6,2012,31,43.007614213198,"Alexander Fleming Middle",90717
"11319",19,64733,6057996,6,2012,111,53.4739884393064,"Alexander Fleming Middle",90717
"11320",19,64733,6057996,7,2012,31,45.9087591240876,"Alexander Fleming Middle",90717
"11321",19,64733,6057996,7,2012,111,47.81592039801,"Alexander Fleming Middle",90717
"11322",19,64733,6057996,8,2012,31,41.0938352427714,"Alexander Fleming Middle",90717
"11323",19,64733,6057996,8,2012,111,57.8793969849246,"Alexander Fleming Middle",90717
"11324",19,64733,6058036,6,2012,31,40,"Griffith Middle",90022
"11325",19,64733,6058036,7,2012,31,39.1648590021692,"Griffith Middle",90022
"11326",19,64733,6058036,8,2012,31,40.3545091070635,"Griffith Middle",90022
"11327",19,64733,6058051,6,2012,31,34.5,"Hollenbeck Middle",90023
"11328",19,64733,6058051,6,2012,111,35,"Hollenbeck Middle",90023
"11329",19,64733,6058051,7,2012,31,30.0506329113924,"Hollenbeck Middle",90023
"11330",19,64733,6058051,7,2012,111,41.1095890410959,"Hollenbeck Middle",90023
"11331",19,64733,6058051,8,2012,31,31.3007889546351,"Hollenbeck Middle",90023
"11332",19,64733,6058051,8,2012,111,38.5102040816327,"Hollenbeck Middle",90023
"11333",19,64733,6058069,6,2012,31,54.9880597014925,"Oliver Wendell Holmes Middle",91325
"11334",19,64733,6058069,6,2012,111,71,"Oliver Wendell Holmes Middle",91325
"11335",19,64733,6058069,7,2012,31,69.8181818181818,"Oliver Wendell Holmes Middle",91325
"11336",19,64733,6058069,7,2012,111,78.817880794702,"Oliver Wendell Holmes Middle",91325
"11337",19,64733,6058069,8,2012,31,61.5272346368715,"Oliver Wendell Holmes Middle",91325
"11338",19,64733,6058069,8,2012,111,79.8398791540785,"Oliver Wendell Holmes Middle",91325
"11339",19,64733,6058101,6,2012,31,31.4990366088632,"Charles Maclay Middle",91331
"11340",19,64733,6058101,7,2012,31,35.5,"Charles Maclay Middle",91331
"11341",19,64733,6058101,8,2012,31,31.3045540796964,"Charles Maclay Middle",91331
"11342",19,64733,6058127,6,2012,31,39.985111662531,"Marina del Rey Middle",90066
"11343",19,64733,6058127,6,2012,111,38,"Marina del Rey Middle",90066
"11344",19,64733,6058127,7,2012,31,37.8439306358381,"Marina del Rey Middle",90066
"11345",19,64733,6058127,7,2012,111,63.8181818181818,"Marina del Rey Middle",90066
"11346",19,64733,6058127,8,2012,31,38.9648946840522,"Marina del Rey Middle",90066
"11347",19,64733,6058127,8,2012,111,59.2325581395349,"Marina del Rey Middle",90066
"11348",19,64733,6058135,6,2012,31,45.5,"Mark Twain Middle",90066
"11349",19,64733,6058135,7,2012,31,37.5432692307692,"Mark Twain Middle",90066
"11350",19,64733,6058135,8,2012,31,39.8273542600897,"Mark Twain Middle",90066
"11351",19,64733,6058143,7,2012,31,32.9767441860465,"Mary McLeod Bethune Middle",90003
"11352",19,64733,6058143,7,2012,111,29.9302325581395,"Mary McLeod Bethune Middle",90003
"11353",19,64733,6058143,8,2012,31,36.1455082243779,"Mary McLeod Bethune Middle",90003
"11354",19,64733,6058143,8,2012,111,18.3821138211382,"Mary McLeod Bethune Middle",90003
"11355",19,64733,6058168,6,2012,31,45.4911591355599,"Mt. Gleason Middle",91040
"11356",19,64733,6058168,6,2012,111,68.970297029703,"Mt. Gleason Middle",91040
"11357",19,64733,6058168,7,2012,31,49.9922178988327,"Mt. Gleason Middle",91040
"11358",19,64733,6058168,7,2012,111,69.4472049689441,"Mt. Gleason Middle",91040
"11359",19,64733,6058168,8,2012,31,41.710332103321,"Mt. Gleason Middle",91040
"11360",19,64733,6058168,8,2012,111,66.7352941176471,"Mt. Gleason Middle",91040
"11361",19,64733,6058176,6,2012,31,22.5,"John Muir Middle",90044
"11362",19,64733,6058176,6,2012,111,31.0689655172414,"John Muir Middle",90044
"11363",19,64733,6058176,7,2012,31,31.004016064257,"John Muir Middle",90044
"11364",19,64733,6058176,7,2012,111,34.9824561403509,"John Muir Middle",90044
"11365",19,64733,6058176,8,2012,31,31.1054713249835,"John Muir Middle",90044
"11366",19,64733,6058176,8,2012,111,28.9096385542169,"John Muir Middle",90044
"11367",19,64733,6058184,6,2012,31,39.974293059126,"William Mulholland Middle",91406
"11368",19,64733,6058184,6,2012,111,45.6117647058824,"William Mulholland Middle",91406
"11369",19,64733,6058184,7,2012,31,32.1037204058625,"William Mulholland Middle",91406
"11370",19,64733,6058184,7,2012,111,44.8813559322034,"William Mulholland Middle",91406
"11371",19,64733,6058184,8,2012,31,36.9696323921151,"William Mulholland Middle",91406
"11372",19,64733,6058184,8,2012,111,42.2546012269939,"William Mulholland Middle",91406
"11373",19,64733,6058192,6,2012,31,42,"Florence Nightingale Middle",90065
"11374",19,64733,6058192,7,2012,31,44.4336283185841,"Florence Nightingale Middle",90065
"11375",19,64733,6058192,8,2012,31,40.434988179669,"Florence Nightingale Middle",90065
"11376",19,64733,6058200,6,2012,31,41.9548532731377,"Northridge Middle",91325
"11377",19,64733,6058200,6,2012,111,69,"Northridge Middle",91325
"11378",19,64733,6058200,7,2012,31,43.8344226579521,"Northridge Middle",91325
"11379",19,64733,6058200,7,2012,111,47.6086956521739,"Northridge Middle",91325
"11380",19,64733,6058200,8,2012,31,53.002994011976,"Northridge Middle",91325
"11381",19,64733,6058200,8,2012,111,80.9827586206897,"Northridge Middle",91325
"11382",19,64733,6058218,6,2012,31,40.448347107438,"Pacoima Middle",91331
"11383",19,64733,6058218,6,2012,111,46.5915492957746,"Pacoima Middle",91331
"11384",19,64733,6058218,7,2012,31,39.7670212765957,"Pacoima Middle",91331
"11385",19,64733,6058218,7,2012,111,53.8709677419355,"Pacoima Middle",91331
"11386",19,64733,6058218,8,2012,31,35.2734042553192,"Pacoima Middle",91331
"11387",19,64733,6058218,8,2012,111,50.3571428571429,"Pacoima Middle",91331
"11388",19,64733,6058226,6,2012,31,63.5,"Palms Middle",90034
"11389",19,64733,6058226,6,2012,111,81,"Palms Middle",90034
"11390",19,64733,6058226,7,2012,31,63.4192546583851,"Palms Middle",90034
"11391",19,64733,6058226,7,2012,111,78.9049429657795,"Palms Middle",90034
"11392",19,64733,6058226,8,2012,31,66.3182222222222,"Palms Middle",90034
"11393",19,64733,6058226,8,2012,111,78.932380952381,"Palms Middle",90034
"11394",19,64733,6058242,6,2012,31,49.4981949458484,"George K. Porter Middle",91344
"11395",19,64733,6058242,6,2012,111,71.9930795847751,"George K. Porter Middle",91344
"11396",19,64733,6058242,7,2012,31,54.4911838790932,"George K. Porter Middle",91344
"11397",19,64733,6058242,7,2012,111,76.0766423357664,"George K. Porter Middle",91344
"11398",19,64733,6058242,8,2012,31,55.3993265993266,"George K. Porter Middle",91344
"11399",19,64733,6058242,8,2012,111,73.7003058103976,"George K. Porter Middle",91344
"11400",19,64733,6058275,6,2012,31,65,"Robert Frost Middle",91344
"11401",19,64733,6058275,6,2012,111,76.0046511627907,"Robert Frost Middle",91344
"11402",19,64733,6058275,7,2012,31,67.6818181818182,"Robert Frost Middle",91344
"11403",19,64733,6058275,7,2012,111,77.6217494089834,"Robert Frost Middle",91344
"11404",19,64733,6058275,8,2012,31,61.4889415481833,"Robert Frost Middle",91344
"11405",19,64733,6058275,8,2012,111,76.4186046511628,"Robert Frost Middle",91344
"11406",19,64733,6058283,6,2012,31,31.0075282308657,"San Fernando Middle",91340
"11407",19,64733,6058283,6,2012,111,44.8275862068966,"San Fernando Middle",91340
"11408",19,64733,6058283,7,2012,31,33.1776649746193,"San Fernando Middle",91340
"11409",19,64733,6058283,7,2012,111,34.2857142857143,"San Fernando Middle",91340
"11410",19,64733,6058283,8,2012,31,38.3515666489644,"San Fernando Middle",91340
"11411",19,64733,6058283,8,2012,111,39.6986301369863,"San Fernando Middle",91340
"11412",19,64733,6058291,6,2012,31,39.9876543209877,"Francisco Sepulveda Middle",91343
"11413",19,64733,6058291,6,2012,111,68.989247311828,"Francisco Sepulveda Middle",91343
"11414",19,64733,6058291,7,2012,31,43.7039548022599,"Francisco Sepulveda Middle",91343
"11415",19,64733,6058291,7,2012,111,47.4576271186441,"Francisco Sepulveda Middle",91343
"11416",19,64733,6058291,8,2012,31,43.3865784499055,"Francisco Sepulveda Middle",91343
"11417",19,64733,6058291,8,2012,111,55.4782608695652,"Francisco Sepulveda Middle",91343
"11418",19,64733,6058309,6,2012,31,38.4981435643564,"South Gate Middle",90280
"11419",19,64733,6058309,7,2012,31,41.3349225268176,"South Gate Middle",90280
"11420",19,64733,6058309,8,2012,31,41.9027027027027,"South Gate Middle",90280
"11421",19,64733,6058325,6,2012,31,34,"John A. Sutter Middle",91306
"11422",19,64733,6058325,7,2012,31,48.34375,"John A. Sutter Middle",91306
"11423",19,64733,6058325,8,2012,31,40.2491448118586,"John A. Sutter Middle",91306
"11424",19,64733,6058333,6,2012,31,41.0296735905045,"Van Nuys Middle",91411
"11425",19,64733,6058333,6,2012,111,58.0534351145038,"Van Nuys Middle",91411
"11426",19,64733,6058333,7,2012,31,38.2852941176471,"Van Nuys Middle",91411
"11427",19,64733,6058333,7,2012,111,58.0535714285714,"Van Nuys Middle",91411
"11428",19,64733,6058333,8,2012,31,48.0154185022026,"Van Nuys Middle",91411
"11429",19,64733,6058333,8,2012,111,64.6941747572816,"Van Nuys Middle",91411
"11430",19,64733,6058341,6,2012,31,44.5085007727975,"Virgil Middle",90004
"11431",19,64733,6058341,7,2012,31,41.3798008534851,"Virgil Middle",90004
"11432",19,64733,6058341,8,2012,31,39.8770983213429,"Virgil Middle",90004
"11433",19,64733,6058366,6,2012,31,42.5021551724138,"Stephen M. White Middle",90745
"11434",19,64733,6058366,6,2012,111,62.4893617021277,"Stephen M. White Middle",90745
"11435",19,64733,6058366,7,2012,31,44.5352697095436,"Stephen M. White Middle",90745
"11436",19,64733,6058366,7,2012,111,58.6132404181185,"Stephen M. White Middle",90745
"11437",19,64733,6058366,8,2012,31,44.8560135516657,"Stephen M. White Middle",90745
"11438",19,64733,6058366,8,2012,111,53.9809688581315,"Stephen M. White Middle",90745
"11439",19,64733,6060529,2,2012,31,56.5,"Marlton",90008
"11440",19,64733,6060529,5,2012,31,41.6666666666667,"Marlton",90008
"11441",19,64733,6060529,10,2012,31,2.5,"Marlton",90008
"11442",19,64733,6061394,6,2012,31,38.0066225165563,"Audubon Middle",90008
"11443",19,64733,6061394,7,2012,31,41.2311111111111,"Audubon Middle",90008
"11444",19,64733,6061394,8,2012,31,39.916015625,"Audubon Middle",90008
"11445",19,64733,6061402,6,2012,31,36.5,"Berendo Middle",90006
"11446",19,64733,6061402,6,2012,111,30,"Berendo Middle",90006
"11447",19,64733,6061402,7,2012,31,43.5,"Berendo Middle",90006
"11448",19,64733,6061402,7,2012,111,47,"Berendo Middle",90006
"11449",19,64733,6061402,8,2012,31,47.8349944629014,"Berendo Middle",90006
"11450",19,64733,6061402,8,2012,111,58.1272727272727,"Berendo Middle",90006
"11451",19,64733,6061410,6,2012,31,68.9927159209157,"John Burroughs Middle",90005
"11452",19,64733,6061410,6,2012,111,81.5,"John Burroughs Middle",90005
"11453",19,64733,6061410,7,2012,31,68.5232067510549,"John Burroughs Middle",90005
"11454",19,64733,6061410,7,2012,111,83.0447284345048,"John Burroughs Middle",90005
"11455",19,64733,6061410,8,2012,31,73.2031952071892,"John Burroughs Middle",90005
"11456",19,64733,6061410,8,2012,111,79.3996815286624,"John Burroughs Middle",90005
"11457",19,64733,6061444,7,2012,31,44.5153774464119,"Thomas A. Edison Middle",90001
"11458",19,64733,6061444,7,2012,111,40.7567567567568,"Thomas A. Edison Middle",90001
"11459",19,64733,6061444,8,2012,31,33.5361842105263,"Thomas A. Edison Middle",90001
"11460",19,64733,6061444,8,2012,111,36.2727272727273,"Thomas A. Edison Middle",90001
"11461",19,64733,6061451,2,2012,31,46,"Foshay Learning Center",90018
"11462",19,64733,6061451,3,2012,31,48,"Foshay Learning Center",90018
"11463",19,64733,6061451,4,2012,31,55.5,"Foshay Learning Center",90018
"11464",19,64733,6061451,5,2012,31,38.3333333333333,"Foshay Learning Center",90018
"11465",19,64733,6061451,6,2012,31,31.4963820549928,"Foshay Learning Center",90018
"11466",19,64733,6061451,7,2012,31,28.5060080106809,"Foshay Learning Center",90018
"11467",19,64733,6061451,8,2012,31,33.0140845070423,"Foshay Learning Center",90018
"11468",19,64733,6061451,9,2012,31,34.8752399232246,"Foshay Learning Center",90018
"11469",19,64733,6061451,10,2012,31,38.910085054678,"Foshay Learning Center",90018
"11470",19,64733,6061451,11,2012,31,30.3251231527094,"Foshay Learning Center",90018
"11471",19,64733,6061469,6,2012,31,26.4954407294833,"Henry T. Gage Middle",90255
"11472",19,64733,6061469,7,2012,31,33.6985507246377,"Henry T. Gage Middle",90255
"11473",19,64733,6061469,8,2012,31,38.9572459744586,"Henry T. Gage Middle",90255
"11474",19,64733,6061485,6,2012,31,53.5347222222222,"Patrick Henry Middle",91344
"11475",19,64733,6061485,6,2012,111,70,"Patrick Henry Middle",91344
"11476",19,64733,6061485,7,2012,31,58.8745173745174,"Patrick Henry Middle",91344
"11477",19,64733,6061485,7,2012,111,75.6666666666667,"Patrick Henry Middle",91344
"11478",19,64733,6061485,8,2012,31,52.9322873658134,"Patrick Henry Middle",91344
"11479",19,64733,6061485,8,2012,111,65.2541176470588,"Patrick Henry Middle",91344
"11480",19,64733,6061501,6,2012,31,37.4702194357367,"Joseph Le Conte Middle",90028
"11481",19,64733,6061501,7,2012,31,49.1545741324921,"Joseph Le Conte Middle",90028
"11482",19,64733,6061501,7,2012,111,65.3720930232558,"Joseph Le Conte Middle",90028
"11483",19,64733,6061501,8,2012,31,39.8901853122855,"Joseph Le Conte Middle",90028
"11484",19,64733,6061501,8,2012,111,47.0882352941176,"Joseph Le Conte Middle",90028
"11485",19,64733,6061519,6,2012,31,39,"James Madison Middle",91605
"11486",19,64733,6061519,7,2012,31,45.6561797752809,"James Madison Middle",91605
"11487",19,64733,6061519,8,2012,31,46.9525773195876,"James Madison Middle",91605
"11488",19,64733,6061527,6,2012,31,27,"Edwin Markham Middle",90002
"11489",19,64733,6061527,6,2012,111,22,"Edwin Markham Middle",90002
"11490",19,64733,6061527,7,2012,31,27,"Edwin Markham Middle",90002
"11491",19,64733,6061527,7,2012,111,29,"Edwin Markham Middle",90002
"11492",19,64733,6061527,8,2012,31,27.241961414791,"Edwin Markham Middle",90002
"11493",19,64733,6061527,8,2012,111,27.85559566787,"Edwin Markham Middle",90002
"11494",19,64733,6061550,6,2012,31,45.978021978022,"Olive Vista Middle",91342
"11495",19,64733,6061550,7,2012,31,43.5005917159763,"Olive Vista Middle",91342
"11496",19,64733,6061550,8,2012,31,36.938824954573,"Olive Vista Middle",91342
"11497",19,64733,6061568,6,2012,31,41.5,"Woodland Hills Academy",91367
"11498",19,64733,6061568,6,2012,111,64,"Woodland Hills Academy",91367
"11499",19,64733,6061568,7,2012,31,39.310546875,"Woodland Hills Academy",91367
"11500",19,64733,6061568,7,2012,111,64.0372670807453,"Woodland Hills Academy",91367
"11501",19,64733,6061568,8,2012,31,51.3014634146341,"Woodland Hills Academy",91367
"11502",19,64733,6061568,8,2012,111,73.1959798994975,"Woodland Hills Academy",91367
"11503",19,64733,6061576,6,2012,31,43.0048076923077,"Robert E. Peary Middle",90247
"11504",19,64733,6061576,6,2012,111,39.5,"Robert E. Peary Middle",90247
"11505",19,64733,6061576,7,2012,31,39.2777777777778,"Robert E. Peary Middle",90247
"11506",19,64733,6061576,7,2012,111,53.5755395683453,"Robert E. Peary Middle",90247
"11507",19,64733,6061576,8,2012,31,40.8209647495362,"Robert E. Peary Middle",90247
"11508",19,64733,6061576,8,2012,111,42.31,"Robert E. Peary Middle",90247
"11509",19,64733,6062699,6,2012,31,50.9717314487633,"Walter Reed Middle",91602
"11510",19,64733,6062699,6,2012,111,85.0087912087912,"Walter Reed Middle",91602
"11511",19,64733,6062699,7,2012,31,54.2778675282714,"Walter Reed Middle",91602
"11512",19,64733,6062699,7,2012,111,88.8461538461538,"Walter Reed Middle",91602
"11513",19,64733,6062699,8,2012,31,42.3159144893112,"Walter Reed Middle",91602
"11514",19,64733,6062699,8,2012,111,86.5264483627204,"Walter Reed Middle",91602
"11515",19,64733,6066286,2,2012,31,62,"Saturn Street Elementary",90019
"11516",19,64733,6066286,3,2012,31,51,"Saturn Street Elementary",90019
"11517",19,64733,6066286,4,2012,31,64.0689655172414,"Saturn Street Elementary",90019
"11518",19,64733,6066286,5,2012,31,45.6457399103139,"Saturn Street Elementary",90019
"11519",19,64733,6066294,6,2012,31,32.9937106918239,"Glenn Hammond Curtiss Middle",90746
"11520",19,64733,6066294,6,2012,111,44.5,"Glenn Hammond Curtiss Middle",90746
"11521",19,64733,6066294,7,2012,31,36,"Glenn Hammond Curtiss Middle",90746
"11522",19,64733,6066294,7,2012,111,48.5,"Glenn Hammond Curtiss Middle",90746
"11523",19,64733,6066294,8,2012,31,31.5914552736983,"Glenn Hammond Curtiss Middle",90746
"11524",19,64733,6066294,8,2012,111,37.5968586387435,"Glenn Hammond Curtiss Middle",90746
"11525",19,64733,6068431,6,2012,31,46.9956236323851,"El Sereno Middle",90032
"11526",19,64733,6068431,7,2012,31,43.2804659498208,"El Sereno Middle",90032
"11527",19,64733,6068431,8,2012,31,36.754197761194,"El Sereno Middle",90032
"11528",19,64733,6071443,2,2012,31,34.5,"Robert F. Kennedy Elementary",90063
"11529",19,64733,6071443,3,2012,31,47.5,"Robert F. Kennedy Elementary",90063
"11530",19,64733,6071443,4,2012,31,71,"Robert F. Kennedy Elementary",90063
"11531",19,64733,6071443,5,2012,31,47.6279069767442,"Robert F. Kennedy Elementary",90063
"11532",19,64733,6071443,6,2012,31,25.5,"Robert F. Kennedy Elementary",90063
"11533",19,64733,6089700,2,2012,31,70.5,"Fishburn Avenue Elementary",90270
"11534",19,64733,6089700,3,2012,31,49.5549738219895,"Fishburn Avenue Elementary",90270
"11535",19,64733,6089700,4,2012,31,62.9658536585366,"Fishburn Avenue Elementary",90270
"11536",19,64733,6089700,5,2012,31,56.3333333333333,"Fishburn Avenue Elementary",90270
"11537",19,64733,6097927,2,2012,111,83,"Open Charter Magnet",90045
"11538",19,64733,6097927,3,2012,31,76.1724137931034,"Open Charter Magnet",90045
"11539",19,64733,6097927,3,2012,111,80.5,"Open Charter Magnet",90045
"11540",19,64733,6097927,4,2012,31,73,"Open Charter Magnet",90045
"11541",19,64733,6097927,4,2012,111,85,"Open Charter Magnet",90045
"11542",19,64733,6097927,5,2012,31,75.6341463414634,"Open Charter Magnet",90045
"11543",19,64733,6097927,5,2012,111,87.5697674418605,"Open Charter Magnet",90045
"11544",19,64733,6104822,2,2012,31,42.5,"Sunrise Elementary",90023
"11545",19,64733,6104822,3,2012,31,20.5,"Sunrise Elementary",90023
"11546",19,64733,6104822,4,2012,31,56,"Sunrise Elementary",90023
"11547",19,64733,6104822,5,2012,31,54.7120418848168,"Sunrise Elementary",90023
"11548",19,64733,6104822,6,2012,31,24.5,"Sunrise Elementary",90023
"11549",19,64733,6107064,6,2012,31,44.5479452054795,"Pio Pico Middle",90019
"11550",19,64733,6107064,7,2012,31,45.8942857142857,"Pio Pico Middle",90019
"11551",19,64733,6107064,8,2012,31,49.343023255814,"Pio Pico Middle",90019
"11552",19,64733,6107064,8,2012,111,40.0487804878049,"Pio Pico Middle",90019
"11553",19,64733,6107403,2,2012,31,57.5,"Montara Avenue Elementary",90280
"11554",19,64733,6107403,3,2012,31,38,"Montara Avenue Elementary",90280
"11555",19,64733,6107403,4,2012,31,60,"Montara Avenue Elementary",90280
"11556",19,64733,6107403,5,2012,31,46.6666666666667,"Montara Avenue Elementary",90280
"11557",19,64733,6107403,6,2012,31,34,"Montara Avenue Elementary",90280
"11558",19,64733,6108641,2,2012,31,49.5018181818182,"San Miguel Elementary",90280
"11559",19,64733,6108641,2,2012,111,46,"San Miguel Elementary",90280
"11560",19,64733,6108641,3,2012,31,47,"San Miguel Elementary",90280
"11561",19,64733,6108641,3,2012,111,33.5,"San Miguel Elementary",90280
"11562",19,64733,6108641,4,2012,31,60.4808362369338,"San Miguel Elementary",90280
"11563",19,64733,6108641,4,2012,111,59.5,"San Miguel Elementary",90280
"11564",19,64733,6108641,5,2012,31,59.3333333333333,"San Miguel Elementary",90280
"11565",19,64733,6108641,5,2012,111,53,"San Miguel Elementary",90280
"11566",19,64733,6110266,2,2012,31,54.5,"Leo Politi Elementary",90006
"11567",19,64733,6110266,3,2012,31,40.5414847161572,"Leo Politi Elementary",90006
"11568",19,64733,6110266,4,2012,31,51.5320197044335,"Leo Politi Elementary",90006
"11569",19,64733,6110266,5,2012,31,47,"Leo Politi Elementary",90006
"11570",19,64733,6110274,2,2012,31,62.5,"Nueva Vista Elementary",90201
"11571",19,64733,6110274,2,2012,111,87.5,"Nueva Vista Elementary",90201
"11572",19,64733,6110274,3,2012,31,50.5868055555556,"Nueva Vista Elementary",90201
"11573",19,64733,6110274,3,2012,111,66,"Nueva Vista Elementary",90201
"11574",19,64733,6110274,4,2012,31,67,"Nueva Vista Elementary",90201
"11575",19,64733,6110274,5,2012,31,56.9975490196078,"Nueva Vista Elementary",90201
"11576",19,64733,6110274,5,2012,111,77.6666666666667,"Nueva Vista Elementary",90201
"11577",19,64733,6110274,6,2012,31,43.9605911330049,"Nueva Vista Elementary",90201
"11578",19,64733,6110951,2,2012,31,53.4949494949495,"Sara Coughlin Elementary",91331
"11579",19,64733,6110951,3,2012,31,44.5,"Sara Coughlin Elementary",91331
"11580",19,64733,6110951,4,2012,31,44.5255102040816,"Sara Coughlin Elementary",91331
"11581",19,64733,6110951,5,2012,31,35.3346303501946,"Sara Coughlin Elementary",91331
"11582",19,64733,6110969,2,2012,31,38,"Esperanza Elementary",90017
"11583",19,64733,6110969,3,2012,31,33.5,"Esperanza Elementary",90017
"11584",19,64733,6110969,4,2012,31,49,"Esperanza Elementary",90017
"11585",19,64733,6110969,5,2012,31,36.1506849315069,"Esperanza Elementary",90017
"11586",19,64733,6110977,2,2012,31,46,"Walnut Park Elementary",90255
"11587",19,64733,6110977,3,2012,31,61,"Walnut Park Elementary",90255
"11588",19,64733,6110977,4,2012,31,59.5,"Walnut Park Elementary",90255
"11589",19,64733,6110977,5,2012,31,62.6666666666667,"Walnut Park Elementary",90255
"11590",19,64733,6111512,2,2012,31,59.5,"Los Angeles Elementary",90006
"11591",19,64733,6111512,2,2012,111,71,"Los Angeles Elementary",90006
"11592",19,64733,6111512,3,2012,31,42,"Los Angeles Elementary",90006
"11593",19,64733,6111512,3,2012,111,63,"Los Angeles Elementary",90006
"11594",19,64733,6111512,4,2012,31,70.5,"Los Angeles Elementary",90006
"11595",19,64733,6111512,4,2012,111,57,"Los Angeles Elementary",90006
"11596",19,64733,6111512,5,2012,31,61.3333333333333,"Los Angeles Elementary",90006
"11597",19,64733,6111512,5,2012,111,45.6666666666667,"Los Angeles Elementary",90006
"11598",19,64733,6112411,2,2012,31,43,"San Antonio Elementary",90255
"11599",19,64733,6112411,3,2012,31,51.5,"San Antonio Elementary",90255
"11600",19,64733,6112411,4,2012,31,68.0196078431373,"San Antonio Elementary",90255
"11601",19,64733,6112411,5,2012,31,44.3576158940397,"San Antonio Elementary",90255
"11602",19,64733,6112536,2,2012,31,46.5,"Accelerated",90037
"11603",19,64733,6112536,3,2012,31,49.3119266055046,"Accelerated",90037
"11604",19,64733,6112536,4,2012,31,71,"Accelerated",90037
"11605",19,64733,6112536,5,2012,31,58.3333333333333,"Accelerated",90037
"11606",19,64733,6112536,6,2012,31,63.5477707006369,"Accelerated",90037
"11607",19,64733,6112536,7,2012,31,47.2594936708861,"Accelerated",90037
"11608",19,64733,6112536,8,2012,31,32.9977375565611,"Accelerated",90037
"11609",19,64733,6114722,2,2012,31,53,"Independence Elementary",90280
"11610",19,64733,6114722,3,2012,31,46.6883116883117,"Independence Elementary",90280
"11611",19,64733,6114722,4,2012,31,67.4666666666667,"Independence Elementary",90280
"11612",19,64733,6114722,4,2012,111,82,"Independence Elementary",90280
"11613",19,64733,6114722,5,2012,31,59.3296398891967,"Independence Elementary",90280
"11614",19,64733,6114912,2,2012,31,71,"Watts Learning Center",90003
"11615",19,64733,6114912,3,2012,31,73.5,"Watts Learning Center",90003
"11616",19,64733,6114912,4,2012,31,76,"Watts Learning Center",90003
"11617",19,64733,6114912,5,2012,31,62.3333333333333,"Watts Learning Center",90003
"11618",19,64733,6115794,6,2012,31,33,"Los Angeles Academy Middle",90011
"11619",19,64733,6115794,7,2012,31,35.1737173717372,"Los Angeles Academy Middle",90011
"11620",19,64733,6115794,8,2012,31,35.6665219279201,"Los Angeles Academy Middle",90011
"11621",19,64733,6116842,2,2012,31,46,"Primary Academy for Success",91402
"11622",19,64733,6117667,2,2012,31,78,"Camino Nuevo Charter Academy",90057
"11623",19,64733,6117667,3,2012,31,64.6611570247934,"Camino Nuevo Charter Academy",90057
"11624",19,64733,6117667,4,2012,31,54.0086956521739,"Camino Nuevo Charter Academy",90057
"11625",19,64733,6117667,5,2012,31,41.1497005988024,"Camino Nuevo Charter Academy",90057
"11626",19,64733,6117667,6,2012,31,55,"Camino Nuevo Charter Academy",90057
"11627",19,64733,6117667,7,2012,31,66.1785714285714,"Camino Nuevo Charter Academy",90057
"11628",19,64733,6117667,8,2012,31,71.1034482758621,"Camino Nuevo Charter Academy",90057
"11629",19,64733,6118186,2,2012,31,41.5,"Ellen Ochoa Learning Center",90201
"11630",19,64733,6118186,2,2012,111,50,"Ellen Ochoa Learning Center",90201
"11631",19,64733,6118186,3,2012,31,41.5912408759124,"Ellen Ochoa Learning Center",90201
"11632",19,64733,6118186,4,2012,31,63.038961038961,"Ellen Ochoa Learning Center",90201
"11633",19,64733,6118186,5,2012,31,26.6601671309192,"Ellen Ochoa Learning Center",90201
"11634",19,64733,6118186,5,2012,111,51.1219512195122,"Ellen Ochoa Learning Center",90201
"11635",19,64733,6118186,6,2012,31,37.9843137254902,"Ellen Ochoa Learning Center",90201
"11636",19,64733,6118186,6,2012,111,38,"Ellen Ochoa Learning Center",90201
"11637",19,64733,6118186,7,2012,31,46.4489795918367,"Ellen Ochoa Learning Center",90201
"11638",19,64733,6118186,7,2012,111,28.5892857142857,"Ellen Ochoa Learning Center",90201
"11639",19,64733,6118186,8,2012,31,34.9553990610329,"Ellen Ochoa Learning Center",90201
"11640",19,64733,6118186,8,2012,111,34.4154929577465,"Ellen Ochoa Learning Center",90201
"11641",19,64733,6119044,2,2012,31,29.5,"Multicultural Learning Center",91303
"11642",19,64733,6119044,2,2012,111,56.5,"Multicultural Learning Center",91303
"11643",19,64733,6119044,3,2012,31,36.5,"Multicultural Learning Center",91303
"11644",19,64733,6119044,3,2012,111,75,"Multicultural Learning Center",91303
"11645",19,64733,6119044,4,2012,31,31.2888888888889,"Multicultural Learning Center",91303
"11646",19,64733,6119044,4,2012,111,64.5,"Multicultural Learning Center",91303
"11647",19,64733,6119044,5,2012,31,46.3333333333333,"Multicultural Learning Center",91303
"11648",19,64733,6119044,6,2012,31,39,"Multicultural Learning Center",91303
"11649",19,64733,6119044,6,2012,111,77.5,"Multicultural Learning Center",91303
"11650",19,64733,6119044,7,2012,31,56,"Multicultural Learning Center",91303
"11651",19,64733,6119903,2,2012,31,63,"Downtown Value",90015
"11652",19,64733,6119903,3,2012,31,58.1234567901235,"Downtown Value",90015
"11653",19,64733,6119903,4,2012,31,63.5,"Downtown Value",90015
"11654",19,64733,6119903,5,2012,31,52.3333333333333,"Downtown Value",90015
"11655",19,64733,6119903,6,2012,31,35,"Downtown Value",90015
"11656",19,64733,6119903,7,2012,31,71,"Downtown Value",90015
"11657",19,64733,6119903,8,2012,31,48.3034825870647,"Downtown Value",90015
"11658",19,64733,6120489,2,2012,31,55.5,"Para Los Ninos Charter",90021
"11659",19,64733,6120489,3,2012,31,34.5,"Para Los Ninos Charter",90021
"11660",19,64733,6120489,4,2012,31,69.5,"Para Los Ninos Charter",90021
"11661",19,64733,6120489,5,2012,31,50.3333333333333,"Para Los Ninos Charter",90021
"11662",19,64733,6120679,2,2012,31,40.4652406417112,"Columbus Avenue",91405
"11663",19,64733,6120679,2,2012,111,46.5,"Columbus Avenue",91405
"11664",19,64733,6120679,3,2012,31,40,"Columbus Avenue",91405
"11665",19,64733,6120679,4,2012,31,68.5,"Columbus Avenue",91405
"11666",19,64733,6120679,5,2012,31,56.6666666666667,"Columbus Avenue",91405
"11667",19,64758,6020077,2,2012,31,48.5,"Ada S. Nelson Elementary",90606
"11668",19,64758,6020077,3,2012,31,57,"Ada S. Nelson Elementary",90606
"11669",19,64758,6020077,4,2012,31,65,"Ada S. Nelson Elementary",90606
"11670",19,64758,6020077,5,2012,31,48.3333333333333,"Ada S. Nelson Elementary",90606
"11671",19,64758,6020077,6,2012,31,41.5,"Ada S. Nelson Elementary",90606
"11672",19,64758,6020085,2,2012,31,61.5,"Aeolian Elementary",90606
"11673",19,64758,6020085,3,2012,31,68.6880733944954,"Aeolian Elementary",90606
"11674",19,64758,6020085,4,2012,31,67.5611510791367,"Aeolian Elementary",90606
"11675",19,64758,6020085,6,2012,31,63,"Aeolian Elementary",90606
"11676",19,64758,6020093,7,2012,31,59.5989974937343,"Los Nietos Middle",90606
"11677",19,64758,6020093,8,2012,31,53.859097127223,"Los Nietos Middle",90606
"11678",19,64766,6020150,2,2012,31,85.5,"Jordan Elementary",90603
"11679",19,64766,6020150,2,2012,111,89.5,"Jordan Elementary",90603
"11680",19,64766,6020150,3,2012,31,45,"Jordan Elementary",90603
"11681",19,64766,6020150,3,2012,111,74.5,"Jordan Elementary",90603
"11682",19,64766,6020150,4,2012,31,58,"Jordan Elementary",90603
"11683",19,64766,6020150,4,2012,111,82,"Jordan Elementary",90603
"11684",19,64766,6020150,5,2012,31,52,"Jordan Elementary",90603
"11685",19,64766,6020150,5,2012,111,79.9406779661017,"Jordan Elementary",90603
"11686",19,64766,6020150,6,2012,31,64,"Jordan Elementary",90603
"11687",19,64766,6020150,6,2012,111,86.5,"Jordan Elementary",90603
"11688",19,64766,6020176,2,2012,31,65,"Macy Elementary",90631
"11689",19,64766,6020176,2,2012,111,89,"Macy Elementary",90631
"11690",19,64766,6020176,3,2012,31,75,"Macy Elementary",90631
"11691",19,64766,6020176,3,2012,111,89.5,"Macy Elementary",90631
"11692",19,64766,6020176,4,2012,31,81,"Macy Elementary",90631
"11693",19,64766,6020176,4,2012,111,90.5,"Macy Elementary",90631
"11694",19,64766,6020176,5,2012,31,52.3333333333333,"Macy Elementary",90631
"11695",19,64766,6020176,5,2012,111,85.3333333333333,"Macy Elementary",90631
"11696",19,64766,6020176,6,2012,31,53,"Macy Elementary",90631
"11697",19,64766,6020176,6,2012,111,76.5,"Macy Elementary",90631
"11698",19,64766,6020200,2,2012,31,76.5,"Olita Elementary",90631
"11699",19,64766,6020200,2,2012,111,72.5,"Olita Elementary",90631
"11700",19,64766,6020200,3,2012,31,44.7021276595745,"Olita Elementary",90631
"11701",19,64766,6020200,3,2012,111,60.5,"Olita Elementary",90631
"11702",19,64766,6020200,4,2012,31,82.5,"Olita Elementary",90631
"11703",19,64766,6020200,4,2012,111,90,"Olita Elementary",90631
"11704",19,64766,6020200,5,2012,31,58,"Olita Elementary",90631
"11705",19,64766,6020200,5,2012,111,82.6666666666667,"Olita Elementary",90631
"11706",19,64766,6020200,6,2012,31,57,"Olita Elementary",90631
"11707",19,64766,6020200,6,2012,111,69.5,"Olita Elementary",90631
"11708",19,64766,6020218,7,2012,31,58.4878048780488,"Rancho-Starbuck Intermediate",90604
"11709",19,64766,6020218,7,2012,111,78.7367256637168,"Rancho-Starbuck Intermediate",90604
"11710",19,64766,6020218,8,2012,31,60.309756097561,"Rancho-Starbuck Intermediate",90604
"11711",19,64766,6020218,8,2012,111,79.5145728643216,"Rancho-Starbuck Intermediate",90604
"11712",19,64774,107912,2,2012,31,65,"Helen Keller Elementary",90262
"11713",19,64774,107912,3,2012,31,55.5,"Helen Keller Elementary",90262
"11714",19,64774,107912,4,2012,31,49.5,"Helen Keller Elementary",90262
"11715",19,64774,107912,5,2012,31,49,"Helen Keller Elementary",90262
"11716",19,64774,107912,6,2012,31,29.9640718562874,"Helen Keller Elementary",90262
"11717",19,64774,108381,2,2012,31,43.5,"Thurgood Marshall Elementary",90262
"11718",19,64774,108381,2,2012,111,47,"Thurgood Marshall Elementary",90262
"11719",19,64774,108381,3,2012,31,50,"Thurgood Marshall Elementary",90262
"11720",19,64774,108381,4,2012,31,62,"Thurgood Marshall Elementary",90262
"11721",19,64774,108381,5,2012,31,40.3333333333333,"Thurgood Marshall Elementary",90262
"11722",19,64774,108399,6,2012,31,29,"Cesar Chavez Middle",90262
"11723",19,64774,108399,6,2012,111,27,"Cesar Chavez Middle",90262
"11724",19,64774,108399,7,2012,31,34.4952380952381,"Cesar Chavez Middle",90262
"11725",19,64774,108399,7,2012,111,41,"Cesar Chavez Middle",90262
"11726",19,64774,108399,8,2012,31,27.391156462585,"Cesar Chavez Middle",90262
"11727",19,64774,108399,8,2012,111,29.2134831460674,"Cesar Chavez Middle",90262
"11728",19,64774,109538,9,2012,31,24.7820334261838,"Marco Antonio Firebaugh High",90262
"11729",19,64774,109538,9,2012,111,23.1304347826087,"Marco Antonio Firebaugh High",90262
"11730",19,64774,109538,10,2012,31,30.7096774193548,"Marco Antonio Firebaugh High",90262
"11731",19,64774,109538,10,2012,111,28.7384615384615,"Marco Antonio Firebaugh High",90262
"11732",19,64774,109538,11,2012,31,30.0286085825748,"Marco Antonio Firebaugh High",90262
"11733",19,64774,109538,11,2012,111,31.2933333333333,"Marco Antonio Firebaugh High",90262
"11734",19,64774,1935436,9,2012,31,20.7053691275168,"Lynwood High",90262
"11735",19,64774,1935436,9,2012,111,20.9147286821705,"Lynwood High",90262
"11736",19,64774,1935436,10,2012,31,18.6857363741786,"Lynwood High",90262
"11737",19,64774,1935436,10,2012,111,16.8776041666667,"Lynwood High",90262
"11738",19,64774,1935436,11,2012,31,24.6462507155123,"Lynwood High",90262
"11739",19,64774,1935436,11,2012,111,18.3163636363636,"Lynwood High",90262
"11740",19,64774,6020234,2,2012,31,66,"Janie P. Abbott Elementary",90262
"11741",19,64774,6020234,3,2012,31,73.5,"Janie P. Abbott Elementary",90262
"11742",19,64774,6020234,4,2012,31,53.5,"Janie P. Abbott Elementary",90262
"11743",19,64774,6020234,5,2012,31,43,"Janie P. Abbott Elementary",90262
"11744",19,64774,6020234,6,2012,31,41,"Janie P. Abbott Elementary",90262
"11745",19,64774,6020242,2,2012,31,43,"Lincoln Elementary",90262
"11746",19,64774,6020242,2,2012,111,40.5,"Lincoln Elementary",90262
"11747",19,64774,6020242,3,2012,31,56.5,"Lincoln Elementary",90262
"11748",19,64774,6020242,4,2012,31,53.5,"Lincoln Elementary",90262
"11749",19,64774,6020242,5,2012,31,54.3333333333333,"Lincoln Elementary",90262
"11750",19,64774,6020259,2,2012,31,33,"Lindbergh Elementary",90262
"11751",19,64774,6020259,2,2012,111,29,"Lindbergh Elementary",90262
"11752",19,64774,6020259,3,2012,31,26.5,"Lindbergh Elementary",90262
"11753",19,64774,6020259,3,2012,111,43,"Lindbergh Elementary",90262
"11754",19,64774,6020259,4,2012,31,40.975,"Lindbergh Elementary",90262
"11755",19,64774,6020259,4,2012,111,69,"Lindbergh Elementary",90262
"11756",19,64774,6020259,5,2012,31,31.3264705882353,"Lindbergh Elementary",90262
"11757",19,64774,6020259,5,2012,111,47,"Lindbergh Elementary",90262
"11758",19,64774,6020259,6,2012,31,30.974025974026,"Lindbergh Elementary",90262
"11759",19,64774,6020259,6,2012,111,36.5,"Lindbergh Elementary",90262
"11760",19,64774,6020267,2,2012,31,40.5,"Lugo Elementary",90262
"11761",19,64774,6020267,2,2012,111,52,"Lugo Elementary",90262
"11762",19,64774,6020267,3,2012,31,36,"Lugo Elementary",90262
"11763",19,64774,6020267,3,2012,111,32.5,"Lugo Elementary",90262
"11764",19,64774,6020267,4,2012,31,43,"Lugo Elementary",90262
"11765",19,64774,6020267,5,2012,31,25,"Lugo Elementary",90262
"11766",19,64774,6020267,5,2012,111,64,"Lugo Elementary",90262
"11767",19,64774,6020275,2,2012,31,50.5294117647059,"Mark Twain Elementary",90262
"11768",19,64774,6020275,2,2012,111,65,"Mark Twain Elementary",90262
"11769",19,64774,6020275,3,2012,31,42,"Mark Twain Elementary",90262
"11770",19,64774,6020275,3,2012,111,50,"Mark Twain Elementary",90262
"11771",19,64774,6020275,4,2012,31,57,"Mark Twain Elementary",90262
"11772",19,64774,6020275,4,2012,111,57,"Mark Twain Elementary",90262
"11773",19,64774,6020275,5,2012,31,41,"Mark Twain Elementary",90262
"11774",19,64774,6020275,6,2012,31,35,"Mark Twain Elementary",90262
"11775",19,64774,6020283,2,2012,31,48.5,"Roosevelt Elementary",90262
"11776",19,64774,6020283,3,2012,31,26.562962962963,"Roosevelt Elementary",90262
"11777",19,64774,6020283,4,2012,31,41.9663865546218,"Roosevelt Elementary",90262
"11778",19,64774,6020283,5,2012,31,38.6666666666667,"Roosevelt Elementary",90262
"11779",19,64774,6020283,6,2012,31,43.5646258503401,"Roosevelt Elementary",90262
"11780",19,64774,6020291,2,2012,31,51,"Washington Elementary",90262
"11781",19,64774,6020291,2,2012,111,45,"Washington Elementary",90262
"11782",19,64774,6020291,3,2012,31,57.5615763546798,"Washington Elementary",90262
"11783",19,64774,6020291,3,2012,111,57.5,"Washington Elementary",90262
"11784",19,64774,6020291,4,2012,31,66.4878048780488,"Washington Elementary",90262
"11785",19,64774,6020291,4,2012,111,81.5,"Washington Elementary",90262
"11786",19,64774,6020291,5,2012,31,48,"Washington Elementary",90262
"11787",19,64774,6020291,5,2012,111,58.3333333333333,"Washington Elementary",90262
"11788",19,64774,6020291,6,2012,31,40.5,"Washington Elementary",90262
"11789",19,64774,6020291,6,2012,111,40,"Washington Elementary",90262
"11790",19,64774,6020309,2,2012,31,68.5,"Will Rogers Elementary",90262
"11791",19,64774,6020309,2,2012,111,68,"Will Rogers Elementary",90262
"11792",19,64774,6020309,3,2012,31,46,"Will Rogers Elementary",90262
"11793",19,64774,6020309,4,2012,31,44,"Will Rogers Elementary",90262
"11794",19,64774,6020309,5,2012,31,50.6518771331058,"Will Rogers Elementary",90262
"11795",19,64774,6020309,6,2012,31,41.5,"Will Rogers Elementary",90262
"11796",19,64774,6020317,2,2012,31,53,"Wilson Elementary",90262
"11797",19,64774,6020317,3,2012,31,36.5,"Wilson Elementary",90262
"11798",19,64774,6020317,4,2012,31,53,"Wilson Elementary",90262
"11799",19,64774,6020317,5,2012,31,49.6884615384615,"Wilson Elementary",90262
"11800",19,64774,6020317,6,2012,31,43,"Wilson Elementary",90262
"11801",19,64774,6115539,7,2012,31,36.5,"Hosler Middle",90262
"11802",19,64774,6115539,7,2012,111,40.3207547169811,"Hosler Middle",90262
"11803",19,64774,6115539,8,2012,31,37.6750902527076,"Hosler Middle",90262
"11804",19,64774,6115539,8,2012,111,36.0787401574803,"Hosler Middle",90262
"11805",19,64774,6115547,7,2012,31,30.5,"Lynwood Middle",90262
"11806",19,64774,6115547,7,2012,111,36,"Lynwood Middle",90262
"11807",19,64774,6115547,8,2012,31,35.408319649699,"Lynwood Middle",90262
"11808",19,64774,6115547,8,2012,111,34.967032967033,"Lynwood Middle",90262
"11809",19,64774,6116685,2,2012,31,51.5,"Rosa Parks Elementary",90262
"11810",19,64774,6116685,2,2012,111,55,"Rosa Parks Elementary",90262
"11811",19,64774,6116685,3,2012,31,45.5,"Rosa Parks Elementary",90262
"11812",19,64774,6116685,3,2012,111,36,"Rosa Parks Elementary",90262
"11813",19,64774,6116685,4,2012,31,58,"Rosa Parks Elementary",90262
"11814",19,64774,6116685,4,2012,111,83,"Rosa Parks Elementary",90262
"11815",19,64774,6116685,5,2012,31,65.3333333333333,"Rosa Parks Elementary",90262
"11816",19,64774,6116685,5,2012,111,38,"Rosa Parks Elementary",90262
"11817",19,64774,6116685,6,2012,31,38.5,"Rosa Parks Elementary",90262
"11818",19,64774,6116685,6,2012,111,31.5,"Rosa Parks Elementary",90262
"11819",19,64790,1935899,11,2012,31,24.8387096774194,"Canyon Oaks High",91016
"11820",19,64790,1935899,11,2012,111,29,"Canyon Oaks High",91016
"11821",19,64790,1935923,9,2012,31,37.9454061251664,"Monrovia High",91016
"11822",19,64790,1935923,9,2012,111,67.2901023890785,"Monrovia High",91016
"11823",19,64790,1935923,10,2012,31,44.5710681244744,"Monrovia High",91016
"11824",19,64790,1935923,10,2012,111,56.5880398671096,"Monrovia High",91016
"11825",19,64790,1935923,11,2012,31,40.0217028380634,"Monrovia High",91016
"11826",19,64790,1935923,11,2012,111,61.8002812939522,"Monrovia High",91016
"11827",19,64790,1996404,10,2012,31,45,"Mountain Park",91016
"11828",19,64790,1996404,10,2012,111,46,"Mountain Park",91016
"11829",19,64790,1996404,11,2012,111,59.5,"Mountain Park",91016
"11830",19,64790,6020432,6,2012,31,46.4109589041096,"Clifton Middle",91016
"11831",19,64790,6020432,6,2012,111,70.5,"Clifton Middle",91016
"11832",19,64790,6020432,7,2012,31,56.47533632287,"Clifton Middle",91016
"11833",19,64790,6020432,7,2012,111,78.9794238683128,"Clifton Middle",91016
"11834",19,64790,6020432,8,2012,31,58.661800486618,"Clifton Middle",91016
"11835",19,64790,6020432,8,2012,111,80.614406779661,"Clifton Middle",91016
"11836",19,64790,6020457,2,2012,31,52.5,"Mayflower Elementary",91016
"11837",19,64790,6020457,2,2012,111,83.5,"Mayflower Elementary",91016
"11838",19,64790,6020457,3,2012,31,41.5,"Mayflower Elementary",91016
"11839",19,64790,6020457,3,2012,111,88.034188034188,"Mayflower Elementary",91016
"11840",19,64790,6020457,4,2012,31,75,"Mayflower Elementary",91016
"11841",19,64790,6020457,4,2012,111,89.9747899159664,"Mayflower Elementary",91016
"11842",19,64790,6020457,5,2012,31,52.6666666666667,"Mayflower Elementary",91016
"11843",19,64790,6020457,5,2012,111,76.3333333333333,"Mayflower Elementary",91016
"11844",19,64790,6020465,2,2012,31,39.5,"Monroe Elementary",91016
"11845",19,64790,6020465,2,2012,111,62,"Monroe Elementary",91016
"11846",19,64790,6020465,3,2012,31,44,"Monroe Elementary",91016
"11847",19,64790,6020465,3,2012,111,56.5,"Monroe Elementary",91016
"11848",19,64790,6020465,4,2012,31,56.025974025974,"Monroe Elementary",91016
"11849",19,64790,6020465,4,2012,111,76,"Monroe Elementary",91016
"11850",19,64790,6020465,5,2012,31,39.585798816568,"Monroe Elementary",91016
"11851",19,64790,6020465,5,2012,111,51.3333333333333,"Monroe Elementary",91016
"11852",19,64790,6020473,2,2012,31,42,"Plymouth Elementary",91016
"11853",19,64790,6020473,2,2012,111,65,"Plymouth Elementary",91016
"11854",19,64790,6020473,3,2012,31,49.5,"Plymouth Elementary",91016
"11855",19,64790,6020473,3,2012,111,69,"Plymouth Elementary",91016
"11856",19,64790,6020473,4,2012,31,53.9850746268657,"Plymouth Elementary",91016
"11857",19,64790,6020473,4,2012,111,74,"Plymouth Elementary",91016
"11858",19,64790,6020473,5,2012,31,50.3291925465838,"Plymouth Elementary",91016
"11859",19,64790,6020473,5,2012,111,66.6666666666667,"Plymouth Elementary",91016
"11860",19,64808,124552,9,2012,31,35.0325203252033,"Applied Technology Center",90640
"11861",19,64808,124552,9,2012,111,44.8662790697674,"Applied Technology Center",90640
"11862",19,64808,1930155,9,2012,31,34.8970120788303,"Schurr High",90640
"11863",19,64808,1930155,9,2012,111,46.2516129032258,"Schurr High",90640
"11864",19,64808,1930155,10,2012,31,34.1188182402055,"Schurr High",90640
"11865",19,64808,1930155,10,2012,111,40.9652551574376,"Schurr High",90640
"11866",19,64808,1930155,11,2012,31,33.3063023358308,"Schurr High",90640
"11867",19,64808,1930155,11,2012,111,47.8872077028886,"Schurr High",90640
"11868",19,64808,1930825,9,2012,31,25.1698113207547,"Bell Gardens High",90201
"11869",19,64808,1930825,9,2012,111,26.8741721854305,"Bell Gardens High",90201
"11870",19,64808,1930825,10,2012,31,27.3680870353581,"Bell Gardens High",90201
"11871",19,64808,1930825,10,2012,111,26.1465517241379,"Bell Gardens High",90201
"11872",19,64808,1930825,11,2012,31,29.0781925343811,"Bell Gardens High",90201
"11873",19,64808,1930825,11,2012,111,47.3700787401575,"Bell Gardens High",90201
"11874",19,64808,1935998,9,2012,31,28.5733844468784,"Montebello High",90640
"11875",19,64808,1935998,9,2012,111,35.2595155709343,"Montebello High",90640
"11876",19,64808,1935998,10,2012,31,25.5047086521483,"Montebello High",90640
"11877",19,64808,1935998,10,2012,111,32.1669658886894,"Montebello High",90640
"11878",19,64808,1935998,11,2012,31,25.3163424124514,"Montebello High",90640
"11879",19,64808,1935998,11,2012,111,24.8635170603675,"Montebello High",90640
"11880",19,64808,1996388,10,2012,31,1.60344827586207,"Montebello Community Day",90640
"11881",19,64808,1996388,11,2012,31,5.35714285714286,"Montebello Community Day",90640
"11882",19,64808,6020507,2,2012,31,46.5,"Bandini Elementary",90040
"11883",19,64808,6020507,3,2012,31,64.271186440678,"Bandini Elementary",90040
"11884",19,64808,6020507,4,2012,31,74.8645161290323,"Bandini Elementary",90040
"11885",19,64808,6020507,5,2012,31,51.7,"Bandini Elementary",90040
"11886",19,64808,6020515,2,2012,31,33,"Bell Gardens Elementary",90201
"11887",19,64808,6020515,3,2012,31,35.0511363636364,"Bell Gardens Elementary",90201
"11888",19,64808,6020515,4,2012,31,59.010781671159,"Bell Gardens Elementary",90201
"11889",19,64808,6020515,5,2012,31,38.6666666666667,"Bell Gardens Elementary",90201
"11890",19,64808,6020523,2,2012,31,31,"Bella Vista Elementary",91754
"11891",19,64808,6020523,2,2012,111,45,"Bella Vista Elementary",91754
"11892",19,64808,6020523,3,2012,31,49.5,"Bella Vista Elementary",91754
"11893",19,64808,6020523,3,2012,111,41.6981132075472,"Bella Vista Elementary",91754
"11894",19,64808,6020523,4,2012,31,52.0503597122302,"Bella Vista Elementary",91754
"11895",19,64808,6020523,4,2012,111,65.5,"Bella Vista Elementary",91754
"11896",19,64808,6020523,5,2012,31,43.8153846153846,"Bella Vista Elementary",91754
"11897",19,64808,6020523,5,2012,111,53.2111111111111,"Bella Vista Elementary",91754
"11898",19,64808,6020549,2,2012,31,33.5,"Joseph A. Gascon Elementary",90022
"11899",19,64808,6020549,3,2012,31,40.0459016393443,"Joseph A. Gascon Elementary",90022
"11900",19,64808,6020549,4,2012,31,55.5,"Joseph A. Gascon Elementary",90022
"11901",19,64808,6020549,5,2012,31,45.6783733826248,"Joseph A. Gascon Elementary",90022
"11902",19,64808,6020556,2,2012,31,40.5,"Fremont Elementary",90640
"11903",19,64808,6020556,2,2012,111,71,"Fremont Elementary",90640
"11904",19,64808,6020556,3,2012,31,32,"Fremont Elementary",90640
"11905",19,64808,6020556,4,2012,31,53.5,"Fremont Elementary",90640
"11906",19,64808,6020556,5,2012,31,35,"Fremont Elementary",90640
"11907",19,64808,6020564,2,2012,31,39,"Garfield Elementary",90201
"11908",19,64808,6020564,3,2012,31,37,"Garfield Elementary",90201
"11909",19,64808,6020564,4,2012,31,54,"Garfield Elementary",90201
"11910",19,64808,6020564,5,2012,31,52.6666666666667,"Garfield Elementary",90201
"11911",19,64808,6020572,6,2012,31,45.359756097561,"Macy Intermediate",91755
"11912",19,64808,6020572,6,2012,111,66.4365482233503,"Macy Intermediate",91755
"11913",19,64808,6020572,7,2012,31,60.1847507331378,"Macy Intermediate",91755
"11914",19,64808,6020572,7,2012,111,77.1764705882353,"Macy Intermediate",91755
"11915",19,64808,6020572,8,2012,31,48.7627695800227,"Macy Intermediate",91755
"11916",19,64808,6020572,8,2012,111,69.5608108108108,"Macy Intermediate",91755
"11917",19,64808,6020580,2,2012,31,40,"Greenwood Elementary",90640
"11918",19,64808,6020580,3,2012,31,45.5727848101266,"Greenwood Elementary",90640
"11919",19,64808,6020580,4,2012,31,51.5015197568389,"Greenwood Elementary",90640
"11920",19,64808,6020580,5,2012,31,50.019801980198,"Greenwood Elementary",90640
"11921",19,64808,6020598,2,2012,31,33.5,"La Merced Elementary",90640
"11922",19,64808,6020598,2,2012,111,39,"La Merced Elementary",90640
"11923",19,64808,6020598,3,2012,31,33.5,"La Merced Elementary",90640
"11924",19,64808,6020598,3,2012,111,52.5,"La Merced Elementary",90640
"11925",19,64808,6020598,4,2012,31,49,"La Merced Elementary",90640
"11926",19,64808,6020598,4,2012,111,67,"La Merced Elementary",90640
"11927",19,64808,6020598,5,2012,31,37.6686746987952,"La Merced Elementary",90640
"11928",19,64808,6020598,5,2012,111,56.9712230215827,"La Merced Elementary",90640
"11929",19,64808,6020614,2,2012,31,86.5,"Montebello Gardens Elementary",90660
"11930",19,64808,6020614,3,2012,31,66.5,"Montebello Gardens Elementary",90660
"11931",19,64808,6020614,4,2012,31,81.0661157024793,"Montebello Gardens Elementary",90660
"11932",19,64808,6020614,5,2012,31,74.6666666666667,"Montebello Gardens Elementary",90660
"11933",19,64808,6020622,2,2012,31,50.5,"Montebello Park Elementary",90022
"11934",19,64808,6020622,3,2012,31,27,"Montebello Park Elementary",90022
"11935",19,64808,6020622,4,2012,31,63.5311004784689,"Montebello Park Elementary",90022
"11936",19,64808,6020622,5,2012,31,42.3542435424354,"Montebello Park Elementary",90022
"11937",19,64808,6020630,2,2012,31,57.5,"Potrero Heights Elementary",91770
"11938",19,64808,6020630,2,2012,111,81.5,"Potrero Heights Elementary",91770
"11939",19,64808,6020630,3,2012,31,41.2295081967213,"Potrero Heights Elementary",91770
"11940",19,64808,6020630,3,2012,111,75,"Potrero Heights Elementary",91770
"11941",19,64808,6020630,4,2012,31,54.5,"Potrero Heights Elementary",91770
"11942",19,64808,6020630,4,2012,111,75.4588235294118,"Potrero Heights Elementary",91770
"11943",19,64808,6020630,5,2012,31,58.0540540540541,"Potrero Heights Elementary",91770
"11944",19,64808,6020630,5,2012,111,63,"Potrero Heights Elementary",91770
"11945",19,64808,6020648,2,2012,31,52,"Rosewood Park",90040
"11946",19,64808,6020648,3,2012,31,51,"Rosewood Park",90040
"11947",19,64808,6020648,4,2012,31,58.5,"Rosewood Park",90040
"11948",19,64808,6020648,5,2012,31,45.96875,"Rosewood Park",90040
"11949",19,64808,6020648,6,2012,31,39.5,"Rosewood Park",90040
"11950",19,64808,6020648,7,2012,31,36.8,"Rosewood Park",90040
"11951",19,64808,6020648,8,2012,31,43.7455968688845,"Rosewood Park",90040
"11952",19,64808,6020655,2,2012,31,50.9930795847751,"Suva Elementary",90201
"11953",19,64808,6020655,3,2012,31,37,"Suva Elementary",90201
"11954",19,64808,6020655,4,2012,31,47.9795918367347,"Suva Elementary",90201
"11955",19,64808,6020655,5,2012,31,52,"Suva Elementary",90201
"11956",19,64808,6020663,2,2012,31,54,"Washington Elementary",90640
"11957",19,64808,6020663,2,2012,111,73.5,"Washington Elementary",90640
"11958",19,64808,6020663,3,2012,31,46.1044776119403,"Washington Elementary",90640
"11959",19,64808,6020663,3,2012,111,73,"Washington Elementary",90640
"11960",19,64808,6020663,4,2012,31,65,"Washington Elementary",90640
"11961",19,64808,6020663,4,2012,111,60,"Washington Elementary",90640
"11962",19,64808,6020663,5,2012,31,54.7133757961783,"Washington Elementary",90640
"11963",19,64808,6020663,5,2012,111,84.3333333333333,"Washington Elementary",90640
"11964",19,64808,6020671,2,2012,31,40,"Wilcox Elementary",90640
"11965",19,64808,6020671,2,2012,111,65.4358974358974,"Wilcox Elementary",90640
"11966",19,64808,6020671,3,2012,31,31.5621301775148,"Wilcox Elementary",90640
"11967",19,64808,6020671,3,2012,111,34.5,"Wilcox Elementary",90640
"11968",19,64808,6020671,4,2012,31,59,"Wilcox Elementary",90640
"11969",19,64808,6020671,4,2012,111,83.5,"Wilcox Elementary",90640
"11970",19,64808,6020671,5,2012,31,47.99604743083,"Wilcox Elementary",90640
"11971",19,64808,6020671,5,2012,111,58.5344827586207,"Wilcox Elementary",90640
"11972",19,64808,6020689,2,2012,31,33.0298507462687,"Winter Gardens Elementary",90022
"11973",19,64808,6020689,3,2012,31,39.616935483871,"Winter Gardens Elementary",90022
"11974",19,64808,6020689,4,2012,31,57.4641148325359,"Winter Gardens Elementary",90022
"11975",19,64808,6020689,5,2012,31,48.0332326283988,"Winter Gardens Elementary",90022
"11976",19,64808,6058408,6,2012,31,46.5032679738562,"Bell Gardens Intermediate",90201
"11977",19,64808,6058408,7,2012,31,37.3793565683646,"Bell Gardens Intermediate",90201
"11978",19,64808,6058408,8,2012,31,35.2155612244898,"Bell Gardens Intermediate",90201
"11979",19,64808,6058416,6,2012,31,27.5,"Eastmont Intermediate",90640
"11980",19,64808,6058416,6,2012,111,40.5,"Eastmont Intermediate",90640
"11981",19,64808,6058416,7,2012,31,36.7454545454545,"Eastmont Intermediate",90640
"11982",19,64808,6058416,7,2012,111,30.4661016949153,"Eastmont Intermediate",90640
"11983",19,64808,6058416,8,2012,31,38.1313755795981,"Eastmont Intermediate",90640
"11984",19,64808,6058416,8,2012,111,45.1559139784946,"Eastmont Intermediate",90640
"11985",19,64808,6058432,6,2012,31,37.9849397590361,"Montebello Intermediate",90640
"11986",19,64808,6058432,6,2012,111,41.8461538461538,"Montebello Intermediate",90640
"11987",19,64808,6058432,7,2012,31,38.3847429519071,"Montebello Intermediate",90640
"11988",19,64808,6058432,7,2012,111,43.96875,"Montebello Intermediate",90640
"11989",19,64808,6058432,8,2012,31,40.2119606358819,"Montebello Intermediate",90640
"11990",19,64808,6058432,8,2012,111,39.1809045226131,"Montebello Intermediate",90640
"11991",19,64808,6085674,6,2012,31,48.0227642276423,"La Merced Intermediate",90640
"11992",19,64808,6085674,6,2012,111,64.5,"La Merced Intermediate",90640
"11993",19,64808,6085674,7,2012,31,54.2364457831325,"La Merced Intermediate",90640
"11994",19,64808,6085674,7,2012,111,57.3262411347518,"La Merced Intermediate",90640
"11995",19,64808,6085674,8,2012,31,48.7844827586207,"La Merced Intermediate",90640
"11996",19,64808,6085674,8,2012,111,60.1723163841808,"La Merced Intermediate",90640
"11997",19,64808,6085682,6,2012,31,32.0072202166065,"Suva Intermediate",90201
"11998",19,64808,6085682,7,2012,31,41.5517890772128,"Suva Intermediate",90201
"11999",19,64808,6085682,8,2012,31,45.4428104575163,"Suva Intermediate",90201
"12000",19,64816,6020697,2,2012,31,46.9737827715356,"Baker Elementary",91732
"12001",19,64816,6020697,3,2012,31,41,"Baker Elementary",91732
"12002",19,64816,6020697,4,2012,31,54.0142180094787,"Baker Elementary",91732
"12003",19,64816,6020697,5,2012,31,61.06875,"Baker Elementary",91732
"12004",19,64816,6020713,2,2012,31,61,"Cogswell Elementary",91733
"12005",19,64816,6020713,3,2012,31,59.2173913043478,"Cogswell Elementary",91733
"12006",19,64816,6020713,4,2012,31,51.9855072463768,"Cogswell Elementary",91733
"12007",19,64816,6020713,5,2012,31,41.9896373056995,"Cogswell Elementary",91733
"12008",19,64816,6020713,6,2012,31,28.508064516129,"Cogswell Elementary",91733
"12009",19,64816,6020721,2,2012,31,68.9417475728155,"La Primaria Elementary",91732
"12010",19,64816,6020721,3,2012,31,68.5,"La Primaria Elementary",91732
"12011",19,64816,6020721,4,2012,31,69,"La Primaria Elementary",91732
"12012",19,64816,6020721,5,2012,31,68.3333333333333,"La Primaria Elementary",91732
"12013",19,64816,6020747,2,2012,31,50.5,"Maxson Elementary",91732
"12014",19,64816,6020747,3,2012,31,54.0564971751412,"Maxson Elementary",91732
"12015",19,64816,6020747,4,2012,31,52.0459770114943,"Maxson Elementary",91732
"12016",19,64816,6020747,5,2012,31,39.6666666666667,"Maxson Elementary",91732
"12017",19,64816,6020747,6,2012,31,38.5,"Maxson Elementary",91732
"12018",19,64816,6020754,2,2012,31,45,"Miramonte Elementary",91732
"12019",19,64816,6020754,3,2012,31,31.5688622754491,"Miramonte Elementary",91732
"12020",19,64816,6020754,4,2012,31,56,"Miramonte Elementary",91732
"12021",19,64816,6020754,5,2012,31,31.6428571428571,"Miramonte Elementary",91732
"12022",19,64816,6020754,6,2012,31,48.528,"Miramonte Elementary",91732
"12023",19,64816,6020762,2,2012,31,75,"Monte Vista Elementary",91732
"12024",19,64816,6020762,3,2012,31,53.9314285714286,"Monte Vista Elementary",91732
"12025",19,64816,6020762,4,2012,31,69.5220125786164,"Monte Vista Elementary",91732
"12026",19,64816,6020762,5,2012,31,51,"Monte Vista Elementary",91732
"12027",19,64816,6020762,6,2012,31,35.5,"Monte Vista Elementary",91732
"12028",19,64816,6020762,7,2012,31,52,"Monte Vista Elementary",91732
"12029",19,64816,6020770,2,2012,31,65.5,"Parkview Elementary",91732
"12030",19,64816,6020770,3,2012,31,61.1339285714286,"Parkview Elementary",91732
"12031",19,64816,6020770,4,2012,31,55.4848484848485,"Parkview Elementary",91732
"12032",19,64816,6020770,5,2012,31,45.328530259366,"Parkview Elementary",91732
"12033",19,64816,6020770,6,2012,31,46.0152284263959,"Parkview Elementary",91732
"12034",19,64816,6105407,2,2012,31,61.5,"Twin Lakes Elementary",91732
"12035",19,64816,6105407,3,2012,31,45.0718954248366,"Twin Lakes Elementary",91732
"12036",19,64816,6105407,4,2012,31,45,"Twin Lakes Elementary",91732
"12037",19,64816,6105407,5,2012,31,41.981308411215,"Twin Lakes Elementary",91732
"12038",19,64816,6105407,6,2012,31,52.4685990338164,"Twin Lakes Elementary",91732
"12039",19,64832,100636,2,2012,31,52.5,"Pico Canyon Elementary",91381
"12040",19,64832,100636,2,2012,111,88,"Pico Canyon Elementary",91381
"12041",19,64832,100636,3,2012,31,63.5,"Pico Canyon Elementary",91381
"12042",19,64832,100636,3,2012,111,89.5062761506276,"Pico Canyon Elementary",91381
"12043",19,64832,100636,4,2012,31,86,"Pico Canyon Elementary",91381
"12044",19,64832,100636,4,2012,111,92.9800995024876,"Pico Canyon Elementary",91381
"12045",19,64832,100636,5,2012,31,62.2830188679245,"Pico Canyon Elementary",91381
"12046",19,64832,100636,5,2012,111,91.3333333333333,"Pico Canyon Elementary",91381
"12047",19,64832,100636,6,2012,31,69,"Pico Canyon Elementary",91381
"12048",19,64832,100636,6,2012,111,84.9896907216495,"Pico Canyon Elementary",91381
"12049",19,64832,108027,2,2012,111,83,"Oak Hills Elementary",91381
"12050",19,64832,108027,3,2012,111,85.5,"Oak Hills Elementary",91381
"12051",19,64832,108027,4,2012,111,91.4627659574468,"Oak Hills Elementary",91381
"12052",19,64832,108027,5,2012,111,91.3307392996109,"Oak Hills Elementary",91381
"12053",19,64832,108027,6,2012,111,89.5,"Oak Hills Elementary",91381
"12054",19,64832,6020796,2,2012,31,57.5,"Newhall Elementary",91321
"12055",19,64832,6020796,2,2012,111,93,"Newhall Elementary",91321
"12056",19,64832,6020796,3,2012,31,47.5,"Newhall Elementary",91321
"12057",19,64832,6020796,3,2012,111,69.3877551020408,"Newhall Elementary",91321
"12058",19,64832,6020796,4,2012,31,68.5095541401274,"Newhall Elementary",91321
"12059",19,64832,6020796,4,2012,111,93.5,"Newhall Elementary",91321
"12060",19,64832,6020796,5,2012,31,48.3563829787234,"Newhall Elementary",91321
"12061",19,64832,6020796,5,2012,111,75.9857142857143,"Newhall Elementary",91321
"12062",19,64832,6020796,6,2012,31,59.9259259259259,"Newhall Elementary",91321
"12063",19,64832,6020796,6,2012,111,94,"Newhall Elementary",91321
"12064",19,64832,6020804,2,2012,31,47.5,"Peachland Avenue Elementary",91321
"12065",19,64832,6020804,2,2012,111,91.5,"Peachland Avenue Elementary",91321
"12066",19,64832,6020804,3,2012,31,49.1392405063291,"Peachland Avenue Elementary",91321
"12067",19,64832,6020804,3,2012,111,76,"Peachland Avenue Elementary",91321
"12068",19,64832,6020804,4,2012,31,74.7333333333333,"Peachland Avenue Elementary",91321
"12069",19,64832,6020804,4,2012,111,90.5,"Peachland Avenue Elementary",91321
"12070",19,64832,6020804,5,2012,31,52.0769230769231,"Peachland Avenue Elementary",91321
"12071",19,64832,6020804,5,2012,111,88,"Peachland Avenue Elementary",91321
"12072",19,64832,6020804,6,2012,31,51,"Peachland Avenue Elementary",91321
"12073",19,64832,6020804,6,2012,111,87.5,"Peachland Avenue Elementary",91321
"12074",19,64832,6020812,2,2012,31,49,"Wiley Canyon Elementary",91321
"12075",19,64832,6020812,2,2012,111,81,"Wiley Canyon Elementary",91321
"12076",19,64832,6020812,3,2012,31,54,"Wiley Canyon Elementary",91321
"12077",19,64832,6020812,3,2012,111,82,"Wiley Canyon Elementary",91321
"12078",19,64832,6020812,4,2012,31,77.980198019802,"Wiley Canyon Elementary",91321
"12079",19,64832,6020812,4,2012,111,95,"Wiley Canyon Elementary",91321
"12080",19,64832,6020812,5,2012,31,75.6666666666667,"Wiley Canyon Elementary",91321
"12081",19,64832,6020812,5,2012,111,83.6666666666667,"Wiley Canyon Elementary",91321
"12082",19,64832,6020812,6,2012,31,71.9557522123894,"Wiley Canyon Elementary",91321
"12083",19,64832,6020812,6,2012,111,83.5339805825243,"Wiley Canyon Elementary",91321
"12084",19,64832,6066773,2,2012,31,66,"Old Orchard Elementary",91355
"12085",19,64832,6066773,2,2012,111,96,"Old Orchard Elementary",91355
"12086",19,64832,6066773,3,2012,31,39,"Old Orchard Elementary",91355
"12087",19,64832,6066773,3,2012,111,80.5223880597015,"Old Orchard Elementary",91355
"12088",19,64832,6066773,4,2012,31,52,"Old Orchard Elementary",91355
"12089",19,64832,6066773,4,2012,111,82,"Old Orchard Elementary",91355
"12090",19,64832,6066773,5,2012,31,57,"Old Orchard Elementary",91355
"12091",19,64832,6066773,5,2012,111,87.3216783216783,"Old Orchard Elementary",91355
"12092",19,64832,6066773,6,2012,31,34.3272727272727,"Old Orchard Elementary",91355
"12093",19,64832,6066773,6,2012,111,79.4174757281553,"Old Orchard Elementary",91355
"12094",19,64832,6095442,2,2012,31,66.5,"Meadows Elementary",91355
"12095",19,64832,6095442,2,2012,111,79,"Meadows Elementary",91355
"12096",19,64832,6095442,3,2012,31,75,"Meadows Elementary",91355
"12097",19,64832,6095442,3,2012,111,87.5,"Meadows Elementary",91355
"12098",19,64832,6095442,4,2012,31,74.8928571428571,"Meadows Elementary",91355
"12099",19,64832,6095442,4,2012,111,91.4736842105263,"Meadows Elementary",91355
"12100",19,64832,6095442,6,2012,31,37.8275862068966,"Meadows Elementary",91355
"12101",19,64832,6095442,6,2012,111,78.3565217391304,"Meadows Elementary",91355
"12102",19,64832,6107171,2,2012,31,45,"Valencia Valley Elementary",91355
"12103",19,64832,6107171,2,2012,111,90,"Valencia Valley Elementary",91355
"12104",19,64832,6107171,3,2012,31,65.5,"Valencia Valley Elementary",91355
"12105",19,64832,6107171,3,2012,111,81,"Valencia Valley Elementary",91355
"12106",19,64832,6107171,4,2012,31,81.6666666666667,"Valencia Valley Elementary",91355
"12107",19,64832,6107171,4,2012,111,77.9205298013245,"Valencia Valley Elementary",91355
"12108",19,64832,6107171,5,2012,111,92,"Valencia Valley Elementary",91355
"12109",19,64832,6107171,6,2012,31,61.3055555555556,"Valencia Valley Elementary",91355
"12110",19,64832,6107171,6,2012,111,78.5276073619632,"Valencia Valley Elementary",91355
"12111",19,64840,1934728,9,2012,31,49.3985815602837,"La Mirada High",90638
"12112",19,64840,1934728,9,2012,111,54.589013224822,"La Mirada High",90638
"12113",19,64840,1934728,10,2012,31,40.3811700182815,"La Mirada High",90638
"12114",19,64840,1934728,10,2012,111,46.9398395721925,"La Mirada High",90638
"12115",19,64840,1934728,11,2012,31,40.2281303602058,"La Mirada High",90638
"12116",19,64840,1934728,11,2012,111,53.1676528599606,"La Mirada High",90638
"12117",19,64840,1936467,9,2012,31,28.2964492155244,"Norwalk High",90650
"12118",19,64840,1936467,9,2012,111,37.9246376811594,"Norwalk High",90650
"12119",19,64840,1936467,10,2012,31,25.740978744439,"Norwalk High",90650
"12120",19,64840,1936467,10,2012,111,30.8325859491779,"Norwalk High",90650
"12121",19,64840,1936467,11,2012,31,25.7660857908847,"Norwalk High",90650
"12122",19,64840,1936467,11,2012,111,42,"Norwalk High",90650
"12123",19,64840,6020887,6,2012,31,40.9779249448124,"Corvallis Middle",90650
"12124",19,64840,6020887,6,2012,111,44,"Corvallis Middle",90650
"12125",19,64840,6020887,7,2012,31,54.5,"Corvallis Middle",90650
"12126",19,64840,6020887,7,2012,111,52.5,"Corvallis Middle",90650
"12127",19,64840,6020887,8,2012,31,45.2810650887574,"Corvallis Middle",90650
"12128",19,64840,6020887,8,2012,111,54.5598086124402,"Corvallis Middle",90650
"12129",19,64840,6020903,2,2012,31,71,"Eastwood Elementary",90638
"12130",19,64840,6020903,2,2012,111,83.0183486238532,"Eastwood Elementary",90638
"12131",19,64840,6020903,3,2012,31,58,"Eastwood Elementary",90638
"12132",19,64840,6020903,3,2012,111,75.5736434108527,"Eastwood Elementary",90638
"12133",19,64840,6020903,4,2012,31,80.5,"Eastwood Elementary",90638
"12134",19,64840,6020903,4,2012,111,86.479674796748,"Eastwood Elementary",90638
"12135",19,64840,6020903,5,2012,31,62.2702702702703,"Eastwood Elementary",90638
"12136",19,64840,6020903,5,2012,111,76,"Eastwood Elementary",90638
"12137",19,64840,6020929,2,2012,31,74.5,"Escalona Elementary",90638
"12138",19,64840,6020929,2,2012,111,89,"Escalona Elementary",90638
"12139",19,64840,6020929,3,2012,31,73.5,"Escalona Elementary",90638
"12140",19,64840,6020929,3,2012,111,77.593220338983,"Escalona Elementary",90638
"12141",19,64840,6020929,4,2012,31,93,"Escalona Elementary",90638
"12142",19,64840,6020929,4,2012,111,92.4957983193277,"Escalona Elementary",90638
"12143",19,64840,6020929,5,2012,31,60,"Escalona Elementary",90638
"12144",19,64840,6020929,5,2012,111,79.6478873239437,"Escalona Elementary",90638
"12145",19,64840,6020937,2,2012,31,73.5,"Foster Road Elementary",90638
"12146",19,64840,6020937,3,2012,31,69.5,"Foster Road Elementary",90638
"12147",19,64840,6020937,4,2012,31,70.5,"Foster Road Elementary",90638
"12148",19,64840,6020937,5,2012,31,41.3333333333333,"Foster Road Elementary",90638
"12149",19,64840,6020945,2,2012,31,78,"Gardenhill Elementary",90638
"12150",19,64840,6020945,2,2012,111,81.5,"Gardenhill Elementary",90638
"12151",19,64840,6020945,3,2012,31,76.5714285714286,"Gardenhill Elementary",90638
"12152",19,64840,6020945,3,2012,111,74.5,"Gardenhill Elementary",90638
"12153",19,64840,6020945,4,2012,31,76.9166666666667,"Gardenhill Elementary",90638
"12154",19,64840,6020945,4,2012,111,91.5373134328358,"Gardenhill Elementary",90638
"12155",19,64840,6020945,5,2012,31,73.9741935483871,"Gardenhill Elementary",90638
"12156",19,64840,6020945,5,2012,111,86.6626506024096,"Gardenhill Elementary",90638
"12157",19,64840,6021034,2,2012,31,59.5,"La Pluma Elementary",90638
"12158",19,64840,6021034,2,2012,111,72,"La Pluma Elementary",90638
"12159",19,64840,6021034,3,2012,31,63.7391304347826,"La Pluma Elementary",90638
"12160",19,64840,6021034,3,2012,111,88.5844155844156,"La Pluma Elementary",90638
"12161",19,64840,6021034,4,2012,31,70.4861111111111,"La Pluma Elementary",90638
"12162",19,64840,6021034,4,2012,111,75.9885057471264,"La Pluma Elementary",90638
"12163",19,64840,6021034,5,2012,31,62.7264150943396,"La Pluma Elementary",90638
"12164",19,64840,6021034,5,2012,111,77.2911392405063,"La Pluma Elementary",90638
"12165",19,64840,6021042,6,2012,31,51,"Los Alisos Middle",90650
"12166",19,64840,6021042,6,2012,111,59.4646464646465,"Los Alisos Middle",90650
"12167",19,64840,6021042,7,2012,31,70.7771739130435,"Los Alisos Middle",90650
"12168",19,64840,6021042,7,2012,111,77.7931034482759,"Los Alisos Middle",90650
"12169",19,64840,6021042,8,2012,31,48.0257048092869,"Los Alisos Middle",90650
"12170",19,64840,6021042,8,2012,111,62.8882681564246,"Los Alisos Middle",90650
"12171",19,64840,6021083,2,2012,31,53,"New River Elementary",90650
"12172",19,64840,6021083,2,2012,111,64,"New River Elementary",90650
"12173",19,64840,6021083,3,2012,31,50,"New River Elementary",90650
"12174",19,64840,6021083,3,2012,111,64,"New River Elementary",90650
"12175",19,64840,6021083,4,2012,31,63.5109489051095,"New River Elementary",90650
"12176",19,64840,6021083,4,2012,111,72,"New River Elementary",90650
"12177",19,64840,6021083,5,2012,31,51.3333333333333,"New River Elementary",90650
"12178",19,64840,6021083,5,2012,111,70,"New River Elementary",90650
"12179",19,64840,6116347,6,2012,31,36.9579831932773,"Los Coyotes Middle",90638
"12180",19,64840,6116347,6,2012,111,67,"Los Coyotes Middle",90638
"12181",19,64840,6116347,7,2012,31,49.03125,"Los Coyotes Middle",90638
"12182",19,64840,6116347,7,2012,111,74.6666666666667,"Los Coyotes Middle",90638
"12183",19,64840,6116347,8,2012,31,54.6440677966102,"Los Coyotes Middle",90638
"12184",19,64840,6116347,8,2012,111,70.6535836177474,"Los Coyotes Middle",90638
"12185",19,64857,102269,8,2012,31,0,"Yellen Learning Center",93552
"12186",19,64857,116558,7,2012,31,7.5,"Oak Tree Community Day",93550
"12187",19,64857,6021141,2,2012,31,64,"Ocotillo Elementary",93551
"12188",19,64857,6021141,2,2012,111,80.5,"Ocotillo Elementary",93551
"12189",19,64857,6021141,3,2012,31,55.1237113402062,"Ocotillo Elementary",93551
"12190",19,64857,6021141,3,2012,111,77,"Ocotillo Elementary",93551
"12191",19,64857,6021141,4,2012,31,57.5657894736842,"Ocotillo Elementary",93551
"12192",19,64857,6021141,4,2012,111,75.5,"Ocotillo Elementary",93551
"12193",19,64857,6021141,5,2012,31,61.6666666666667,"Ocotillo Elementary",93551
"12194",19,64857,6021141,5,2012,111,78,"Ocotillo Elementary",93551
"12195",19,64857,6021141,6,2012,31,63.5,"Ocotillo Elementary",93551
"12196",19,64857,6021141,6,2012,111,71,"Ocotillo Elementary",93551
"12197",19,64857,6021158,3,2012,31,41.5,"Manzanita Elementary",93550
"12198",19,64857,6021158,4,2012,31,44.9771428571429,"Manzanita Elementary",93550
"12199",19,64857,6021158,5,2012,31,38.6470588235294,"Manzanita Elementary",93550
"12200",19,64857,6021158,6,2012,31,36.497461928934,"Manzanita Elementary",93550
"12201",19,64857,6021190,2,2012,31,44,"Tumbleweed Elementary",93550
"12202",19,64857,6021190,3,2012,31,39.9534050179211,"Tumbleweed Elementary",93550
"12203",19,64857,6021190,4,2012,31,46.5471698113208,"Tumbleweed Elementary",93550
"12204",19,64857,6021190,5,2012,31,62,"Tumbleweed Elementary",93550
"12205",19,64857,6021190,5,2012,111,47.3333333333333,"Tumbleweed Elementary",93550
"12206",19,64857,6021190,6,2012,31,44.4955489614243,"Tumbleweed Elementary",93550
"12207",19,64857,6021208,2,2012,31,47.5,"Yucca Elementary",93550
"12208",19,64857,6021208,3,2012,31,20.5,"Yucca Elementary",93550
"12209",19,64857,6021208,4,2012,31,31,"Yucca Elementary",93550
"12210",19,64857,6021208,6,2012,31,25,"Yucca Elementary",93550
"12211",19,64857,6105621,2,2012,31,63.9850187265918,"Desert Rose Elementary",93550
"12212",19,64857,6105621,2,2012,111,60.5,"Desert Rose Elementary",93550
"12213",19,64857,6105621,3,2012,31,41.5,"Desert Rose Elementary",93550
"12214",19,64857,6105621,3,2012,111,54.5,"Desert Rose Elementary",93550
"12215",19,64857,6105621,4,2012,31,40.5376344086022,"Desert Rose Elementary",93550
"12216",19,64857,6105621,4,2012,111,53.5,"Desert Rose Elementary",93550
"12217",19,64857,6105621,5,2012,31,35.9809976247031,"Desert Rose Elementary",93550
"12218",19,64857,6105621,6,2012,31,38.5,"Desert Rose Elementary",93550
"12219",19,64857,6105621,6,2012,111,54.5,"Desert Rose Elementary",93550
"12220",19,64857,6106793,2,2012,31,56.5,"Joshua Hills Elementary",93550
"12221",19,64857,6106793,3,2012,31,53.0901639344262,"Joshua Hills Elementary",93550
"12222",19,64857,6106793,3,2012,111,75,"Joshua Hills Elementary",93550
"12223",19,64857,6106793,4,2012,31,52.4644351464435,"Joshua Hills Elementary",93550
"12224",19,64857,6106793,5,2012,31,40.6722222222222,"Joshua Hills Elementary",93550
"12225",19,64857,6106793,5,2012,111,46,"Joshua Hills Elementary",93550
"12226",19,64857,6106793,6,2012,31,45.5122807017544,"Joshua Hills Elementary",93550
"12227",19,64857,6106793,6,2012,111,78.5,"Joshua Hills Elementary",93550
"12228",19,64857,6107635,2,2012,31,50.4624505928854,"Palm Tree Elementary",93550
"12229",19,64857,6107635,3,2012,31,35.0990099009901,"Palm Tree Elementary",93550
"12230",19,64857,6107635,4,2012,31,53.5641025641026,"Palm Tree Elementary",93550
"12231",19,64857,6107635,5,2012,31,59.3609022556391,"Palm Tree Elementary",93550
"12232",19,64857,6107635,6,2012,31,54.5,"Palm Tree Elementary",93550
"12233",19,64857,6108609,2,2012,31,56.5,"Buena Vista Elementary",93552
"12234",19,64857,6108609,2,2012,111,59,"Buena Vista Elementary",93552
"12235",19,64857,6108609,3,2012,31,46.5,"Buena Vista Elementary",93552
"12236",19,64857,6108609,3,2012,111,63.5,"Buena Vista Elementary",93552
"12237",19,64857,6108609,4,2012,31,43,"Buena Vista Elementary",93552
"12238",19,64857,6108609,4,2012,111,64,"Buena Vista Elementary",93552
"12239",19,64857,6108609,5,2012,31,51,"Buena Vista Elementary",93552
"12240",19,64857,6108609,6,2012,31,36.5,"Buena Vista Elementary",93552
"12241",19,64857,6108609,6,2012,111,46.5,"Buena Vista Elementary",93552
"12242",19,64857,6108625,2,2012,31,44,"Mesquite Elementary",93552
"12243",19,64857,6108625,3,2012,31,53.0588235294118,"Mesquite Elementary",93552
"12244",19,64857,6108625,3,2012,111,65.5,"Mesquite Elementary",93552
"12245",19,64857,6108625,4,2012,31,49.5254901960784,"Mesquite Elementary",93552
"12246",19,64857,6108625,4,2012,111,82,"Mesquite Elementary",93552
"12247",19,64857,6108625,5,2012,31,35.7117346938776,"Mesquite Elementary",93552
"12248",19,64857,6108625,5,2012,111,37.6666666666667,"Mesquite Elementary",93552
"12249",19,64857,6108625,6,2012,31,38.4746376811594,"Mesquite Elementary",93552
"12250",19,64857,6108633,2,2012,31,47.5,"Summerwind Elementary",93551
"12251",19,64857,6108633,2,2012,111,87.5,"Summerwind Elementary",93551
"12252",19,64857,6108633,3,2012,31,44.1304347826087,"Summerwind Elementary",93551
"12253",19,64857,6108633,3,2012,111,69,"Summerwind Elementary",93551
"12254",19,64857,6108633,4,2012,31,62.5,"Summerwind Elementary",93551
"12255",19,64857,6108633,4,2012,111,87,"Summerwind Elementary",93551
"12256",19,64857,6108633,5,2012,31,44.3051470588235,"Summerwind Elementary",93551
"12257",19,64857,6108633,5,2012,111,58.659793814433,"Summerwind Elementary",93551
"12258",19,64857,6108633,6,2012,31,50.9904761904762,"Summerwind Elementary",93551
"12259",19,64857,6108633,6,2012,111,60,"Summerwind Elementary",93551
"12260",19,64857,6108633,7,2012,31,47.5329949238579,"Summerwind Elementary",93551
"12261",19,64857,6108633,7,2012,111,68.625,"Summerwind Elementary",93551
"12262",19,64857,6108633,8,2012,31,64.3362068965517,"Summerwind Elementary",93551
"12263",19,64857,6108633,8,2012,111,78.5,"Summerwind Elementary",93551
"12264",19,64857,6113906,2,2012,31,48,"Cimarron Elementary",93552
"12265",19,64857,6113906,2,2012,111,77,"Cimarron Elementary",93552
"12266",19,64857,6113906,3,2012,31,52.5,"Cimarron Elementary",93552
"12267",19,64857,6113906,3,2012,111,81,"Cimarron Elementary",93552
"12268",19,64857,6113906,4,2012,31,71.0301507537689,"Cimarron Elementary",93552
"12269",19,64857,6113906,4,2012,111,86.304347826087,"Cimarron Elementary",93552
"12270",19,64857,6113906,5,2012,31,65.7474402730375,"Cimarron Elementary",93552
"12271",19,64857,6113906,5,2012,111,89,"Cimarron Elementary",93552
"12272",19,64857,6113906,6,2012,31,68.0208333333333,"Cimarron Elementary",93552
"12273",19,64857,6113906,6,2012,111,79,"Cimarron Elementary",93552
"12274",19,64857,6115273,2,2012,31,46.5,"Quail Valley Elementary",93552
"12275",19,64857,6115273,3,2012,31,44.0945273631841,"Quail Valley Elementary",93552
"12276",19,64857,6115273,5,2012,31,53.2977941176471,"Quail Valley Elementary",93552
"12277",19,64857,6115273,6,2012,31,49.5,"Quail Valley Elementary",93552
"12278",19,64857,6115273,6,2012,111,47,"Quail Valley Elementary",93552
"12279",19,64865,1996552,9,2012,111,79.89358245329,"Palos Verdes High",90274
"12280",19,64865,1996552,10,2012,111,80.1621112158341,"Palos Verdes High",90274
"12281",19,64865,1996552,11,2012,111,69.5404589371981,"Palos Verdes High",90274
"12282",19,64865,6021240,2,2012,111,88.5,"Lunada Bay Elementary",90274
"12283",19,64865,6021240,3,2012,111,81,"Lunada Bay Elementary",90274
"12284",19,64865,6021240,4,2012,111,89.5,"Lunada Bay Elementary",90274
"12285",19,64865,6021240,5,2012,111,96.6666666666667,"Lunada Bay Elementary",90274
"12286",19,64865,6021257,6,2012,111,91.5008319467554,"Palos Verdes Intermediate",90274
"12287",19,64865,6021257,7,2012,111,87.8183306055647,"Palos Verdes Intermediate",90274
"12288",19,64865,6021257,8,2012,111,91.6215805471125,"Palos Verdes Intermediate",90274
"12289",19,64865,6021273,2,2012,111,89,"Mira Catalina Elementary",90275
"12290",19,64865,6021273,3,2012,111,76.5,"Mira Catalina Elementary",90275
"12291",19,64865,6021273,4,2012,111,84,"Mira Catalina Elementary",90275
"12292",19,64865,6021273,5,2012,111,87.3333333333333,"Mira Catalina Elementary",90275
"12293",19,64865,6021299,2,2012,111,93,"Montemalaga Elementary",90274
"12294",19,64865,6021299,3,2012,111,85.5,"Montemalaga Elementary",90274
"12295",19,64865,6021299,4,2012,111,95.013986013986,"Montemalaga Elementary",90274
"12296",19,64865,6021299,5,2012,111,91.3333333333333,"Montemalaga Elementary",90274
"12297",19,64865,6021315,2,2012,111,84,"Point Vicente Elementary",90275
"12298",19,64865,6021315,3,2012,111,90.5,"Point Vicente Elementary",90275
"12299",19,64865,6021315,4,2012,111,93.4307692307692,"Point Vicente Elementary",90275
"12300",19,64865,6021315,5,2012,111,90.3333333333333,"Point Vicente Elementary",90275
"12301",19,64865,6021323,2,2012,111,94,"Rancho Vista Elementary",90274
"12302",19,64865,6021323,3,2012,111,89.0191082802548,"Rancho Vista Elementary",90274
"12303",19,64865,6021323,4,2012,111,94,"Rancho Vista Elementary",90274
"12304",19,64865,6021323,5,2012,111,83.3333333333333,"Rancho Vista Elementary",90274
"12305",19,64865,6021331,6,2012,111,77,"Miraleste Intermediate",90275
"12306",19,64865,6021331,7,2012,31,73.5,"Miraleste Intermediate",90275
"12307",19,64865,6021331,7,2012,111,83.5327272727273,"Miraleste Intermediate",90275
"12308",19,64865,6021331,8,2012,31,83.2641509433962,"Miraleste Intermediate",90275
"12309",19,64865,6021331,8,2012,111,80.883149872989,"Miraleste Intermediate",90275
"12310",19,64865,6021349,2,2012,111,95.5,"Silver Spur Elementary",90275
"12311",19,64865,6021349,3,2012,111,90,"Silver Spur Elementary",90275
"12312",19,64865,6021349,4,2012,111,93,"Silver Spur Elementary",90275
"12313",19,64865,6021349,5,2012,111,93.6666666666667,"Silver Spur Elementary",90275
"12314",19,64865,6021356,2,2012,111,93,"Soleado Elementary",90275
"12315",19,64865,6021356,3,2012,111,74.9403973509934,"Soleado Elementary",90275
"12316",19,64865,6021356,4,2012,111,96.5,"Soleado Elementary",90275
"12317",19,64865,6021356,5,2012,111,92.992277992278,"Soleado Elementary",90275
"12318",19,64865,6021372,2,2012,111,85,"Vista Grande Elementary",90275
"12319",19,64865,6021372,3,2012,111,79,"Vista Grande Elementary",90275
"12320",19,64865,6021372,4,2012,111,94.5,"Vista Grande Elementary",90275
"12321",19,64865,6021372,5,2012,111,90.6666666666667,"Vista Grande Elementary",90275
"12322",19,64865,6116172,2,2012,111,94.5,"Dapplegray Elementary",90274
"12323",19,64865,6116172,3,2012,111,87,"Dapplegray Elementary",90274
"12324",19,64865,6116172,4,2012,111,91.5,"Dapplegray Elementary",90274
"12325",19,64865,6116172,5,2012,111,84.6666666666667,"Dapplegray Elementary",90274
"12326",19,64865,6117584,6,2012,111,92,"Ridgecrest Intermediate",90275
"12327",19,64865,6117584,7,2012,111,91.6218181818182,"Ridgecrest Intermediate",90275
"12328",19,64865,6117584,8,2012,111,88.6252006420546,"Ridgecrest Intermediate",90275
"12329",19,64873,119438,6,2012,31,41.503984063745,"Paramount Park Middle",90723
"12330",19,64873,119438,6,2012,111,55,"Paramount Park Middle",90723
"12331",19,64873,119438,7,2012,31,52.5,"Paramount Park Middle",90723
"12332",19,64873,119438,7,2012,111,63.5,"Paramount Park Middle",90723
"12333",19,64873,119438,8,2012,31,46.0205882352941,"Paramount Park Middle",90723
"12334",19,64873,119438,8,2012,111,51.8064516129032,"Paramount Park Middle",90723
"12335",19,64873,119446,6,2012,31,51,"Alondra Middle",90723
"12336",19,64873,119446,6,2012,111,39.9714285714286,"Alondra Middle",90723
"12337",19,64873,119446,7,2012,31,57.5373134328358,"Alondra Middle",90723
"12338",19,64873,119446,7,2012,111,73,"Alondra Middle",90723
"12339",19,64873,119446,8,2012,31,63.2027272727273,"Alondra Middle",90723
"12340",19,64873,119446,8,2012,111,60,"Alondra Middle",90723
"12341",19,64873,1936749,9,2012,31,53.4589138470287,"Paramount High",90723
"12342",19,64873,1936749,9,2012,111,58.3184713375796,"Paramount High",90723
"12343",19,64873,1936749,10,2012,31,36.1095294582839,"Paramount High",90723
"12344",19,64873,1936749,10,2012,111,40.5561097256858,"Paramount High",90723
"12345",19,64873,1936749,11,2012,31,29.18775,"Paramount High",90723
"12346",19,64873,1936749,11,2012,111,32.2,"Paramount High",90723
"12347",19,64873,1936756,11,2012,31,7.77906976744186,"Buena Vista High",90712
"12348",19,64873,6021414,2,2012,31,50.9563318777293,"Hollydale",90280
"12349",19,64873,6021414,2,2012,111,57,"Hollydale",90280
"12350",19,64873,6021414,3,2012,31,52.7157894736842,"Hollydale",90280
"12351",19,64873,6021414,4,2012,31,57.5355450236967,"Hollydale",90280
"12352",19,64873,6021414,4,2012,111,85.5185185185185,"Hollydale",90280
"12353",19,64873,6021414,5,2012,31,53.9161290322581,"Hollydale",90280
"12354",19,64873,6021414,5,2012,111,76.3333333333333,"Hollydale",90280
"12355",19,64873,6021414,6,2012,31,47.9864253393665,"Hollydale",90280
"12356",19,64873,6021414,6,2012,111,54.5,"Hollydale",90280
"12357",19,64873,6021414,7,2012,31,60.4660194174757,"Hollydale",90280
"12358",19,64873,6021414,8,2012,31,61.1404255319149,"Hollydale",90280
"12359",19,64873,6021414,8,2012,111,73.7941176470588,"Hollydale",90280
"12360",19,64873,6117444,2,2012,31,51.5,"Jefferson Elementary",90723
"12361",19,64873,6117444,3,2012,31,44.1176470588235,"Jefferson Elementary",90723
"12362",19,64873,6117444,4,2012,31,71.0495867768595,"Jefferson Elementary",90723
"12363",19,64873,6117444,5,2012,31,55.4510869565217,"Jefferson Elementary",90723
"12364",19,64881,113472,2,2012,111,68.5378151260504,"Aveson School of Leaders",91001
"12365",19,64881,113472,3,2012,111,68.0162601626016,"Aveson School of Leaders",91001
"12366",19,64881,113472,4,2012,111,62.9428571428571,"Aveson School of Leaders",91001
"12367",19,64881,113472,5,2012,111,58.6666666666667,"Aveson School of Leaders",91001
"12368",19,64881,113894,2,2012,111,95,"Pasadena Rosebud Academy",91001
"12369",19,64881,113894,3,2012,111,86.5,"Pasadena Rosebud Academy",91001
"12370",19,64881,113894,4,2012,111,75,"Pasadena Rosebud Academy",91001
"12371",19,64881,113894,5,2012,111,66.6666666666667,"Pasadena Rosebud Academy",91001
"12372",19,64881,117440,10,2012,31,17.6666666666667,"CIS Academy",91107
"12373",19,64881,117440,11,2012,31,8.72093023255814,"CIS Academy",91107
"12374",19,64881,117440,11,2012,111,25,"CIS Academy",91107
"12375",19,64881,1931062,6,2012,31,40.4485981308411,"Blair High",91106
"12376",19,64881,1931062,6,2012,111,54.5,"Blair High",91106
"12377",19,64881,1931062,7,2012,31,23.6519337016575,"Blair High",91106
"12378",19,64881,1931062,7,2012,111,38.5125,"Blair High",91106
"12379",19,64881,1931062,8,2012,31,38.5805626598465,"Blair High",91106
"12380",19,64881,1931062,8,2012,111,62.4746835443038,"Blair High",91106
"12381",19,64881,1931062,9,2012,31,27.6493212669683,"Blair High",91106
"12382",19,64881,1931062,9,2012,111,45.2614379084967,"Blair High",91106
"12383",19,64881,1931062,10,2012,31,21.0397923875433,"Blair High",91106
"12384",19,64881,1931062,10,2012,111,45.0888888888889,"Blair High",91106
"12385",19,64881,1931062,11,2012,31,34.1860465116279,"Blair High",91106
"12386",19,64881,1931062,11,2012,111,50.4621848739496,"Blair High",91106
"12387",19,64881,1931674,6,2012,31,40.4945054945055,"Marshall Fundamental",91104
"12388",19,64881,1931674,6,2012,111,81.5,"Marshall Fundamental",91104
"12389",19,64881,1931674,7,2012,31,46.8615384615385,"Marshall Fundamental",91104
"12390",19,64881,1931674,7,2012,111,83.3205128205128,"Marshall Fundamental",91104
"12391",19,64881,1931674,8,2012,31,39.3942786069652,"Marshall Fundamental",91104
"12392",19,64881,1931674,8,2012,111,71.1633663366337,"Marshall Fundamental",91104
"12393",19,64881,1931674,9,2012,31,35.1386481802426,"Marshall Fundamental",91104
"12394",19,64881,1931674,9,2012,111,62.734126984127,"Marshall Fundamental",91104
"12395",19,64881,1931674,10,2012,31,31.4230377166157,"Marshall Fundamental",91104
"12396",19,64881,1931674,10,2012,111,61.6257668711656,"Marshall Fundamental",91104
"12397",19,64881,1931674,11,2012,31,43.2983050847458,"Marshall Fundamental",91104
"12398",19,64881,1931674,11,2012,111,62.0695652173913,"Marshall Fundamental",91104
"12399",19,64881,1936103,9,2012,31,21.7986906710311,"John Muir High",91103
"12400",19,64881,1936103,9,2012,111,29.196261682243,"John Muir High",91103
"12401",19,64881,1936103,10,2012,31,17.5097872340426,"John Muir High",91103
"12402",19,64881,1936103,10,2012,111,22.6666666666667,"John Muir High",91103
"12403",19,64881,1936103,11,2012,31,17.3622994652406,"John Muir High",91103
"12404",19,64881,1936103,11,2012,111,21.046875,"John Muir High",91103
"12405",19,64881,1936822,9,2012,31,31.9283351708931,"Pasadena High",91107
"12406",19,64881,1936822,9,2012,111,59.2965779467681,"Pasadena High",91107
"12407",19,64881,1936822,10,2012,31,32.4855676715843,"Pasadena High",91107
"12408",19,64881,1936822,10,2012,111,45.001226993865,"Pasadena High",91107
"12409",19,64881,1936822,11,2012,31,34.7778716216216,"Pasadena High",91107
"12410",19,64881,1936822,11,2012,111,45.6914728682171,"Pasadena High",91107
"12411",19,64881,6021505,2,2012,31,42,"Altadena Elementary",91001
"12412",19,64881,6021505,3,2012,31,60,"Altadena Elementary",91001
"12413",19,64881,6021505,4,2012,31,59.5405405405405,"Altadena Elementary",91001
"12414",19,64881,6021554,2,2012,31,63,"Don Benito Fundamental",91107
"12415",19,64881,6021554,2,2012,111,91.5,"Don Benito Fundamental",91107
"12416",19,64881,6021554,3,2012,31,63.5,"Don Benito Fundamental",91107
"12417",19,64881,6021554,3,2012,111,82.5,"Don Benito Fundamental",91107
"12418",19,64881,6021554,4,2012,31,61.9523809523809,"Don Benito Fundamental",91107
"12419",19,64881,6021554,4,2012,111,87.5,"Don Benito Fundamental",91107
"12420",19,64881,6021554,5,2012,31,74.9344262295082,"Don Benito Fundamental",91107
"12421",19,64881,6021554,5,2012,111,86.6666666666667,"Don Benito Fundamental",91107
"12422",19,64881,6021570,2,2012,31,40,"Field (Eugene) Elementary",91107
"12423",19,64881,6021570,2,2012,111,73.5,"Field (Eugene) Elementary",91107
"12424",19,64881,6021570,3,2012,31,50.3157894736842,"Field (Eugene) Elementary",91107
"12425",19,64881,6021570,3,2012,111,75,"Field (Eugene) Elementary",91107
"12426",19,64881,6021570,4,2012,31,53.5,"Field (Eugene) Elementary",91107
"12427",19,64881,6021570,4,2012,111,63,"Field (Eugene) Elementary",91107
"12428",19,64881,6021570,5,2012,31,51.7741935483871,"Field (Eugene) Elementary",91107
"12429",19,64881,6021570,5,2012,111,69,"Field (Eugene) Elementary",91107
"12430",19,64881,6021612,2,2012,31,85,"Hamilton Elementary",91107
"12431",19,64881,6021612,2,2012,111,89,"Hamilton Elementary",91107
"12432",19,64881,6021612,3,2012,31,72,"Hamilton Elementary",91107
"12433",19,64881,6021612,3,2012,111,85,"Hamilton Elementary",91107
"12434",19,64881,6021612,4,2012,31,75.5,"Hamilton Elementary",91107
"12435",19,64881,6021612,4,2012,111,70.8727272727273,"Hamilton Elementary",91107
"12436",19,64881,6021612,5,2012,31,76.6666666666667,"Hamilton Elementary",91107
"12437",19,64881,6021612,5,2012,111,86.02,"Hamilton Elementary",91107
"12438",19,64881,6021620,2,2012,31,54.5,"Jackson Elementary",91001
"12439",19,64881,6021620,3,2012,31,44.1348314606742,"Jackson Elementary",91001
"12440",19,64881,6021620,4,2012,31,54.0153846153846,"Jackson Elementary",91001
"12441",19,64881,6021620,5,2012,31,50.4579439252336,"Jackson Elementary",91001
"12442",19,64881,6021687,2,2012,31,47,"Madison Elementary",91104
"12443",19,64881,6021687,3,2012,31,41.5771428571429,"Madison Elementary",91104
"12444",19,64881,6021687,4,2012,31,32.5286624203822,"Madison Elementary",91104
"12445",19,64881,6021687,5,2012,31,29.6303501945525,"Madison Elementary",91104
"12446",19,64881,6021729,2,2012,31,44,"San Rafael Elementary",91105
"12447",19,64881,6021729,2,2012,111,83,"San Rafael Elementary",91105
"12448",19,64881,6021729,3,2012,31,53.8412698412698,"San Rafael Elementary",91105
"12449",19,64881,6021729,3,2012,111,72.2,"San Rafael Elementary",91105
"12450",19,64881,6021729,4,2012,31,56.1666666666667,"San Rafael Elementary",91105
"12451",19,64881,6021729,5,2012,31,31.3211009174312,"San Rafael Elementary",91105
"12452",19,64881,6021729,5,2012,111,51.6666666666667,"San Rafael Elementary",91105
"12453",19,64881,6021737,2,2012,31,75,"Sierra Madre Elementary",91024
"12454",19,64881,6021737,2,2012,111,89,"Sierra Madre Elementary",91024
"12455",19,64881,6021737,3,2012,31,55,"Sierra Madre Elementary",91024
"12456",19,64881,6021737,3,2012,111,79.0267379679144,"Sierra Madre Elementary",91024
"12457",19,64881,6021737,4,2012,31,90.1219512195122,"Sierra Madre Elementary",91024
"12458",19,64881,6021737,4,2012,111,92.0103092783505,"Sierra Madre Elementary",91024
"12459",19,64881,6021737,5,2012,31,75,"Sierra Madre Elementary",91024
"12460",19,64881,6021737,5,2012,111,96.007299270073,"Sierra Madre Elementary",91024
"12461",19,64881,6021737,6,2012,31,56,"Sierra Madre Elementary",91024
"12462",19,64881,6021737,6,2012,111,83,"Sierra Madre Elementary",91024
"12463",19,64881,6021737,7,2012,31,66.6851851851852,"Sierra Madre Elementary",91024
"12464",19,64881,6021737,7,2012,111,89.5407407407407,"Sierra Madre Elementary",91024
"12465",19,64881,6021737,8,2012,31,43.9024390243902,"Sierra Madre Elementary",91024
"12466",19,64881,6021737,8,2012,111,78.6786786786787,"Sierra Madre Elementary",91024
"12467",19,64881,6021752,6,2012,31,25.003367003367,"Washington Middle",91103
"12468",19,64881,6021752,7,2012,31,35.5794701986755,"Washington Middle",91103
"12469",19,64881,6021752,8,2012,31,38.656338028169,"Washington Middle",91103
"12470",19,64881,6021752,8,2012,111,41.8153846153846,"Washington Middle",91103
"12471",19,64881,6021778,2,2012,31,68,"Willard Elementary",91107
"12472",19,64881,6021778,2,2012,111,91,"Willard Elementary",91107
"12473",19,64881,6021778,3,2012,31,40.5,"Willard Elementary",91107
"12474",19,64881,6021778,3,2012,111,76,"Willard Elementary",91107
"12475",19,64881,6021778,4,2012,31,87.5546875,"Willard Elementary",91107
"12476",19,64881,6021778,4,2012,111,95,"Willard Elementary",91107
"12477",19,64881,6021778,5,2012,31,63.7798165137615,"Willard Elementary",91107
"12478",19,64881,6021778,5,2012,111,84.6666666666667,"Willard Elementary",91107
"12479",19,64881,6058465,6,2012,31,24.5046728971963,"Charles W. Eliot Middle",91001
"12480",19,64881,6058465,6,2012,111,27.5,"Charles W. Eliot Middle",91001
"12481",19,64881,6058465,7,2012,31,35.551724137931,"Charles W. Eliot Middle",91001
"12482",19,64881,6058465,7,2012,111,57.6710526315789,"Charles W. Eliot Middle",91001
"12483",19,64881,6058465,8,2012,31,33.6846715328467,"Charles W. Eliot Middle",91001
"12484",19,64881,6058465,8,2012,111,56.955223880597,"Charles W. Eliot Middle",91001
"12485",19,64881,6120265,2,2012,31,49.5,"McKinley",91101
"12486",19,64881,6120265,2,2012,111,78,"McKinley",91101
"12487",19,64881,6120265,3,2012,31,52.3862068965517,"McKinley",91101
"12488",19,64881,6120265,3,2012,111,80,"McKinley",91101
"12489",19,64881,6120265,4,2012,31,61.5328947368421,"McKinley",91101
"12490",19,64881,6120265,4,2012,111,82,"McKinley",91101
"12491",19,64881,6120265,5,2012,31,52.7127272727273,"McKinley",91101
"12492",19,64881,6120265,5,2012,111,81.6883116883117,"McKinley",91101
"12493",19,64881,6120265,6,2012,31,37.5,"McKinley",91101
"12494",19,64881,6120265,6,2012,111,73.4666666666667,"McKinley",91101
"12495",19,64881,6120265,7,2012,31,47.0457142857143,"McKinley",91101
"12496",19,64881,6120265,7,2012,111,84.3571428571429,"McKinley",91101
"12497",19,64881,6120265,8,2012,31,48.7614379084967,"McKinley",91101
"12498",19,64881,6120265,8,2012,111,68.4583333333333,"McKinley",91101
"12499",19,64907,111047,2,2012,31,45.9523809523809,"Lopez Elementary",91766
"12500",19,64907,111047,3,2012,31,30.5,"Lopez Elementary",91766
"12501",19,64907,111047,4,2012,31,45.1016949152542,"Lopez Elementary",91766
"12502",19,64907,111047,5,2012,31,39,"Lopez Elementary",91766
"12503",19,64907,111047,6,2012,31,15,"Lopez Elementary",91766
"12504",19,64907,1933175,9,2012,31,23.1474285714286,"Ganesha High",91768
"12505",19,64907,1933175,9,2012,111,32.1525423728814,"Ganesha High",91768
"12506",19,64907,1933175,10,2012,31,18.3224637681159,"Ganesha High",91768
"12507",19,64907,1933175,10,2012,111,31.9306930693069,"Ganesha High",91768
"12508",19,64907,1933175,11,2012,31,17.7949465500486,"Ganesha High",91768
"12509",19,64907,1933175,11,2012,111,55.5675675675676,"Ganesha High",91768
"12510",19,64907,1995901,9,2012,31,44.4826203208556,"Diamond Ranch High",91766
"12511",19,64907,1995901,9,2012,111,66.6707317073171,"Diamond Ranch High",91766
"12512",19,64907,1995901,10,2012,31,41.5596026490066,"Diamond Ranch High",91766
"12513",19,64907,1995901,10,2012,111,59.8067632850242,"Diamond Ranch High",91766
"12514",19,64907,1995901,11,2012,31,46.0369357045144,"Diamond Ranch High",91766
"12515",19,64907,1995901,11,2012,111,56.7301762114537,"Diamond Ranch High",91766
"12516",19,64907,6021786,2,2012,31,44.5,"Alcott Elementary",91766
"12517",19,64907,6021786,3,2012,31,49.1042654028436,"Alcott Elementary",91766
"12518",19,64907,6021786,4,2012,31,56.4791666666667,"Alcott Elementary",91766
"12519",19,64907,6021786,5,2012,31,36.6824925816024,"Alcott Elementary",91766
"12520",19,64907,6021786,6,2012,31,30.4420600858369,"Alcott Elementary",91766
"12521",19,64907,6021794,2,2012,31,35,"Allison Elementary",91767
"12522",19,64907,6021794,3,2012,31,37.5,"Allison Elementary",91767
"12523",19,64907,6021794,4,2012,31,70.5,"Allison Elementary",91767
"12524",19,64907,6021794,5,2012,31,22.0234375,"Allison Elementary",91767
"12525",19,64907,6021794,6,2012,31,30.5,"Allison Elementary",91767
"12526",19,64907,6021802,2,2012,31,38,"Arroyo Elementary",91768
"12527",19,64907,6021802,3,2012,31,28.4581005586592,"Arroyo Elementary",91768
"12528",19,64907,6021802,4,2012,31,32,"Arroyo Elementary",91768
"12529",19,64907,6021802,5,2012,31,38.3311688311688,"Arroyo Elementary",91768
"12530",19,64907,6021802,6,2012,31,38.9738219895288,"Arroyo Elementary",91768
"12531",19,64907,6021828,2,2012,31,47.5,"Diamond Point Elementary",91765
"12532",19,64907,6021828,2,2012,111,67.5,"Diamond Point Elementary",91765
"12533",19,64907,6021828,3,2012,31,59.6666666666667,"Diamond Point Elementary",91765
"12534",19,64907,6021828,3,2012,111,73.9130434782609,"Diamond Point Elementary",91765
"12535",19,64907,6021828,4,2012,31,86.6,"Diamond Point Elementary",91765
"12536",19,64907,6021828,4,2012,111,83.5,"Diamond Point Elementary",91765
"12537",19,64907,6021828,5,2012,31,70,"Diamond Point Elementary",91765
"12538",19,64907,6021828,5,2012,111,76.6666666666667,"Diamond Point Elementary",91765
"12539",19,64907,6021828,6,2012,31,56.1463414634146,"Diamond Point Elementary",91765
"12540",19,64907,6021828,6,2012,111,84,"Diamond Point Elementary",91765
"12541",19,64907,6021836,2,2012,31,69,"Golden Springs Elementary",91765
"12542",19,64907,6021836,2,2012,111,78.5,"Golden Springs Elementary",91765
"12543",19,64907,6021836,3,2012,31,68.5,"Golden Springs Elementary",91765
"12544",19,64907,6021836,3,2012,111,78.5,"Golden Springs Elementary",91765
"12545",19,64907,6021836,4,2012,31,67,"Golden Springs Elementary",91765
"12546",19,64907,6021836,4,2012,111,93.5,"Golden Springs Elementary",91765
"12547",19,64907,6021836,5,2012,31,60.3333333333333,"Golden Springs Elementary",91765
"12548",19,64907,6021836,5,2012,111,75,"Golden Springs Elementary",91765
"12549",19,64907,6021836,6,2012,31,49.5742574257426,"Golden Springs Elementary",91765
"12550",19,64907,6021836,6,2012,111,66,"Golden Springs Elementary",91765
"12551",19,64907,6021836,7,2012,31,45.8227848101266,"Golden Springs Elementary",91765
"12552",19,64907,6021836,7,2012,111,60.7826086956522,"Golden Springs Elementary",91765
"12553",19,64907,6021836,8,2012,31,42.1098265895954,"Golden Springs Elementary",91765
"12554",19,64907,6021836,8,2012,111,54.2660550458716,"Golden Springs Elementary",91765
"12555",19,64907,6021851,2,2012,31,46,"Harrison Elementary",91767
"12556",19,64907,6021851,3,2012,31,48.3033707865169,"Harrison Elementary",91767
"12557",19,64907,6021851,4,2012,31,33.0144927536232,"Harrison Elementary",91767
"12558",19,64907,6021851,5,2012,31,59.9426751592357,"Harrison Elementary",91767
"12559",19,64907,6021851,6,2012,31,24,"Harrison Elementary",91767
"12560",19,64907,6021851,7,2012,31,33.4186046511628,"Harrison Elementary",91767
"12561",19,64907,6021851,8,2012,31,31.561797752809,"Harrison Elementary",91767
"12562",19,64907,6021877,2,2012,31,44,"Kingsley Elementary",91767
"12563",19,64907,6021877,3,2012,31,44,"Kingsley Elementary",91767
"12564",19,64907,6021877,4,2012,31,45,"Kingsley Elementary",91767
"12565",19,64907,6021885,2,2012,31,23.5,"Lexington Elementary",91766
"12566",19,64907,6021885,3,2012,31,46,"Lexington Elementary",91766
"12567",19,64907,6021885,4,2012,31,36,"Lexington Elementary",91766
"12568",19,64907,6021885,5,2012,31,38.6666666666667,"Lexington Elementary",91766
"12569",19,64907,6021885,6,2012,31,52.9627329192547,"Lexington Elementary",91766
"12570",19,64907,6021885,7,2012,31,42.1153846153846,"Lexington Elementary",91766
"12571",19,64907,6021885,8,2012,31,53.0111111111111,"Lexington Elementary",91766
"12572",19,64907,6021893,2,2012,31,34.5,"Lincoln Elementary",91768
"12573",19,64907,6021893,3,2012,31,42.5,"Lincoln Elementary",91768
"12574",19,64907,6021893,4,2012,31,58.9663865546218,"Lincoln Elementary",91768
"12575",19,64907,6021893,5,2012,31,32.3333333333333,"Lincoln Elementary",91768
"12576",19,64907,6021893,6,2012,31,37.8426966292135,"Lincoln Elementary",91768
"12577",19,64907,6021901,2,2012,31,29,"Madison Elementary",91766
"12578",19,64907,6021901,3,2012,31,49,"Madison Elementary",91766
"12579",19,64907,6021901,4,2012,31,53.5,"Madison Elementary",91766
"12580",19,64907,6021901,5,2012,31,37.3333333333333,"Madison Elementary",91766
"12581",19,64907,6021901,6,2012,31,18.5,"Madison Elementary",91766
"12582",19,64907,6021919,2,2012,31,40,"Montvue Elementary",91767
"12583",19,64907,6021919,3,2012,31,19.5,"Montvue Elementary",91767
"12584",19,64907,6021919,4,2012,31,46,"Montvue Elementary",91767
"12585",19,64907,6021919,5,2012,31,12.9325153374233,"Montvue Elementary",91767
"12586",19,64907,6021919,6,2012,31,33,"Montvue Elementary",91767
"12587",19,64907,6021927,2,2012,31,34,"Barfield Elementary",91767
"12588",19,64907,6021927,3,2012,31,38.5,"Barfield Elementary",91767
"12589",19,64907,6021927,4,2012,31,47.5,"Barfield Elementary",91767
"12590",19,64907,6021927,5,2012,31,44,"Barfield Elementary",91767
"12591",19,64907,6021927,6,2012,31,35.5,"Barfield Elementary",91767
"12592",19,64907,6021935,2,2012,31,67,"Philadelphia Elementary",91766
"12593",19,64907,6021935,3,2012,31,37,"Philadelphia Elementary",91766
"12594",19,64907,6021935,4,2012,31,43.9806763285024,"Philadelphia Elementary",91766
"12595",19,64907,6021935,4,2012,111,46,"Philadelphia Elementary",91766
"12596",19,64907,6021935,5,2012,31,40.9972375690608,"Philadelphia Elementary",91766
"12597",19,64907,6021935,6,2012,31,42.9948186528497,"Philadelphia Elementary",91766
"12598",19,64907,6021943,2,2012,31,35.5,"Roosevelt Elementary",91768
"12599",19,64907,6021943,3,2012,31,30,"Roosevelt Elementary",91768
"12600",19,64907,6021943,4,2012,31,59,"Roosevelt Elementary",91768
"12601",19,64907,6021943,5,2012,31,50.68,"Roosevelt Elementary",91768
"12602",19,64907,6021950,2,2012,31,55,"San Jose Elementary",91767
"12603",19,64907,6021950,3,2012,31,43.1743119266055,"San Jose Elementary",91767
"12604",19,64907,6021950,4,2012,31,65.9491525423729,"San Jose Elementary",91767
"12605",19,64907,6021950,5,2012,31,45,"San Jose Elementary",91767
"12606",19,64907,6021950,6,2012,31,40.5206611570248,"San Jose Elementary",91767
"12607",19,64907,6021950,6,2012,111,42,"San Jose Elementary",91767
"12608",19,64907,6021950,7,2012,31,25.5416666666667,"San Jose Elementary",91767
"12609",19,64907,6021950,8,2012,31,41.1,"San Jose Elementary",91767
"12610",19,64907,6021968,2,2012,31,29,"Washington Elementary",91766
"12611",19,64907,6021968,3,2012,31,36.5,"Washington Elementary",91766
"12612",19,64907,6021968,4,2012,31,44,"Washington Elementary",91766
"12613",19,64907,6021968,5,2012,31,39,"Washington Elementary",91766
"12614",19,64907,6021976,2,2012,31,46.9602649006623,"Westmont Elementary",91766
"12615",19,64907,6021976,3,2012,31,34.5,"Westmont Elementary",91766
"12616",19,64907,6021976,4,2012,31,41,"Westmont Elementary",91766
"12617",19,64907,6021976,5,2012,31,50,"Westmont Elementary",91766
"12618",19,64907,6021976,6,2012,31,60.4885496183206,"Westmont Elementary",91766
"12619",19,64907,6058507,6,2012,31,21.5,"Emerson Middle",91767
"12620",19,64907,6058507,7,2012,31,21.5870646766169,"Emerson Middle",91767
"12621",19,64907,6058507,7,2012,111,36,"Emerson Middle",91767
"12622",19,64907,6058507,8,2012,31,36.7375145180023,"Emerson Middle",91767
"12623",19,64907,6058507,8,2012,111,57.6666666666667,"Emerson Middle",91767
"12624",19,64907,6058515,6,2012,31,40,"Marshall Middle",91768
"12625",19,64907,6058515,7,2012,31,36.5192307692308,"Marshall Middle",91768
"12626",19,64907,6058515,8,2012,31,28.9818913480885,"Marshall Middle",91768
"12627",19,64907,6058515,8,2012,111,31.5,"Marshall Middle",91768
"12628",19,64907,6058523,6,2012,31,38.0218579234973,"Simons Middle",91766
"12629",19,64907,6058523,7,2012,31,45.5,"Simons Middle",91766
"12630",19,64907,6058523,7,2012,111,42.5,"Simons Middle",91766
"12631",19,64907,6058523,8,2012,31,32.7680278019114,"Simons Middle",91766
"12632",19,64907,6066781,7,2012,31,39.168044077135,"Lorbeer Middle",91765
"12633",19,64907,6066781,7,2012,111,58.5744047619048,"Lorbeer Middle",91765
"12634",19,64907,6066781,8,2012,31,48.1277777777778,"Lorbeer Middle",91765
"12635",19,64907,6066781,8,2012,111,62.7199017199017,"Lorbeer Middle",91765
"12636",19,64907,6068787,2,2012,31,82.5,"Armstrong Elementary",91765
"12637",19,64907,6068787,2,2012,111,74,"Armstrong Elementary",91765
"12638",19,64907,6068787,3,2012,31,55,"Armstrong Elementary",91765
"12639",19,64907,6068787,3,2012,111,76.8297872340426,"Armstrong Elementary",91765
"12640",19,64907,6068787,4,2012,31,40.5,"Armstrong Elementary",91765
"12641",19,64907,6068787,4,2012,111,85.5,"Armstrong Elementary",91765
"12642",19,64907,6068787,5,2012,31,58.3333333333333,"Armstrong Elementary",91765
"12643",19,64907,6068787,5,2012,111,73.6666666666667,"Armstrong Elementary",91765
"12644",19,64907,6068787,6,2012,31,46,"Armstrong Elementary",91765
"12645",19,64907,6068787,6,2012,111,58.5,"Armstrong Elementary",91765
"12646",19,64907,6101133,2,2012,31,35,"Decker Elementary",91766
"12647",19,64907,6101133,2,2012,111,61,"Decker Elementary",91766
"12648",19,64907,6101133,3,2012,31,30.7246376811594,"Decker Elementary",91766
"12649",19,64907,6101133,3,2012,111,48.5,"Decker Elementary",91766
"12650",19,64907,6101133,4,2012,31,64.4868421052632,"Decker Elementary",91766
"12651",19,64907,6101133,4,2012,111,73.5,"Decker Elementary",91766
"12652",19,64907,6101133,5,2012,31,59,"Decker Elementary",91766
"12653",19,64907,6101133,5,2012,111,69.0733944954128,"Decker Elementary",91766
"12654",19,64907,6101133,6,2012,31,50.1176470588235,"Decker Elementary",91766
"12655",19,64907,6101133,6,2012,111,61,"Decker Elementary",91766
"12656",19,64907,6108914,2,2012,31,45.5,"Vejar Elementary",91766
"12657",19,64907,6108914,3,2012,31,40.6479591836735,"Vejar Elementary",91766
"12658",19,64907,6108914,4,2012,31,53.5368421052632,"Vejar Elementary",91766
"12659",19,64907,6108914,5,2012,31,41.616724738676,"Vejar Elementary",91766
"12660",19,64907,6108914,6,2012,31,36.9690721649485,"Vejar Elementary",91766
"12661",19,64907,6108914,7,2012,31,26.2941176470588,"Vejar Elementary",91766
"12662",19,64907,6108914,8,2012,31,32.6422018348624,"Vejar Elementary",91766
"12663",19,64907,6108922,2,2012,31,70.5,"Ranch Hills Elementary",91766
"12664",19,64907,6108922,2,2012,111,92,"Ranch Hills Elementary",91766
"12665",19,64907,6108922,3,2012,31,72,"Ranch Hills Elementary",91766
"12666",19,64907,6108922,3,2012,111,88.5,"Ranch Hills Elementary",91766
"12667",19,64907,6108922,4,2012,31,76.5,"Ranch Hills Elementary",91766
"12668",19,64907,6108922,4,2012,111,91,"Ranch Hills Elementary",91766
"12669",19,64907,6108922,5,2012,31,87,"Ranch Hills Elementary",91766
"12670",19,64907,6108922,5,2012,111,87.3333333333333,"Ranch Hills Elementary",91766
"12671",19,64907,6108922,6,2012,31,64,"Ranch Hills Elementary",91766
"12672",19,64907,6108922,6,2012,111,84.5,"Ranch Hills Elementary",91766
"12673",19,64907,6112437,2,2012,31,39.5,"San Antonio Elementary",91767
"12674",19,64907,6112437,3,2012,31,32.5,"San Antonio Elementary",91767
"12675",19,64907,6112437,4,2012,31,53.008,"San Antonio Elementary",91767
"12676",19,64907,6112437,5,2012,31,27,"San Antonio Elementary",91767
"12677",19,64907,6120653,2,2012,31,92,"Pantera Elementary",91765
"12678",19,64907,6120653,2,2012,111,93,"Pantera Elementary",91765
"12679",19,64907,6120653,3,2012,31,70.5,"Pantera Elementary",91765
"12680",19,64907,6120653,3,2012,111,95.5,"Pantera Elementary",91765
"12681",19,64907,6120653,4,2012,31,58,"Pantera Elementary",91765
"12682",19,64907,6120653,4,2012,111,94,"Pantera Elementary",91765
"12683",19,64907,6120653,5,2012,31,60.8928571428571,"Pantera Elementary",91765
"12684",19,64907,6120653,5,2012,111,84.3333333333333,"Pantera Elementary",91765
"12685",19,64907,6120653,6,2012,31,86,"Pantera Elementary",91765
"12686",19,64907,6120653,6,2012,111,86.5,"Pantera Elementary",91765
"12687",19,64931,6022172,2,2012,31,17,"Encinita Elementary",91770
"12688",19,64931,6022172,2,2012,111,64,"Encinita Elementary",91770
"12689",19,64931,6022172,3,2012,31,62.9428571428571,"Encinita Elementary",91770
"12690",19,64931,6022172,3,2012,111,73,"Encinita Elementary",91770
"12691",19,64931,6022172,4,2012,111,84.0289855072464,"Encinita Elementary",91770
"12692",19,64931,6022172,5,2012,31,91,"Encinita Elementary",91770
"12693",19,64931,6022172,5,2012,111,85.6666666666667,"Encinita Elementary",91770
"12694",19,64931,6022172,6,2012,31,62.8139534883721,"Encinita Elementary",91770
"12695",19,64931,6022172,6,2012,111,73.3815789473684,"Encinita Elementary",91770
"12696",19,64931,6022198,7,2012,31,69.1408450704225,"Muscatel Middle",91770
"12697",19,64931,6022198,7,2012,111,76.3775510204082,"Muscatel Middle",91770
"12698",19,64931,6022198,8,2012,31,62.3054755043228,"Muscatel Middle",91770
"12699",19,64931,6022198,8,2012,111,71.9054916985951,"Muscatel Middle",91770
"12700",19,64931,6022206,2,2012,31,55.5,"Savannah Elementary",91770
"12701",19,64931,6022206,2,2012,111,59,"Savannah Elementary",91770
"12702",19,64931,6022206,3,2012,31,66.6666666666667,"Savannah Elementary",91770
"12703",19,64931,6022206,3,2012,111,62.9370078740157,"Savannah Elementary",91770
"12704",19,64931,6022206,4,2012,31,50,"Savannah Elementary",91770
"12705",19,64931,6022206,4,2012,111,62,"Savannah Elementary",91770
"12706",19,64931,6022206,5,2012,31,58.6666666666667,"Savannah Elementary",91770
"12707",19,64931,6022206,5,2012,111,59,"Savannah Elementary",91770
"12708",19,64931,6022206,6,2012,31,52,"Savannah Elementary",91770
"12709",19,64931,6022206,6,2012,111,64,"Savannah Elementary",91770
"12710",19,64964,1937754,9,2012,111,90.7320261437908,"San Marino High",91108
"12711",19,64964,1937754,10,2012,111,84.2527559055118,"San Marino High",91108
"12712",19,64964,1937754,11,2012,111,79.9594356261023,"San Marino High",91108
"12713",19,64964,6022495,2,2012,111,93,"Carver Elementary",91108
"12714",19,64964,6022495,3,2012,111,87.9765258215962,"Carver Elementary",91108
"12715",19,64964,6022495,4,2012,111,97,"Carver Elementary",91108
"12716",19,64964,6022495,5,2012,111,95,"Carver Elementary",91108
"12717",19,64964,6022503,6,2012,111,91.5,"Huntington Middle",91108
"12718",19,64964,6022503,7,2012,111,88,"Huntington Middle",91108
"12719",19,64964,6022503,8,2012,111,90.9786142001711,"Huntington Middle",91108
"12720",19,64964,6022529,2,2012,111,87.5,"Valentine Elementary",91108
"12721",19,64964,6022529,3,2012,111,91.988326848249,"Valentine Elementary",91108
"12722",19,64964,6022529,4,2012,111,91,"Valentine Elementary",91108
"12723",19,64964,6022529,5,2012,111,92.6666666666667,"Valentine Elementary",91108
"12724",19,64980,1938000,9,2012,31,43.1601123595506,"Santa Monica High",90405
"12725",19,64980,1938000,9,2012,111,75.5587412587413,"Santa Monica High",90405
"12726",19,64980,1938000,10,2012,31,39.5049603174603,"Santa Monica High",90405
"12727",19,64980,1938000,10,2012,111,62.9547717842324,"Santa Monica High",90405
"12728",19,64980,1938000,11,2012,31,33.43407960199,"Santa Monica High",90405
"12729",19,64980,1938000,11,2012,111,60.4362915220625,"Santa Monica High",90405
"12730",19,64980,1995737,6,2012,31,66.4615384615385,"Malibu High",90265
"12731",19,64980,1995737,6,2012,111,77.5205479452055,"Malibu High",90265
"12732",19,64980,1995737,7,2012,31,60,"Malibu High",90265
"12733",19,64980,1995737,7,2012,111,76.4038461538462,"Malibu High",90265
"12734",19,64980,1995737,8,2012,31,53.1224489795918,"Malibu High",90265
"12735",19,64980,1995737,8,2012,111,78.0866666666667,"Malibu High",90265
"12736",19,64980,1995737,9,2012,31,71,"Malibu High",90265
"12737",19,64980,1995737,9,2012,111,77.8346253229974,"Malibu High",90265
"12738",19,64980,1995737,10,2012,31,32.8428571428571,"Malibu High",90265
"12739",19,64980,1995737,10,2012,111,69.7102803738318,"Malibu High",90265
"12740",19,64980,1995737,11,2012,31,56.5660377358491,"Malibu High",90265
"12741",19,64980,1995737,11,2012,111,62.1068702290076,"Malibu High",90265
"12742",19,64980,6022545,2,2012,31,54,"Edison Elementary",90404
"12743",19,64980,6022545,2,2012,111,76,"Edison Elementary",90404
"12744",19,64980,6022545,3,2012,31,59.5,"Edison Elementary",90404
"12745",19,64980,6022545,3,2012,111,84,"Edison Elementary",90404
"12746",19,64980,6022545,4,2012,31,73.7894736842105,"Edison Elementary",90404
"12747",19,64980,6022545,4,2012,111,94.5,"Edison Elementary",90404
"12748",19,64980,6022545,5,2012,31,73,"Edison Elementary",90404
"12749",19,64980,6022545,5,2012,111,91.0181818181818,"Edison Elementary",90404
"12750",19,64980,6022552,2,2012,111,92.5,"Franklin Elementary",90403
"12751",19,64980,6022552,3,2012,111,82.5271966527197,"Franklin Elementary",90403
"12752",19,64980,6022552,4,2012,111,96,"Franklin Elementary",90403
"12753",19,64980,6022552,5,2012,111,95.9832402234637,"Franklin Elementary",90403
"12754",19,64980,6022560,2,2012,31,43.5,"Grant Elementary",90405
"12755",19,64980,6022560,2,2012,111,88,"Grant Elementary",90405
"12756",19,64980,6022560,3,2012,31,48.6976744186046,"Grant Elementary",90405
"12757",19,64980,6022560,3,2012,111,85,"Grant Elementary",90405
"12758",19,64980,6022560,4,2012,31,57.6170212765957,"Grant Elementary",90405
"12759",19,64980,6022560,4,2012,111,86.0173913043478,"Grant Elementary",90405
"12760",19,64980,6022560,5,2012,31,62.2644628099174,"Grant Elementary",90405
"12761",19,64980,6022560,5,2012,111,91.3252427184466,"Grant Elementary",90405
"12762",19,64980,6022594,2,2012,31,62,"McKinley Elementary",90404
"12763",19,64980,6022594,2,2012,111,85.5,"McKinley Elementary",90404
"12764",19,64980,6022594,3,2012,31,40.5,"McKinley Elementary",90404
"12765",19,64980,6022594,3,2012,111,70.5,"McKinley Elementary",90404
"12766",19,64980,6022594,4,2012,31,75,"McKinley Elementary",90404
"12767",19,64980,6022594,4,2012,111,83.5194805194805,"McKinley Elementary",90404
"12768",19,64980,6022594,5,2012,31,55,"McKinley Elementary",90404
"12769",19,64980,6022594,5,2012,111,89.98,"McKinley Elementary",90404
"12770",19,64980,6022610,2,2012,111,93,"Roosevelt Elementary",90403
"12771",19,64980,6022610,3,2012,31,58.5,"Roosevelt Elementary",90403
"12772",19,64980,6022610,3,2012,111,89.4813278008299,"Roosevelt Elementary",90403
"12773",19,64980,6022610,4,2012,31,89.1481481481482,"Roosevelt Elementary",90403
"12774",19,64980,6022610,4,2012,111,91.5,"Roosevelt Elementary",90403
"12775",19,64980,6022610,5,2012,31,79.1860465116279,"Roosevelt Elementary",90403
"12776",19,64980,6022610,5,2012,111,91.6616766467066,"Roosevelt Elementary",90403
"12777",19,64980,6022636,2,2012,111,92,"Webster Elementary",90265
"12778",19,64980,6022636,3,2012,111,88.5,"Webster Elementary",90265
"12779",19,64980,6022636,4,2012,111,94.5,"Webster Elementary",90265
"12780",19,64980,6022636,5,2012,111,84.3333333333333,"Webster Elementary",90265
"12781",19,64980,6061659,6,2012,31,56.3428571428571,"Lincoln Middle",90403
"12782",19,64980,6061659,6,2012,111,83.9736842105263,"Lincoln Middle",90403
"12783",19,64980,6061659,7,2012,31,54.1224489795918,"Lincoln Middle",90403
"12784",19,64980,6061659,7,2012,111,83.3034482758621,"Lincoln Middle",90403
"12785",19,64980,6061659,8,2012,31,48.5336322869955,"Lincoln Middle",90403
"12786",19,64980,6061659,8,2012,111,81.2184508268059,"Lincoln Middle",90403
"12787",19,64998,119230,2,2012,111,90.5,"West Creek Academy",91354
"12788",19,64998,119230,3,2012,111,82.0515463917526,"West Creek Academy",91354
"12789",19,64998,119230,4,2012,31,74.0434782608696,"West Creek Academy",91354
"12790",19,64998,119230,4,2012,111,94.5,"West Creek Academy",91354
"12791",19,64998,119230,5,2012,111,87,"West Creek Academy",91354
"12792",19,64998,119230,6,2012,111,83.4452554744526,"West Creek Academy",91354
"12793",19,64998,6022651,2,2012,31,75.5,"Cedarcreek Elementary",91351
"12794",19,64998,6022651,2,2012,111,58,"Cedarcreek Elementary",91351
"12795",19,64998,6022651,3,2012,31,49,"Cedarcreek Elementary",91351
"12796",19,64998,6022651,3,2012,111,60.5,"Cedarcreek Elementary",91351
"12797",19,64998,6022651,4,2012,31,52.9263157894737,"Cedarcreek Elementary",91351
"12798",19,64998,6022651,4,2012,111,85,"Cedarcreek Elementary",91351
"12799",19,64998,6022651,5,2012,31,53.6666666666667,"Cedarcreek Elementary",91351
"12800",19,64998,6022651,5,2012,111,70.3333333333333,"Cedarcreek Elementary",91351
"12801",19,64998,6022651,6,2012,31,43.5,"Cedarcreek Elementary",91351
"12802",19,64998,6022651,6,2012,111,69.4642857142857,"Cedarcreek Elementary",91351
"12803",19,64998,6022685,2,2012,31,64,"Rio Vista Elementary",91351
"12804",19,64998,6022685,2,2012,111,85,"Rio Vista Elementary",91351
"12805",19,64998,6022685,3,2012,31,43.5,"Rio Vista Elementary",91351
"12806",19,64998,6022685,3,2012,111,79,"Rio Vista Elementary",91351
"12807",19,64998,6022685,4,2012,31,67.5,"Rio Vista Elementary",91351
"12808",19,64998,6022685,4,2012,111,82,"Rio Vista Elementary",91351
"12809",19,64998,6022685,5,2012,31,53.3712574850299,"Rio Vista Elementary",91351
"12810",19,64998,6022685,5,2012,111,78.6666666666667,"Rio Vista Elementary",91351
"12811",19,64998,6022685,6,2012,31,60,"Rio Vista Elementary",91351
"12812",19,64998,6022685,6,2012,111,73.9512195121951,"Rio Vista Elementary",91351
"12813",19,64998,6022693,2,2012,31,65,"Rosedell Elementary",91350
"12814",19,64998,6022693,2,2012,111,71.5,"Rosedell Elementary",91350
"12815",19,64998,6022693,3,2012,31,54.9677419354839,"Rosedell Elementary",91350
"12816",19,64998,6022693,3,2012,111,81.5147928994083,"Rosedell Elementary",91350
"12817",19,64998,6022693,4,2012,31,54.5,"Rosedell Elementary",91350
"12818",19,64998,6022693,4,2012,111,76,"Rosedell Elementary",91350
"12819",19,64998,6022693,5,2012,31,58.0144927536232,"Rosedell Elementary",91350
"12820",19,64998,6022693,5,2012,111,79.6453674121406,"Rosedell Elementary",91350
"12821",19,64998,6022693,6,2012,31,56.2926829268293,"Rosedell Elementary",91350
"12822",19,64998,6022693,6,2012,111,70.4977973568282,"Rosedell Elementary",91350
"12823",19,64998,6022701,2,2012,31,53,"Santa Clarita Elementary",91350
"12824",19,64998,6022701,2,2012,111,70.5,"Santa Clarita Elementary",91350
"12825",19,64998,6022701,3,2012,31,56,"Santa Clarita Elementary",91350
"12826",19,64998,6022701,3,2012,111,67.5393258426966,"Santa Clarita Elementary",91350
"12827",19,64998,6022701,4,2012,31,65,"Santa Clarita Elementary",91350
"12828",19,64998,6022701,4,2012,111,75.1881188118812,"Santa Clarita Elementary",91350
"12829",19,64998,6022701,5,2012,31,54.40625,"Santa Clarita Elementary",91350
"12830",19,64998,6022701,5,2012,111,71.048,"Santa Clarita Elementary",91350
"12831",19,64998,6022701,6,2012,31,71.88,"Santa Clarita Elementary",91350
"12832",19,64998,6022701,6,2012,111,78.4516129032258,"Santa Clarita Elementary",91350
"12833",19,64998,6022727,2,2012,31,54,"Skyblue Mesa Elementary",91351
"12834",19,64998,6022727,2,2012,111,67.5,"Skyblue Mesa Elementary",91351
"12835",19,64998,6022727,3,2012,31,35.5238095238095,"Skyblue Mesa Elementary",91351
"12836",19,64998,6022727,3,2012,111,87,"Skyblue Mesa Elementary",91351
"12837",19,64998,6022727,4,2012,31,49.8333333333333,"Skyblue Mesa Elementary",91351
"12838",19,64998,6022727,4,2012,111,68.043956043956,"Skyblue Mesa Elementary",91351
"12839",19,64998,6022727,5,2012,31,37.5,"Skyblue Mesa Elementary",91351
"12840",19,64998,6022727,5,2012,111,66.3285714285714,"Skyblue Mesa Elementary",91351
"12841",19,64998,6022727,6,2012,31,34.1379310344828,"Skyblue Mesa Elementary",91351
"12842",19,64998,6022727,6,2012,111,73.5,"Skyblue Mesa Elementary",91351
"12843",19,64998,6068860,2,2012,31,42,"Highlands Elementary",91350
"12844",19,64998,6068860,2,2012,111,70,"Highlands Elementary",91350
"12845",19,64998,6068860,3,2012,31,41.5,"Highlands Elementary",91350
"12846",19,64998,6068860,3,2012,111,76.5,"Highlands Elementary",91350
"12847",19,64998,6068860,4,2012,31,78.5,"Highlands Elementary",91350
"12848",19,64998,6068860,4,2012,111,78.5172413793103,"Highlands Elementary",91350
"12849",19,64998,6068860,5,2012,31,54,"Highlands Elementary",91350
"12850",19,64998,6068860,5,2012,111,80.6847826086957,"Highlands Elementary",91350
"12851",19,64998,6068860,6,2012,31,62.9428571428571,"Highlands Elementary",91350
"12852",19,64998,6068860,6,2012,111,72.5,"Highlands Elementary",91350
"12853",19,64998,6115513,2,2012,31,42.5,"Plum Canyon Elementary",91350
"12854",19,64998,6115513,2,2012,111,80.5,"Plum Canyon Elementary",91350
"12855",19,64998,6115513,3,2012,111,81.1521739130435,"Plum Canyon Elementary",91350
"12856",19,64998,6115513,4,2012,31,77,"Plum Canyon Elementary",91350
"12857",19,64998,6115513,4,2012,111,87,"Plum Canyon Elementary",91350
"12858",19,64998,6115513,5,2012,31,58.3333333333333,"Plum Canyon Elementary",91350
"12859",19,64998,6115513,5,2012,111,84.3474576271186,"Plum Canyon Elementary",91350
"12860",19,64998,6115513,6,2012,31,50,"Plum Canyon Elementary",91350
"12861",19,64998,6115513,6,2012,111,74.9585492227979,"Plum Canyon Elementary",91350
"12862",19,64998,6116495,2,2012,31,75,"North Park Elementary",91355
"12863",19,64998,6116495,2,2012,111,77.5,"North Park Elementary",91355
"12864",19,64998,6116495,3,2012,31,66.5,"North Park Elementary",91355
"12865",19,64998,6116495,3,2012,111,84.0126582278481,"North Park Elementary",91355
"12866",19,64998,6116495,4,2012,31,59.1481481481481,"North Park Elementary",91355
"12867",19,64998,6116495,4,2012,111,87.4731707317073,"North Park Elementary",91355
"12868",19,64998,6116495,5,2012,31,83,"North Park Elementary",91355
"12869",19,64998,6116495,5,2012,111,81.0054347826087,"North Park Elementary",91355
"12870",19,64998,6116495,6,2012,31,37.4,"North Park Elementary",91355
"12871",19,64998,6116495,6,2012,111,67.0373443983403,"North Park Elementary",91355
"12872",19,65029,1938455,9,2012,31,64.4848484848485,"South Pasadena Senior High",91030
"12873",19,65029,1938455,9,2012,111,83.1179487179487,"South Pasadena Senior High",91030
"12874",19,65029,1938455,10,2012,31,68.8375350140056,"South Pasadena Senior High",91030
"12875",19,65029,1938455,10,2012,111,77.4726666666667,"South Pasadena Senior High",91030
"12876",19,65029,1938455,11,2012,31,68.6832061068702,"South Pasadena Senior High",91030
"12877",19,65029,1938455,11,2012,111,73.0448343079922,"South Pasadena Senior High",91030
"12878",19,65029,6022768,2,2012,31,63.5,"Arroyo Vista Elementary",91030
"12879",19,65029,6022768,2,2012,111,90.5,"Arroyo Vista Elementary",91030
"12880",19,65029,6022768,3,2012,31,37.5,"Arroyo Vista Elementary",91030
"12881",19,65029,6022768,3,2012,111,86.4368932038835,"Arroyo Vista Elementary",91030
"12882",19,65029,6022768,4,2012,31,53,"Arroyo Vista Elementary",91030
"12883",19,65029,6022768,4,2012,111,90,"Arroyo Vista Elementary",91030
"12884",19,65029,6022768,5,2012,31,60.8260869565217,"Arroyo Vista Elementary",91030
"12885",19,65029,6022768,5,2012,111,96.6730038022814,"Arroyo Vista Elementary",91030
"12886",19,65029,6022776,2,2012,31,90,"Marengo Elementary",91030
"12887",19,65029,6022776,2,2012,111,95.005076142132,"Marengo Elementary",91030
"12888",19,65029,6022776,3,2012,31,83,"Marengo Elementary",91030
"12889",19,65029,6022776,3,2012,111,90.0484848484848,"Marengo Elementary",91030
"12890",19,65029,6022776,4,2012,31,76.5,"Marengo Elementary",91030
"12891",19,65029,6022776,4,2012,111,92,"Marengo Elementary",91030
"12892",19,65029,6022776,5,2012,31,74.6666666666667,"Marengo Elementary",91030
"12893",19,65029,6022776,5,2012,111,96,"Marengo Elementary",91030
"12894",19,65029,6022784,2,2012,31,69,"Monterey Hills Elementary",91030
"12895",19,65029,6022784,2,2012,111,94.5,"Monterey Hills Elementary",91030
"12896",19,65029,6022784,3,2012,31,82,"Monterey Hills Elementary",91030
"12897",19,65029,6022784,3,2012,111,85.0366972477064,"Monterey Hills Elementary",91030
"12898",19,65029,6022784,4,2012,31,82.8965517241379,"Monterey Hills Elementary",91030
"12899",19,65029,6022784,4,2012,111,93.0152671755725,"Monterey Hills Elementary",91030
"12900",19,65029,6022784,5,2012,31,73.3333333333333,"Monterey Hills Elementary",91030
"12901",19,65029,6022784,5,2012,111,92.622641509434,"Monterey Hills Elementary",91030
"12902",19,65029,6058556,6,2012,31,66.9469026548673,"South Pasadena Middle",91030
"12903",19,65029,6058556,6,2012,111,80.527731092437,"South Pasadena Middle",91030
"12904",19,65029,6058556,7,2012,31,66.4424778761062,"South Pasadena Middle",91030
"12905",19,65029,6058556,7,2012,111,83.9191564147627,"South Pasadena Middle",91030
"12906",19,65029,6058556,8,2012,31,74.0138888888889,"South Pasadena Middle",91030
"12907",19,65029,6058556,8,2012,111,86.1589347079038,"South Pasadena Middle",91030
"12908",19,65037,6022800,2,2012,31,41,"Carmela Elementary",90605
"12909",19,65037,6022800,3,2012,31,31.2388059701493,"Carmela Elementary",90605
"12910",19,65037,6022800,3,2012,111,43.1739130434783,"Carmela Elementary",90605
"12911",19,65037,6022800,4,2012,31,46.5878378378378,"Carmela Elementary",90605
"12912",19,65037,6022800,5,2012,31,28.6930693069307,"Carmela Elementary",90605
"12913",19,65037,6022800,5,2012,111,45.3333333333333,"Carmela Elementary",90605
"12914",19,65037,6022800,6,2012,31,29.468085106383,"Carmela Elementary",90605
"12915",19,65037,6022818,2,2012,31,41.5,"Howard J. McKibben Elementary",90604
"12916",19,65037,6022818,2,2012,111,52.5,"Howard J. McKibben Elementary",90604
"12917",19,65037,6022818,3,2012,31,53.3636363636364,"Howard J. McKibben Elementary",90604
"12918",19,65037,6022818,3,2012,111,57.5,"Howard J. McKibben Elementary",90604
"12919",19,65037,6022818,4,2012,31,61.1086956521739,"Howard J. McKibben Elementary",90604
"12920",19,65037,6022818,4,2012,111,86.5,"Howard J. McKibben Elementary",90604
"12921",19,65037,6022818,5,2012,31,66.6666666666667,"Howard J. McKibben Elementary",90604
"12922",19,65037,6022818,5,2012,111,85,"Howard J. McKibben Elementary",90604
"12923",19,65037,6022818,6,2012,31,68,"Howard J. McKibben Elementary",90604
"12924",19,65037,6022818,6,2012,111,77.5,"Howard J. McKibben Elementary",90604
"12925",19,65037,6022826,2,2012,31,39.5,"Lake Marie Elementary",90605
"12926",19,65037,6022826,3,2012,31,38.8571428571429,"Lake Marie Elementary",90605
"12927",19,65037,6022826,4,2012,31,56.6716417910448,"Lake Marie Elementary",90605
"12928",19,65037,6022826,4,2012,111,62.5,"Lake Marie Elementary",90605
"12929",19,65037,6022826,5,2012,31,44,"Lake Marie Elementary",90605
"12930",19,65037,6022826,6,2012,31,46,"Lake Marie Elementary",90605
"12931",19,65037,6022834,2,2012,31,33.4964539007092,"Loma Vista Elementary",90605
"12932",19,65037,6022834,3,2012,31,31,"Loma Vista Elementary",90605
"12933",19,65037,6022834,4,2012,31,60,"Loma Vista Elementary",90605
"12934",19,65037,6022834,5,2012,31,44.6666666666667,"Loma Vista Elementary",90605
"12935",19,65037,6022834,6,2012,31,46.4915254237288,"Loma Vista Elementary",90605
"12936",19,65037,6022842,2,2012,31,42.5,"Los Altos Elementary",90604
"12937",19,65037,6022842,2,2012,111,43,"Los Altos Elementary",90604
"12938",19,65037,6022842,3,2012,31,42.5608465608466,"Los Altos Elementary",90604
"12939",19,65037,6022842,3,2012,111,59,"Los Altos Elementary",90604
"12940",19,65037,6022859,7,2012,31,46.9885714285714,"Richard L. Graves Middle",90605
"12941",19,65037,6022859,7,2012,111,45,"Richard L. Graves Middle",90605
"12942",19,65037,6022859,8,2012,31,47.4344122657581,"Richard L. Graves Middle",90605
"12943",19,65037,6022859,8,2012,111,53.1735537190083,"Richard L. Graves Middle",90605
"12944",19,65045,116616,2,2012,31,72,"Golden Oak Community",91321
"12945",19,65045,116616,2,2012,111,85,"Golden Oak Community",91321
"12946",19,65045,116616,3,2012,31,70,"Golden Oak Community",91321
"12947",19,65045,116616,3,2012,111,78.5,"Golden Oak Community",91321
"12948",19,65045,116616,4,2012,31,73,"Golden Oak Community",91321
"12949",19,65045,116616,4,2012,111,79,"Golden Oak Community",91321
"12950",19,65045,116616,5,2012,31,72.3333333333333,"Golden Oak Community",91321
"12951",19,65045,116616,5,2012,111,91.3333333333333,"Golden Oak Community",91321
"12952",19,65045,116616,6,2012,111,75.5,"Golden Oak Community",91321
"12953",19,65045,6066807,2,2012,31,52,"Mitchell Community Elementary",91387
"12954",19,65045,6066807,2,2012,111,86,"Mitchell Community Elementary",91387
"12955",19,65045,6066807,3,2012,31,40.4415584415584,"Mitchell Community Elementary",91387
"12956",19,65045,6066807,3,2012,111,67,"Mitchell Community Elementary",91387
"12957",19,65045,6066807,4,2012,31,82,"Mitchell Community Elementary",91387
"12958",19,65045,6066807,4,2012,111,85,"Mitchell Community Elementary",91387
"12959",19,65045,6066807,5,2012,31,55.3333333333333,"Mitchell Community Elementary",91387
"12960",19,65045,6066807,5,2012,111,71.6666666666667,"Mitchell Community Elementary",91387
"12961",19,65045,6066807,6,2012,31,66,"Mitchell Community Elementary",91387
"12962",19,65045,6066807,6,2012,111,75,"Mitchell Community Elementary",91387
"12963",19,65052,1938679,9,2012,31,73.049786628734,"Temple City High",91780
"12964",19,65052,1938679,9,2012,111,84.6082725060827,"Temple City High",91780
"12965",19,65052,1938679,10,2012,31,70.2875399361022,"Temple City High",91780
"12966",19,65052,1938679,10,2012,111,79.5565850430179,"Temple City High",91780
"12967",19,65052,1938679,11,2012,31,65.1637931034483,"Temple City High",91780
"12968",19,65052,1938679,11,2012,111,77.8657142857143,"Temple City High",91780
"12969",19,65052,6022925,4,2012,31,82,"Cloverly Elementary",91780
"12970",19,65052,6022925,4,2012,111,86.5290697674419,"Cloverly Elementary",91780
"12971",19,65052,6022925,5,2012,31,83.3636363636364,"Cloverly Elementary",91780
"12972",19,65052,6022925,5,2012,111,89.6666666666667,"Cloverly Elementary",91780
"12973",19,65052,6022925,6,2012,31,76.4592592592593,"Cloverly Elementary",91780
"12974",19,65052,6022925,6,2012,111,90.5099337748344,"Cloverly Elementary",91780
"12975",19,65052,6022933,2,2012,31,79,"Emperor Elementary",91775
"12976",19,65052,6022933,2,2012,111,93.5,"Emperor Elementary",91775
"12977",19,65052,6022933,3,2012,31,70,"Emperor Elementary",91775
"12978",19,65052,6022933,3,2012,111,78.5,"Emperor Elementary",91775
"12979",19,65052,6022933,4,2012,31,75.5,"Emperor Elementary",91775
"12980",19,65052,6022933,4,2012,111,91,"Emperor Elementary",91775
"12981",19,65052,6022933,5,2012,31,82.3333333333333,"Emperor Elementary",91775
"12982",19,65052,6022933,5,2012,111,95,"Emperor Elementary",91775
"12983",19,65052,6022933,6,2012,31,78.989010989011,"Emperor Elementary",91775
"12984",19,65052,6022933,6,2012,111,90.5,"Emperor Elementary",91775
"12985",19,65052,6022941,2,2012,31,63.5,"La Rosa Elementary",91780
"12986",19,65052,6022941,2,2012,111,79.5,"La Rosa Elementary",91780
"12987",19,65052,6022941,3,2012,31,70.1428571428571,"La Rosa Elementary",91780
"12988",19,65052,6022941,3,2012,111,87,"La Rosa Elementary",91780
"12989",19,65052,6022958,2,2012,31,73,"Longden Elementary",91780
"12990",19,65052,6022958,2,2012,111,87.5,"Longden Elementary",91780
"12991",19,65052,6022958,3,2012,31,62,"Longden Elementary",91780
"12992",19,65052,6022958,3,2012,111,84.5204678362573,"Longden Elementary",91780
"12993",19,65052,6022958,4,2012,31,70.4955752212389,"Longden Elementary",91780
"12994",19,65052,6022958,4,2012,111,90.5,"Longden Elementary",91780
"12995",19,65052,6022958,5,2012,31,69.6706586826347,"Longden Elementary",91780
"12996",19,65052,6022958,5,2012,111,86.3275862068966,"Longden Elementary",91780
"12997",19,65052,6022958,6,2012,31,75,"Longden Elementary",91780
"12998",19,65052,6022958,6,2012,111,83,"Longden Elementary",91780
"12999",19,65052,6022966,7,2012,31,71.6024390243903,"Oak Avenue Intermediate",91780
"13000",19,65052,6022966,7,2012,111,87.7036290322581,"Oak Avenue Intermediate",91780
"13001",19,65052,6022966,8,2012,31,78.3474903474903,"Oak Avenue Intermediate",91780
"13002",19,65052,6022966,8,2012,111,89.0039447731755,"Oak Avenue Intermediate",91780
"13003",19,65060,1936277,9,2012,31,44.3217115689382,"North High",90504
"13004",19,65060,1936277,9,2012,111,61.6252821670429,"North High",90504
"13005",19,65060,1936277,10,2012,31,45.1637478108581,"North High",90504
"13006",19,65060,1936277,10,2012,111,63.029746835443,"North High",90504
"13007",19,65060,1936277,11,2012,31,45.8290366350068,"North High",90504
"13008",19,65060,1936277,11,2012,111,56.6330578512397,"North High",90504
"13009",19,65060,1938356,9,2012,31,57.180412371134,"South High",90505
"13010",19,65060,1938356,9,2012,111,74.6580118694362,"South High",90505
"13011",19,65060,1938356,10,2012,31,55.145251396648,"South High",90505
"13012",19,65060,1938356,10,2012,111,71.6275928605885,"South High",90505
"13013",19,65060,1938356,11,2012,31,48.2777777777778,"South High",90505
"13014",19,65060,1938356,11,2012,111,62.8579136690648,"South High",90505
"13015",19,65060,1938752,9,2012,31,49.3121387283237,"Torrance High",90501
"13016",19,65060,1938752,9,2012,111,63.3513227513228,"Torrance High",90501
"13017",19,65060,1938752,10,2012,31,41.7415458937198,"Torrance High",90501
"13018",19,65060,1938752,10,2012,111,64.1168072680078,"Torrance High",90501
"13019",19,65060,1938752,11,2012,31,41.8013544018059,"Torrance High",90501
"13020",19,65060,1938752,11,2012,111,60.2275590551181,"Torrance High",90501
"13021",19,65060,1939602,9,2012,31,57.2657142857143,"West High",90503
"13022",19,65060,1939602,9,2012,111,73.5526110678098,"West High",90503
"13023",19,65060,1939602,10,2012,31,57.2808988764045,"West High",90503
"13024",19,65060,1939602,10,2012,111,73.0199619771863,"West High",90503
"13025",19,65060,1939602,11,2012,31,53.063768115942,"West High",90503
"13026",19,65060,1939602,11,2012,111,65.2372990353698,"West High",90503
"13027",19,65060,6022982,2,2012,31,56,"Anza Elementary",90503
"13028",19,65060,6022982,2,2012,111,81,"Anza Elementary",90503
"13029",19,65060,6022982,3,2012,111,72.9356725146199,"Anza Elementary",90503
"13030",19,65060,6022982,4,2012,31,68.24,"Anza Elementary",90503
"13031",19,65060,6022982,4,2012,111,91.5,"Anza Elementary",90503
"13032",19,65060,6022982,5,2012,111,90.3333333333333,"Anza Elementary",90503
"13033",19,65060,6022990,2,2012,31,56.5,"Arlington Elementary",90504
"13034",19,65060,6022990,2,2012,111,88,"Arlington Elementary",90504
"13035",19,65060,6022990,3,2012,31,59.6,"Arlington Elementary",90504
"13036",19,65060,6022990,3,2012,111,78.5,"Arlington Elementary",90504
"13037",19,65060,6022990,4,2012,31,81,"Arlington Elementary",90504
"13038",19,65060,6022990,4,2012,111,93.4901960784314,"Arlington Elementary",90504
"13039",19,65060,6022990,5,2012,31,45.6363636363636,"Arlington Elementary",90504
"13040",19,65060,6022990,5,2012,111,81.0096153846154,"Arlington Elementary",90504
"13041",19,65060,6023014,6,2012,31,65.5,"Calle Mayor Middle",90505
"13042",19,65060,6023014,6,2012,111,87.5,"Calle Mayor Middle",90505
"13043",19,65060,6023014,7,2012,31,68.5161290322581,"Calle Mayor Middle",90505
"13044",19,65060,6023014,7,2012,111,90.9585492227979,"Calle Mayor Middle",90505
"13045",19,65060,6023014,8,2012,31,71.4088050314465,"Calle Mayor Middle",90505
"13046",19,65060,6023014,8,2012,111,82.3329706202394,"Calle Mayor Middle",90505
"13047",19,65060,6023030,6,2012,31,51.9784172661871,"Casimir Middle",90504
"13048",19,65060,6023030,6,2012,111,76,"Casimir Middle",90504
"13049",19,65060,6023030,7,2012,31,62,"Casimir Middle",90504
"13050",19,65060,6023030,7,2012,111,85.262962962963,"Casimir Middle",90504
"13051",19,65060,6023030,8,2012,31,59.023569023569,"Casimir Middle",90504
"13052",19,65060,6023030,8,2012,111,73.3707865168539,"Casimir Middle",90504
"13053",19,65060,6023063,2,2012,31,67,"Edison Elementary",90504
"13054",19,65060,6023063,2,2012,111,82,"Edison Elementary",90504
"13055",19,65060,6023063,3,2012,31,55.3689320388349,"Edison Elementary",90504
"13056",19,65060,6023063,3,2012,111,87.5,"Edison Elementary",90504
"13057",19,65060,6023063,4,2012,31,75,"Edison Elementary",90504
"13058",19,65060,6023063,4,2012,111,78.4657534246575,"Edison Elementary",90504
"13059",19,65060,6023063,5,2012,31,69,"Edison Elementary",90504
"13060",19,65060,6023063,5,2012,111,92.3233082706767,"Edison Elementary",90504
"13061",19,65060,6023071,2,2012,31,57,"Fern Elementary",90503
"13062",19,65060,6023071,2,2012,111,77.5,"Fern Elementary",90503
"13063",19,65060,6023071,3,2012,31,54.5,"Fern Elementary",90503
"13064",19,65060,6023071,3,2012,111,71,"Fern Elementary",90503
"13065",19,65060,6023071,4,2012,31,57.5,"Fern Elementary",90503
"13066",19,65060,6023071,4,2012,111,84.5,"Fern Elementary",90503
"13067",19,65060,6023071,5,2012,31,85.3333333333333,"Fern Elementary",90503
"13068",19,65060,6023071,5,2012,111,89,"Fern Elementary",90503
"13069",19,65060,6023105,2,2012,31,53,"Hickory Elementary",90505
"13070",19,65060,6023105,2,2012,111,80.5,"Hickory Elementary",90505
"13071",19,65060,6023105,3,2012,31,71.1290322580645,"Hickory Elementary",90505
"13072",19,65060,6023105,3,2012,111,81,"Hickory Elementary",90505
"13073",19,65060,6023105,4,2012,31,85.5121951219512,"Hickory Elementary",90505
"13074",19,65060,6023105,4,2012,111,93.5022421524664,"Hickory Elementary",90505
"13075",19,65060,6023105,5,2012,31,57.3333333333333,"Hickory Elementary",90505
"13076",19,65060,6023105,5,2012,111,86.6485013623978,"Hickory Elementary",90505
"13077",19,65060,6023121,6,2012,31,60.4186046511628,"Jefferson Middle",90503
"13078",19,65060,6023121,6,2012,111,82.0071428571429,"Jefferson Middle",90503
"13079",19,65060,6023121,7,2012,31,61.5769230769231,"Jefferson Middle",90503
"13080",19,65060,6023121,7,2012,111,81.375,"Jefferson Middle",90503
"13081",19,65060,6023121,8,2012,31,62.8711111111111,"Jefferson Middle",90503
"13082",19,65060,6023121,8,2012,111,75.3677204658902,"Jefferson Middle",90503
"13083",19,65060,6023147,2,2012,31,63.5,"Lincoln Elementary",90504
"13084",19,65060,6023147,2,2012,111,80.5,"Lincoln Elementary",90504
"13085",19,65060,6023147,3,2012,31,67.1147540983606,"Lincoln Elementary",90504
"13086",19,65060,6023147,3,2012,111,85.3506493506493,"Lincoln Elementary",90504
"13087",19,65060,6023147,4,2012,31,83,"Lincoln Elementary",90504
"13088",19,65060,6023147,4,2012,111,92.5,"Lincoln Elementary",90504
"13089",19,65060,6023147,5,2012,31,83,"Lincoln Elementary",90504
"13090",19,65060,6023147,5,2012,111,86.6666666666667,"Lincoln Elementary",90504
"13091",19,65060,6023162,6,2012,31,52.4666666666667,"Madrona Middle",90503
"13092",19,65060,6023162,6,2012,111,76.5140186915888,"Madrona Middle",90503
"13093",19,65060,6023162,7,2012,31,64.5,"Madrona Middle",90503
"13094",19,65060,6023162,7,2012,111,81.5851063829787,"Madrona Middle",90503
"13095",19,65060,6023162,8,2012,31,61.1333333333333,"Madrona Middle",90503
"13096",19,65060,6023162,8,2012,111,77.3398876404494,"Madrona Middle",90503
"13097",19,65060,6023220,2,2012,31,62.5,"Riviera Elementary",90505
"13098",19,65060,6023220,2,2012,111,88.5,"Riviera Elementary",90505
"13099",19,65060,6023220,3,2012,31,50,"Riviera Elementary",90505
"13100",19,65060,6023220,3,2012,111,84.5355450236967,"Riviera Elementary",90505
"13101",19,65060,6023220,4,2012,31,79,"Riviera Elementary",90505
"13102",19,65060,6023220,4,2012,111,93.5,"Riviera Elementary",90505
"13103",19,65060,6023220,5,2012,31,69,"Riviera Elementary",90505
"13104",19,65060,6023220,5,2012,111,87.00625,"Riviera Elementary",90505
"13105",19,65060,6023238,2,2012,31,70,"Seaside Elementary",90505
"13106",19,65060,6023238,2,2012,111,83,"Seaside Elementary",90505
"13107",19,65060,6023238,3,2012,31,53.5,"Seaside Elementary",90505
"13108",19,65060,6023238,3,2012,111,73,"Seaside Elementary",90505
"13109",19,65060,6023238,4,2012,111,91.5,"Seaside Elementary",90505
"13110",19,65060,6023238,5,2012,31,76,"Seaside Elementary",90505
"13111",19,65060,6023238,5,2012,111,81.0238095238095,"Seaside Elementary",90505
"13112",19,65060,6023261,2,2012,31,53,"Torrance Elementary",90501
"13113",19,65060,6023261,2,2012,111,86,"Torrance Elementary",90501
"13114",19,65060,6023261,3,2012,31,57.5,"Torrance Elementary",90501
"13115",19,65060,6023261,3,2012,111,55.265306122449,"Torrance Elementary",90501
"13116",19,65060,6023261,4,2012,31,86,"Torrance Elementary",90501
"13117",19,65060,6023261,4,2012,111,93,"Torrance Elementary",90501
"13118",19,65060,6023261,5,2012,31,53,"Torrance Elementary",90501
"13119",19,65060,6023261,5,2012,111,82,"Torrance Elementary",90501
"13120",19,65060,6023279,2,2012,31,84.5,"Towers Elementary",90503
"13121",19,65060,6023279,2,2012,111,78,"Towers Elementary",90503
"13122",19,65060,6023279,3,2012,31,55.92,"Towers Elementary",90503
"13123",19,65060,6023279,3,2012,111,82.4437086092715,"Towers Elementary",90503
"13124",19,65060,6023279,4,2012,111,83.9808917197452,"Towers Elementary",90503
"13125",19,65060,6023279,5,2012,31,69,"Towers Elementary",90503
"13126",19,65060,6023279,5,2012,111,87.3468634686347,"Towers Elementary",90503
"13127",19,65060,6023287,2,2012,31,76,"Victor Elementary",90503
"13128",19,65060,6023287,2,2012,111,90,"Victor Elementary",90503
"13129",19,65060,6023287,3,2012,31,66.5,"Victor Elementary",90503
"13130",19,65060,6023287,3,2012,111,83.4541484716157,"Victor Elementary",90503
"13131",19,65060,6023287,4,2012,31,67.5,"Victor Elementary",90503
"13132",19,65060,6023287,4,2012,111,89.5020746887967,"Victor Elementary",90503
"13133",19,65060,6023287,5,2012,31,55.9673202614379,"Victor Elementary",90503
"13134",19,65060,6023287,5,2012,111,88.2974504249292,"Victor Elementary",90503
"13135",19,65060,6023295,2,2012,31,57,"Walteria Elementary",90505
"13136",19,65060,6023295,2,2012,111,75,"Walteria Elementary",90505
"13137",19,65060,6023295,3,2012,31,72.7575757575758,"Walteria Elementary",90505
"13138",19,65060,6023295,3,2012,111,83.0886075949367,"Walteria Elementary",90505
"13139",19,65060,6023295,4,2012,31,73.5,"Walteria Elementary",90505
"13140",19,65060,6023295,4,2012,111,89.5,"Walteria Elementary",90505
"13141",19,65060,6023295,5,2012,31,90,"Walteria Elementary",90505
"13142",19,65060,6023295,5,2012,111,90.3333333333333,"Walteria Elementary",90505
"13143",19,65060,6023329,2,2012,31,55,"Yukon Elementary",90504
"13144",19,65060,6023329,2,2012,111,86,"Yukon Elementary",90504
"13145",19,65060,6023329,3,2012,31,46.3650793650794,"Yukon Elementary",90504
"13146",19,65060,6023329,3,2012,111,69,"Yukon Elementary",90504
"13147",19,65060,6023329,4,2012,31,89.5671641791045,"Yukon Elementary",90504
"13148",19,65060,6023329,4,2012,111,92.9555555555555,"Yukon Elementary",90504
"13149",19,65060,6023329,5,2012,31,54.9302325581395,"Yukon Elementary",90504
"13150",19,65060,6023329,5,2012,111,89,"Yukon Elementary",90504
"13151",19,65078,6023337,2,2012,31,68.5,"New Temple",91733
"13152",19,65078,6023337,2,2012,111,71,"New Temple",91733
"13153",19,65078,6023337,3,2012,31,66.5,"New Temple",91733
"13154",19,65078,6023337,3,2012,111,68.5,"New Temple",91733
"13155",19,65094,116566,7,2012,31,46.9772727272727,"Walnut Grove Intermediate",91790
"13156",19,65094,116566,7,2012,111,54.3382352941176,"Walnut Grove Intermediate",91790
"13157",19,65094,116566,8,2012,31,43.2475928473177,"Walnut Grove Intermediate",91790
"13158",19,65094,116566,8,2012,111,58.7131474103586,"Walnut Grove Intermediate",91790
"13159",19,65094,122432,9,2012,31,55.0303738317757,"Edgewood High",91790
"13160",19,65094,122432,9,2012,111,66.4418604651163,"Edgewood High",91790
"13161",19,65094,122432,10,2012,31,38.746170678337,"Edgewood High",91790
"13162",19,65094,122432,10,2012,111,54.1751592356688,"Edgewood High",91790
"13163",19,65094,1938513,11,2012,31,9.24642857142857,"Coronado High (Continuation)",91791
"13164",19,65094,1938513,11,2012,111,17.5777777777778,"Coronado High (Continuation)",91791
"13165",19,65094,1939537,9,2012,31,40.5253968253968,"West Covina High",91791
"13166",19,65094,1939537,9,2012,111,51.3415007656968,"West Covina High",91791
"13167",19,65094,1939537,10,2012,31,38.5416028586013,"West Covina High",91791
"13168",19,65094,1939537,10,2012,111,47.7149321266968,"West Covina High",91791
"13169",19,65094,1939537,11,2012,31,43.4235006119951,"West Covina High",91791
"13170",19,65094,1939537,11,2012,111,49.7947916666667,"West Covina High",91791
"13171",19,65094,6023410,3,2012,31,70.5,"California Elementary",91790
"13172",19,65094,6023410,3,2012,111,86.5,"California Elementary",91790
"13173",19,65094,6023410,4,2012,31,69.0459770114943,"California Elementary",91790
"13174",19,65094,6023410,4,2012,111,72.7,"California Elementary",91790
"13175",19,65094,6023410,5,2012,31,61.1797235023041,"California Elementary",91790
"13176",19,65094,6023410,5,2012,111,79.3333333333333,"California Elementary",91790
"13177",19,65094,6023410,6,2012,31,56.4551282051282,"California Elementary",91790
"13178",19,65094,6023410,6,2012,111,78,"California Elementary",91790
"13179",19,65094,6023428,2,2012,31,63,"Cameron Elementary",91790
"13180",19,65094,6023428,2,2012,111,82,"Cameron Elementary",91790
"13181",19,65094,6023428,3,2012,31,59.7272727272727,"Cameron Elementary",91790
"13182",19,65094,6023428,3,2012,111,86.6164383561644,"Cameron Elementary",91790
"13183",19,65094,6023428,4,2012,31,87.5348837209302,"Cameron Elementary",91790
"13184",19,65094,6023428,4,2012,111,89.8717948717949,"Cameron Elementary",91790
"13185",19,65094,6023428,5,2012,31,67.0285714285714,"Cameron Elementary",91790
"13186",19,65094,6023428,5,2012,111,84.6666666666667,"Cameron Elementary",91790
"13187",19,65094,6023477,6,2012,31,51.5055762081784,"Hollencrest Middle",91791
"13188",19,65094,6023477,6,2012,111,67.5266272189349,"Hollencrest Middle",91791
"13189",19,65094,6023477,7,2012,31,62.3554006968641,"Hollencrest Middle",91791
"13190",19,65094,6023477,7,2012,111,69.6373626373626,"Hollencrest Middle",91791
"13191",19,65094,6023477,8,2012,31,66.9271186440678,"Hollencrest Middle",91791
"13192",19,65094,6023477,8,2012,111,74.0379746835443,"Hollencrest Middle",91791
"13193",19,65094,6023485,2,2012,31,80,"Merced Elementary",91791
"13194",19,65094,6023485,2,2012,111,94,"Merced Elementary",91791
"13195",19,65094,6023485,3,2012,31,74.4059405940594,"Merced Elementary",91791
"13196",19,65094,6023485,3,2012,111,81.1509433962264,"Merced Elementary",91791
"13197",19,65094,6023485,4,2012,31,92.0353982300885,"Merced Elementary",91791
"13198",19,65094,6023485,4,2012,111,89.5,"Merced Elementary",91791
"13199",19,65094,6023485,5,2012,31,74.6666666666667,"Merced Elementary",91791
"13200",19,65094,6023485,5,2012,111,86.9591836734694,"Merced Elementary",91791
"13201",19,65094,6023493,2,2012,31,76.5,"Merlinda Elementary",91790
"13202",19,65094,6023493,2,2012,111,89,"Merlinda Elementary",91790
"13203",19,65094,6023493,3,2012,31,65.8582677165354,"Merlinda Elementary",91790
"13204",19,65094,6023493,3,2012,111,82.5,"Merlinda Elementary",91790
"13205",19,65094,6023493,4,2012,31,83.5,"Merlinda Elementary",91790
"13206",19,65094,6023493,4,2012,111,85.2,"Merlinda Elementary",91790
"13207",19,65094,6023493,5,2012,31,68.3333333333333,"Merlinda Elementary",91790
"13208",19,65094,6023493,5,2012,111,82.1123595505618,"Merlinda Elementary",91790
"13209",19,65094,6023493,6,2012,31,63.5177304964539,"Merlinda Elementary",91790
"13210",19,65094,6023493,6,2012,111,60.5,"Merlinda Elementary",91790
"13211",19,65094,6023501,2,2012,31,80.4766355140187,"Monte Vista Elementary",91790
"13212",19,65094,6023501,2,2012,111,94,"Monte Vista Elementary",91790
"13213",19,65094,6023501,3,2012,31,62.6,"Monte Vista Elementary",91790
"13214",19,65094,6023501,3,2012,111,73,"Monte Vista Elementary",91790
"13215",19,65094,6023501,4,2012,31,81.4368932038835,"Monte Vista Elementary",91790
"13216",19,65094,6023501,4,2012,111,85.5,"Monte Vista Elementary",91790
"13217",19,65094,6023501,5,2012,31,71,"Monte Vista Elementary",91790
"13218",19,65094,6023501,5,2012,111,81.6666666666667,"Monte Vista Elementary",91790
"13219",19,65094,6023501,6,2012,31,44.9756097560976,"Monte Vista Elementary",91790
"13220",19,65094,6023501,6,2012,111,61.5,"Monte Vista Elementary",91790
"13221",19,65094,6023519,2,2012,31,75.5,"Orangewood Elementary",91790
"13222",19,65094,6023519,2,2012,111,85,"Orangewood Elementary",91790
"13223",19,65094,6023519,3,2012,31,58.394495412844,"Orangewood Elementary",91790
"13224",19,65094,6023519,3,2012,111,63.6666666666667,"Orangewood Elementary",91790
"13225",19,65094,6023519,4,2012,31,58,"Orangewood Elementary",91790
"13226",19,65094,6023519,4,2012,111,80,"Orangewood Elementary",91790
"13227",19,65094,6023519,5,2012,31,74.0203045685279,"Orangewood Elementary",91790
"13228",19,65094,6023519,5,2012,111,86.6666666666667,"Orangewood Elementary",91790
"13229",19,65094,6023527,2,2012,31,86.5,"San Jose Charter Academy",91790
"13230",19,65094,6023527,2,2012,111,92.5,"San Jose Charter Academy",91790
"13231",19,65094,6023527,3,2012,31,76,"San Jose Charter Academy",91790
"13232",19,65094,6023527,3,2012,111,87,"San Jose Charter Academy",91790
"13233",19,65094,6023527,4,2012,31,75.5267175572519,"San Jose Charter Academy",91790
"13234",19,65094,6023527,4,2012,111,89.9847328244275,"San Jose Charter Academy",91790
"13235",19,65094,6023527,5,2012,31,82.6979865771812,"San Jose Charter Academy",91790
"13236",19,65094,6023527,5,2012,111,93.336,"San Jose Charter Academy",91790
"13237",19,65094,6023527,6,2012,31,76.5,"San Jose Charter Academy",91790
"13238",19,65094,6023527,6,2012,111,79.511811023622,"San Jose Charter Academy",91790
"13239",19,65094,6023527,7,2012,31,80.5034965034965,"San Jose Charter Academy",91790
"13240",19,65094,6023527,7,2012,111,93,"San Jose Charter Academy",91790
"13241",19,65094,6023527,8,2012,31,79.7626459143969,"San Jose Charter Academy",91790
"13242",19,65094,6023527,8,2012,111,86,"San Jose Charter Academy",91790
"13243",19,65094,6023535,2,2012,31,79,"Vine Elementary",91791
"13244",19,65094,6023535,2,2012,111,87.5,"Vine Elementary",91791
"13245",19,65094,6023535,3,2012,31,59.5,"Vine Elementary",91791
"13246",19,65094,6023535,3,2012,111,75.5280898876404,"Vine Elementary",91791
"13247",19,65094,6023535,4,2012,31,71.5,"Vine Elementary",91791
"13248",19,65094,6023535,4,2012,111,83.9879518072289,"Vine Elementary",91791
"13249",19,65094,6023535,5,2012,31,74.6390977443609,"Vine Elementary",91791
"13250",19,65094,6023535,5,2012,111,80.6666666666667,"Vine Elementary",91791
"13251",19,65094,6023543,2,2012,31,76.497005988024,"Wescove Elementary",91791
"13252",19,65094,6023543,2,2012,111,86.5,"Wescove Elementary",91791
"13253",19,65094,6107296,6,2012,31,43.4432432432432,"Edgewood Middle",91790
"13254",19,65094,6107296,6,2012,111,70,"Edgewood Middle",91790
"13255",19,65094,6107296,7,2012,31,48.6219081272085,"Edgewood Middle",91790
"13256",19,65094,6107296,7,2012,111,64.9072847682119,"Edgewood Middle",91790
"13257",19,65094,6107296,8,2012,31,48.9510961214165,"Edgewood Middle",91790
"13258",19,65094,6107296,8,2012,111,54.0263157894737,"Edgewood Middle",91790
"13259",19,65102,101543,2,2012,31,49,"Esperanza Elementary",93551
"13260",19,65102,101543,2,2012,111,77,"Esperanza Elementary",93551
"13261",19,65102,101543,3,2012,31,53.7763157894737,"Esperanza Elementary",93551
"13262",19,65102,101543,3,2012,111,73.0432432432432,"Esperanza Elementary",93551
"13263",19,65102,101543,4,2012,31,71.5064935064935,"Esperanza Elementary",93551
"13264",19,65102,101543,4,2012,111,89.5215311004785,"Esperanza Elementary",93551
"13265",19,65102,101543,5,2012,31,74.043795620438,"Esperanza Elementary",93551
"13266",19,65102,101543,5,2012,111,84.3368146214099,"Esperanza Elementary",93551
"13267",19,65102,101543,6,2012,31,60.9090909090909,"Esperanza Elementary",93551
"13268",19,65102,101543,6,2012,111,63.4618834080717,"Esperanza Elementary",93551
"13269",19,65102,110098,2,2012,31,40,"Anaverde Hills",93551
"13270",19,65102,110098,2,2012,111,67,"Anaverde Hills",93551
"13271",19,65102,110098,4,2012,31,61,"Anaverde Hills",93551
"13272",19,65102,110098,4,2012,111,68.5,"Anaverde Hills",93551
"13273",19,65102,110098,5,2012,31,46.3333333333333,"Anaverde Hills",93551
"13274",19,65102,110098,5,2012,111,79,"Anaverde Hills",93551
"13275",19,65102,110098,6,2012,31,45.8918918918919,"Anaverde Hills",93551
"13276",19,65102,110098,6,2012,111,55.5,"Anaverde Hills",93551
"13277",19,65102,6023568,2,2012,31,59,"Del Sur Senior Elementary",93536
"13278",19,65102,6023568,2,2012,111,76,"Del Sur Senior Elementary",93536
"13279",19,65102,6023568,3,2012,31,62,"Del Sur Senior Elementary",93536
"13280",19,65102,6023568,3,2012,111,80.5,"Del Sur Senior Elementary",93536
"13281",19,65102,6023568,4,2012,31,58.0175438596491,"Del Sur Senior Elementary",93536
"13282",19,65102,6023568,4,2012,111,88,"Del Sur Senior Elementary",93536
"13283",19,65102,6023568,5,2012,31,45,"Del Sur Senior Elementary",93536
"13284",19,65102,6023568,5,2012,111,76.3333333333333,"Del Sur Senior Elementary",93536
"13285",19,65102,6023568,6,2012,31,65.5072463768116,"Del Sur Senior Elementary",93536
"13286",19,65102,6023568,6,2012,111,82.5,"Del Sur Senior Elementary",93536
"13287",19,65102,6023568,7,2012,31,65.5,"Del Sur Senior Elementary",93536
"13288",19,65102,6023568,7,2012,111,70.4924242424242,"Del Sur Senior Elementary",93536
"13289",19,65102,6023568,8,2012,31,65.8884462151394,"Del Sur Senior Elementary",93536
"13290",19,65102,6023568,8,2012,111,70.0524781341108,"Del Sur Senior Elementary",93536
"13291",19,65102,6023576,2,2012,111,80.5,"Leona Valley Elementary",93551
"13292",19,65102,6023576,3,2012,111,85.5,"Leona Valley Elementary",93551
"13293",19,65102,6023576,4,2012,111,89.6551724137931,"Leona Valley Elementary",93551
"13294",19,65102,6023576,5,2012,111,83.7258064516129,"Leona Valley Elementary",93551
"13295",19,65102,6023576,6,2012,111,66,"Leona Valley Elementary",93551
"13296",19,65102,6023584,2,2012,31,46,"Quartz Hill Elementary",93536
"13297",19,65102,6023584,2,2012,111,64,"Quartz Hill Elementary",93536
"13298",19,65102,6023584,3,2012,31,56.2238805970149,"Quartz Hill Elementary",93536
"13299",19,65102,6023584,3,2012,111,74.9424460431655,"Quartz Hill Elementary",93536
"13300",19,65102,6023584,4,2012,31,60.4416666666667,"Quartz Hill Elementary",93536
"13301",19,65102,6023584,4,2012,111,75,"Quartz Hill Elementary",93536
"13302",19,65102,6023584,5,2012,31,66.9470198675497,"Quartz Hill Elementary",93536
"13303",19,65102,6023584,5,2012,111,77.1944444444444,"Quartz Hill Elementary",93536
"13304",19,65102,6023584,6,2012,31,60.5490196078431,"Quartz Hill Elementary",93536
"13305",19,65102,6023584,6,2012,111,70.4696132596685,"Quartz Hill Elementary",93536
"13306",19,65102,6023592,2,2012,31,44,"Valley View Elementary",93536
"13307",19,65102,6023592,2,2012,111,62,"Valley View Elementary",93536
"13308",19,65102,6023592,3,2012,31,38,"Valley View Elementary",93536
"13309",19,65102,6023592,3,2012,111,65.0738255033557,"Valley View Elementary",93536
"13310",19,65102,6023592,4,2012,31,61.3960396039604,"Valley View Elementary",93536
"13311",19,65102,6023592,4,2012,111,68,"Valley View Elementary",93536
"13312",19,65102,6023592,5,2012,31,55.3453237410072,"Valley View Elementary",93536
"13313",19,65102,6023592,5,2012,111,69.9684210526316,"Valley View Elementary",93536
"13314",19,65102,6023592,6,2012,31,58.5862068965517,"Valley View Elementary",93536
"13315",19,65102,6023592,6,2012,111,77.5,"Valley View Elementary",93536
"13316",19,65102,6071690,7,2012,31,49.335593220339,"Joe Walker Middle",93536
"13317",19,65102,6071690,7,2012,111,73.2603036876356,"Joe Walker Middle",93536
"13318",19,65102,6071690,8,2012,31,48.6914893617021,"Joe Walker Middle",93536
"13319",19,65102,6071690,8,2012,111,67.5955176093917,"Joe Walker Middle",93536
"13320",19,65102,6108245,2,2012,31,50,"Rancho Vista Elementary",93551
"13321",19,65102,6108245,2,2012,111,68,"Rancho Vista Elementary",93551
"13322",19,65102,6108245,3,2012,31,50.84,"Rancho Vista Elementary",93551
"13323",19,65102,6108245,3,2012,111,53.5,"Rancho Vista Elementary",93551
"13324",19,65102,6108245,4,2012,31,72.5,"Rancho Vista Elementary",93551
"13325",19,65102,6108245,4,2012,111,85.5,"Rancho Vista Elementary",93551
"13326",19,65102,6108245,5,2012,31,61.5583333333333,"Rancho Vista Elementary",93551
"13327",19,65102,6108245,5,2012,111,75.3413654618474,"Rancho Vista Elementary",93551
"13328",19,65102,6108245,6,2012,31,67.9354838709677,"Rancho Vista Elementary",93551
"13329",19,65102,6108245,6,2012,111,79.5,"Rancho Vista Elementary",93551
"13330",19,65102,6109664,2,2012,31,57,"Cottonwood Elementary",93551
"13331",19,65102,6109664,2,2012,111,68,"Cottonwood Elementary",93551
"13332",19,65102,6109664,3,2012,31,52.3863636363636,"Cottonwood Elementary",93551
"13333",19,65102,6109664,3,2012,111,68.2465753424657,"Cottonwood Elementary",93551
"13334",19,65102,6109664,4,2012,31,70.0909090909091,"Cottonwood Elementary",93551
"13335",19,65102,6109664,4,2012,111,84.0722891566265,"Cottonwood Elementary",93551
"13336",19,65102,6109664,5,2012,31,57.6666666666667,"Cottonwood Elementary",93551
"13337",19,65102,6109664,5,2012,111,69.6620689655172,"Cottonwood Elementary",93551
"13338",19,65102,6109664,6,2012,31,55.1219512195122,"Cottonwood Elementary",93551
"13339",19,65102,6109664,6,2012,111,68.4352941176471,"Cottonwood Elementary",93551
"13340",19,65102,6110837,7,2012,31,57.7285714285714,"Hillview Middle",93551
"13341",19,65102,6110837,7,2012,111,67.6505263157895,"Hillview Middle",93551
"13342",19,65102,6110837,8,2012,31,61.998266897747,"Hillview Middle",93551
"13343",19,65102,6110837,8,2012,111,71.4738058551618,"Hillview Middle",93551
"13344",19,65102,6111520,2,2012,31,66,"Sundown Elementary",93536
"13345",19,65102,6111520,2,2012,111,80,"Sundown Elementary",93536
"13346",19,65102,6111520,3,2012,31,57,"Sundown Elementary",93536
"13347",19,65102,6111520,3,2012,111,70.0564971751412,"Sundown Elementary",93536
"13348",19,65102,6111520,4,2012,31,67,"Sundown Elementary",93536
"13349",19,65102,6111520,4,2012,111,80.5,"Sundown Elementary",93536
"13350",19,65102,6111520,5,2012,31,41,"Sundown Elementary",93536
"13351",19,65102,6111520,5,2012,111,61.6339622641509,"Sundown Elementary",93536
"13352",19,65102,6111520,6,2012,31,45.4615384615385,"Sundown Elementary",93536
"13353",19,65102,6111520,6,2012,111,59.5117370892019,"Sundown Elementary",93536
"13354",19,65110,6023667,2,2012,31,37.5,"Longfellow Elementary",90601
"13355",19,65110,6023667,2,2012,111,33,"Longfellow Elementary",90601
"13356",19,65110,6023667,3,2012,31,40.6137931034483,"Longfellow Elementary",90601
"13357",19,65110,6023667,3,2012,111,73,"Longfellow Elementary",90601
"13358",19,65110,6023667,4,2012,31,55.5104895104895,"Longfellow Elementary",90601
"13359",19,65110,6023667,4,2012,111,76,"Longfellow Elementary",90601
"13360",19,65110,6023667,5,2012,31,46.6679841897233,"Longfellow Elementary",90601
"13361",19,65110,6023667,5,2012,111,68.9859154929577,"Longfellow Elementary",90601
"13362",19,65110,6023691,2,2012,31,77.5,"Mill Elementary",90601
"13363",19,65110,6023691,2,2012,111,83.5,"Mill Elementary",90601
"13364",19,65110,6023691,3,2012,31,46.5,"Mill Elementary",90601
"13365",19,65110,6023691,3,2012,111,76,"Mill Elementary",90601
"13366",19,65110,6023691,4,2012,31,62.0493827160494,"Mill Elementary",90601
"13367",19,65110,6023691,4,2012,111,67,"Mill Elementary",90601
"13368",19,65110,6023691,5,2012,31,45.3333333333333,"Mill Elementary",90601
"13369",19,65110,6023691,5,2012,111,56.6666666666667,"Mill Elementary",90601
"13370",19,65110,6023717,2,2012,31,59,"Orange Grove Elementary",90601
"13371",19,65110,6023717,2,2012,111,79.5,"Orange Grove Elementary",90601
"13372",19,65110,6023717,3,2012,31,53,"Orange Grove Elementary",90601
"13373",19,65110,6023717,3,2012,111,55.8222222222222,"Orange Grove Elementary",90601
"13374",19,65110,6023717,4,2012,31,65.4,"Orange Grove Elementary",90601
"13375",19,65110,6023717,4,2012,111,89.5263157894737,"Orange Grove Elementary",90601
"13376",19,65110,6023717,5,2012,31,50.3333333333333,"Orange Grove Elementary",90601
"13377",19,65110,6023717,5,2012,111,71.3333333333333,"Orange Grove Elementary",90601
"13378",19,65110,6023733,2,2012,31,46,"West Whittier Elementary",90606
"13379",19,65110,6023733,3,2012,31,36.8918918918919,"West Whittier Elementary",90606
"13380",19,65110,6023733,4,2012,31,70.5,"West Whittier Elementary",90606
"13381",19,65110,6023733,5,2012,31,54.0837988826816,"West Whittier Elementary",90606
"13382",19,65128,1931302,9,2012,31,44.9981072555205,"California High",90604
"13383",19,65128,1931302,9,2012,111,60.9574468085106,"California High",90604
"13384",19,65128,1931302,10,2012,31,41.4852998823991,"California High",90604
"13385",19,65128,1931302,10,2012,111,59.8248106060606,"California High",90604
"13386",19,65128,1931302,11,2012,31,39.923335198657,"California High",90604
"13387",19,65128,1931302,11,2012,111,49.3785790031813,"California High",90604
"13388",19,65128,1934868,9,2012,31,47.1936813186813,"La Serna High",90605
"13389",19,65128,1934868,9,2012,111,69.6682134570766,"La Serna High",90605
"13390",19,65128,1934868,10,2012,31,55.0259067357513,"La Serna High",90605
"13391",19,65128,1934868,10,2012,111,64.9081183134047,"La Serna High",90605
"13392",19,65128,1934868,11,2012,31,46.4926470588235,"La Serna High",90605
"13393",19,65128,1934868,11,2012,111,55.9336384439359,"La Serna High",90605
"13394",19,65128,1936889,9,2012,31,35.1992840095465,"Pioneer High",90606
"13395",19,65128,1936889,9,2012,111,53.2666666666667,"Pioneer High",90606
"13396",19,65128,1936889,10,2012,31,35.4395280235988,"Pioneer High",90606
"13397",19,65128,1936889,10,2012,111,45.2865853658537,"Pioneer High",90606
"13398",19,65128,1936889,11,2012,31,31.1100217864924,"Pioneer High",90606
"13399",19,65128,1936889,11,2012,111,41.8839779005525,"Pioneer High",90606
"13400",19,65128,1937903,9,2012,31,52.0149965916837,"Santa Fe High",90670
"13401",19,65128,1937903,9,2012,111,61.3068181818182,"Santa Fe High",90670
"13402",19,65128,1937903,10,2012,31,47.3218480814409,"Santa Fe High",90670
"13403",19,65128,1937903,10,2012,111,59.2128935532234,"Santa Fe High",90670
"13404",19,65128,1937903,11,2012,31,48.3943661971831,"Santa Fe High",90670
"13405",19,65128,1937903,11,2012,111,55.9546191247974,"Santa Fe High",90670
"13406",19,65128,1939701,9,2012,31,41.4486055776892,"Whittier High",90601
"13407",19,65128,1939701,9,2012,111,55.3518987341772,"Whittier High",90601
"13408",19,65128,1939701,10,2012,31,39.2173913043478,"Whittier High",90601
"13409",19,65128,1939701,10,2012,111,53.3849154746424,"Whittier High",90601
"13410",19,65128,1939701,11,2012,31,41.7492083597213,"Whittier High",90601
"13411",19,65128,1939701,11,2012,111,47.7643564356436,"Whittier High",90601
"13412",19,65136,101022,7,2012,31,70.5714285714286,"Rio Norte Junior High",91354
"13413",19,65136,101022,7,2012,111,84.0570570570571,"Rio Norte Junior High",91354
"13414",19,65136,101022,8,2012,31,50.2743362831858,"Rio Norte Junior High",91354
"13415",19,65136,101022,8,2012,111,82.1013579049467,"Rio Norte Junior High",91354
"13416",19,65136,102459,9,2012,31,34.1834239130435,"Golden Valley High",91321
"13417",19,65136,102459,9,2012,111,54.2769230769231,"Golden Valley High",91321
"13418",19,65136,102459,10,2012,31,33.518,"Golden Valley High",91321
"13419",19,65136,102459,10,2012,111,55.4948849104859,"Golden Valley High",91321
"13420",19,65136,102459,11,2012,31,36.4728260869565,"Golden Valley High",91321
"13421",19,65136,102459,11,2012,111,52.402489626556,"Golden Valley High",91321
"13422",19,65136,102467,7,2012,31,62.463768115942,"Rancho Pico Junior High",91381
"13423",19,65136,102467,7,2012,111,89.2988372093023,"Rancho Pico Junior High",91381
"13424",19,65136,102467,8,2012,31,50.0647058823529,"Rancho Pico Junior High",91381
"13425",19,65136,102467,8,2012,111,79.9927616926503,"Rancho Pico Junior High",91381
"13426",19,65136,102475,9,2012,31,42.6740331491713,"West Ranch High",91381
"13427",19,65136,102475,9,2012,111,67.6872985170858,"West Ranch High",91381
"13428",19,65136,102475,10,2012,31,45.3636363636364,"West Ranch High",91381
"13429",19,65136,102475,10,2012,111,64.0590855106888,"West Ranch High",91381
"13430",19,65136,102475,11,2012,31,40.3914590747331,"West Ranch High",91381
"13431",19,65136,102475,11,2012,111,66.3621858795373,"West Ranch High",91381
"13432",19,65136,1931492,9,2012,31,32.9555035128806,"Canyon High",91351
"13433",19,65136,1931492,9,2012,111,61.0383111806099,"Canyon High",91351
"13434",19,65136,1931492,10,2012,31,35.2129032258064,"Canyon High",91351
"13435",19,65136,1931492,10,2012,111,53.4350328947368,"Canyon High",91351
"13436",19,65136,1931492,11,2012,31,29.9653284671533,"Canyon High",91351
"13437",19,65136,1931492,11,2012,111,54.4934601664685,"Canyon High",91351
"13438",19,65136,1931740,9,2012,31,36.0067796610169,"Saugus High",91350
"13439",19,65136,1931740,9,2012,111,62.3546325878594,"Saugus High",91350
"13440",19,65136,1931740,10,2012,31,39.9346846846847,"Saugus High",91350
"13441",19,65136,1931740,10,2012,111,54.5477651183173,"Saugus High",91350
"13442",19,65136,1931740,11,2012,31,47.2489451476793,"Saugus High",91350
"13443",19,65136,1931740,11,2012,111,56.7050209205021,"Saugus High",91350
"13444",19,65136,1995802,9,2012,31,38.8826291079812,"Valencia High",91355
"13445",19,65136,1995802,9,2012,111,66.8474877723433,"Valencia High",91355
"13446",19,65136,1995802,10,2012,31,32.97,"Valencia High",91355
"13447",19,65136,1995802,10,2012,111,64.846699787083,"Valencia High",91355
"13448",19,65136,1995802,11,2012,31,35.3728813559322,"Valencia High",91355
"13449",19,65136,1995802,11,2012,111,63.5343376163048,"Valencia High",91355
"13450",19,65136,1996321,9,2012,31,100,"Academy of the Canyons",91355
"13451",19,65136,1996321,9,2012,111,93.180790960452,"Academy of the Canyons",91355
"13452",19,65136,1996321,10,2012,31,75,"Academy of the Canyons",91355
"13453",19,65136,1996321,10,2012,111,77.9100529100529,"Academy of the Canyons",91355
"13454",19,65136,1996321,11,2012,111,82.8940886699507,"Academy of the Canyons",91355
"13455",19,65136,6058564,7,2012,31,52.0253164556962,"Arroyo Seco Junior High",91354
"13456",19,65136,6058564,7,2012,111,71.7793560606061,"Arroyo Seco Junior High",91354
"13457",19,65136,6058564,8,2012,31,53.1747572815534,"Arroyo Seco Junior High",91354
"13458",19,65136,6058564,8,2012,111,73.1639185257032,"Arroyo Seco Junior High",91354
"13459",19,65136,6058572,7,2012,31,59.984520123839,"Placerita Junior High",91321
"13460",19,65136,6058572,7,2012,111,83.4195583596214,"Placerita Junior High",91321
"13461",19,65136,6058572,8,2012,31,60.9822006472492,"Placerita Junior High",91321
"13462",19,65136,6058572,8,2012,111,83.9165545087483,"Placerita Junior High",91321
"13463",19,65136,6058580,7,2012,31,46.0634920634921,"Sierra Vista Junior High",91351
"13464",19,65136,6058580,7,2012,111,71.9274447949527,"Sierra Vista Junior High",91351
"13465",19,65136,6058580,8,2012,31,61.0332225913621,"Sierra Vista Junior High",91351
"13466",19,65136,6058580,8,2012,111,77.9993682880607,"Sierra Vista Junior High",91351
"13467",19,65151,6106561,5,2012,31,65.4758620689655,"Challenger Middle",93535
"13468",19,65151,6106561,6,2012,31,38.9909090909091,"Challenger Middle",93535
"13469",19,65151,6106561,7,2012,31,46,"Challenger Middle",93535
"13470",19,65151,6106561,8,2012,31,43.4098939929329,"Challenger Middle",93535
"13471",19,65151,6106785,2,2012,31,32,"Vista San Gabriel Elementary",93591
"13472",19,65151,6106785,3,2012,31,60,"Vista San Gabriel Elementary",93591
"13473",19,65151,6106785,4,2012,31,54.4895104895105,"Vista San Gabriel Elementary",93591
"13474",19,73437,1931567,9,2012,31,10.4475138121547,"Centennial High",90222
"13475",19,73437,1931567,9,2012,111,12.1463414634146,"Centennial High",90222
"13476",19,73437,1931567,10,2012,31,10.7596153846154,"Centennial High",90222
"13477",19,73437,1931567,10,2012,111,13.8802816901408,"Centennial High",90222
"13478",19,73437,1931567,11,2012,31,10.3184796854522,"Centennial High",90222
"13479",19,73437,1931567,11,2012,111,10.4085365853659,"Centennial High",90222
"13480",19,73437,1932326,9,2012,31,18.1261146496815,"Dominguez High",90221
"13481",19,73437,1932326,9,2012,111,24.5,"Dominguez High",90221
"13482",19,73437,1932326,10,2012,31,16.113670694864,"Dominguez High",90221
"13483",19,73437,1932326,10,2012,111,19.7011494252874,"Dominguez High",90221
"13484",19,73437,1932326,11,2012,31,12.7818599311137,"Dominguez High",90221
"13485",19,73437,1932326,11,2012,111,8.65482233502538,"Dominguez High",90221
"13486",19,73437,6012231,2,2012,31,68.4666666666667,"Bursch Elementary",90220
"13487",19,73437,6012231,3,2012,31,70.5,"Bursch Elementary",90220
"13488",19,73437,6012231,4,2012,31,71.58125,"Bursch Elementary",90220
"13489",19,73437,6012231,5,2012,31,54.1538461538462,"Bursch Elementary",90220
"13490",19,73437,6012256,3,2012,31,52.5,"Dickison Elementary",90220
"13491",19,73437,6012256,4,2012,31,57.9756097560976,"Dickison Elementary",90220
"13492",19,73437,6012256,5,2012,31,54.7594594594595,"Dickison Elementary",90220
"13493",19,73437,6012272,2,2012,31,55.5,"Emerson Elementary",90221
"13494",19,73437,6012272,3,2012,31,53,"Emerson Elementary",90221
"13495",19,73437,6012272,4,2012,31,63.5502958579882,"Emerson Elementary",90221
"13496",19,73437,6012272,5,2012,31,37.6925925925926,"Emerson Elementary",90221
"13497",19,73437,6012280,2,2012,31,59,"Foster Elementary",90221
"13498",19,73437,6012280,3,2012,31,46.5714285714286,"Foster Elementary",90221
"13499",19,73437,6012280,4,2012,31,59.5,"Foster Elementary",90221
"13500",19,73437,6012280,4,2012,111,45.5,"Foster Elementary",90221
"13501",19,73437,6012280,5,2012,31,55.0299727520436,"Foster Elementary",90221
"13502",19,73437,6012298,2,2012,31,62,"Jefferson Elementary",90222
"13503",19,73437,6012298,3,2012,31,54.5,"Jefferson Elementary",90222
"13504",19,73437,6012298,4,2012,31,70,"Jefferson Elementary",90222
"13505",19,73437,6012298,5,2012,31,73,"Jefferson Elementary",90222
"13506",19,73437,6012306,2,2012,31,52,"Kelly Elementary",90221
"13507",19,73437,6012306,2,2012,111,77.5,"Kelly Elementary",90221
"13508",19,73437,6012306,3,2012,31,28.5369649805447,"Kelly Elementary",90221
"13509",19,73437,6012306,4,2012,31,50.5256916996047,"Kelly Elementary",90221
"13510",19,73437,6012306,5,2012,31,56.6192893401015,"Kelly Elementary",90221
"13511",19,73437,6012322,2,2012,31,81,"Laurel Street Elementary",90220
"13512",19,73437,6012322,3,2012,31,89,"Laurel Street Elementary",90220
"13513",19,73437,6012322,4,2012,31,81,"Laurel Street Elementary",90220
"13514",19,73437,6012322,5,2012,31,78.6666666666667,"Laurel Street Elementary",90220
"13515",19,73437,6012348,2,2012,31,38,"Longfellow Elementary",90220
"13516",19,73437,6012348,3,2012,31,43,"Longfellow Elementary",90220
"13517",19,73437,6012348,4,2012,31,57.4726368159204,"Longfellow Elementary",90220
"13518",19,73437,6012348,5,2012,31,53.3853658536585,"Longfellow Elementary",90220
"13519",19,73437,6012355,2,2012,31,51.5,"Mayo Elementary",90221
"13520",19,73437,6012355,2,2012,111,45.5,"Mayo Elementary",90221
"13521",19,73437,6012355,3,2012,31,41.5,"Mayo Elementary",90221
"13522",19,73437,6012355,4,2012,31,53.5,"Mayo Elementary",90221
"13523",19,73437,6012355,5,2012,31,40.3067729083665,"Mayo Elementary",90221
"13524",19,73437,6012389,2,2012,31,43,"Roosevelt Elementary",90221
"13525",19,73437,6012389,3,2012,31,38.5,"Roosevelt Elementary",90221
"13526",19,73437,6012389,4,2012,31,54,"Roosevelt Elementary",90221
"13527",19,73437,6012389,5,2012,31,34.0284974093264,"Roosevelt Elementary",90221
"13528",19,73437,6012397,2,2012,31,55.5,"Rosecrans Elementary",90227
"13529",19,73437,6012397,3,2012,31,43,"Rosecrans Elementary",90227
"13530",19,73437,6012397,4,2012,31,55,"Rosecrans Elementary",90227
"13531",19,73437,6012397,5,2012,31,31.3050847457627,"Rosecrans Elementary",90227
"13532",19,73437,6012405,2,2012,31,70.5,"Tibby Elementary",90220
"13533",19,73437,6012405,3,2012,31,82.5,"Tibby Elementary",90220
"13534",19,73437,6012405,4,2012,31,40.9753086419753,"Tibby Elementary",90220
"13535",19,73437,6012405,5,2012,31,51.6666666666667,"Tibby Elementary",90220
"13536",19,73437,6012413,2,2012,31,60,"Washington Elementary",90222
"13537",19,73437,6012413,3,2012,31,52.9090909090909,"Washington Elementary",90222
"13538",19,73437,6012413,4,2012,31,67.0518518518519,"Washington Elementary",90222
"13539",19,73437,6012413,5,2012,31,54.3333333333333,"Washington Elementary",90222
"13540",19,73437,6013478,2,2012,31,45.5,"McKinley Elementary",90220
"13541",19,73437,6013478,2,2012,111,36.5,"McKinley Elementary",90220
"13542",19,73437,6013478,3,2012,31,39.5,"McKinley Elementary",90220
"13543",19,73437,6013478,4,2012,31,62.5,"McKinley Elementary",90220
"13544",19,73437,6013478,5,2012,31,41.6666666666667,"McKinley Elementary",90220
"13545",19,73437,6023741,2,2012,31,75,"Anderson Elementary",90222
"13546",19,73437,6023741,3,2012,31,56.6394557823129,"Anderson Elementary",90222
"13547",19,73437,6023741,4,2012,31,62.5,"Anderson Elementary",90222
"13548",19,73437,6023741,5,2012,31,64.6666666666667,"Anderson Elementary",90222
"13549",19,73437,6023758,2,2012,31,55.5,"Carver Elementary",90059
"13550",19,73437,6023758,3,2012,31,55.5,"Carver Elementary",90059
"13551",19,73437,6023758,4,2012,31,62,"Carver Elementary",90059
"13552",19,73437,6023758,5,2012,31,53.3333333333333,"Carver Elementary",90059
"13553",19,73437,6057558,6,2012,31,26,"Bunche Middle",90220
"13554",19,73437,6057558,6,2012,111,38,"Bunche Middle",90220
"13555",19,73437,6057558,7,2012,31,32.5,"Bunche Middle",90220
"13556",19,73437,6057558,8,2012,31,33.3468137254902,"Bunche Middle",90220
"13557",19,73437,6057558,8,2012,111,14.04,"Bunche Middle",90220
"13558",19,73437,6057566,6,2012,31,34,"Enterprise Middle",90220
"13559",19,73437,6057566,6,2012,111,31.5,"Enterprise Middle",90220
"13560",19,73437,6057566,7,2012,31,40,"Enterprise Middle",90220
"13561",19,73437,6057566,7,2012,111,26.5,"Enterprise Middle",90220
"13562",19,73437,6057566,8,2012,31,33.9879518072289,"Enterprise Middle",90220
"13563",19,73437,6057566,8,2012,111,26,"Enterprise Middle",90220
"13564",19,73437,6057582,6,2012,31,25.9580838323353,"Whaley Middle",90221
"13565",19,73437,6057582,6,2012,111,40.1142857142857,"Whaley Middle",90221
"13566",19,73437,6057582,7,2012,31,26.5,"Whaley Middle",90221
"13567",19,73437,6057582,7,2012,111,33.5,"Whaley Middle",90221
"13568",19,73437,6057582,8,2012,31,31.3310069790628,"Whaley Middle",90221
"13569",19,73437,6057582,8,2012,111,25.3373493975904,"Whaley Middle",90221
"13570",19,73437,6057590,6,2012,31,29.5195729537367,"Willowbrook Middle",90222
"13571",19,73437,6057590,6,2012,111,20,"Willowbrook Middle",90222
"13572",19,73437,6057590,7,2012,31,37.4700854700855,"Willowbrook Middle",90222
"13573",19,73437,6057590,7,2012,111,47,"Willowbrook Middle",90222
"13574",19,73437,6057590,8,2012,31,25.6244343891403,"Willowbrook Middle",90222
"13575",19,73437,6057590,8,2012,111,26.025974025974,"Willowbrook Middle",90222
"13576",19,73437,6061261,6,2012,31,36.5076687116564,"Roosevelt Middle",90221
"13577",19,73437,6061261,6,2012,111,28,"Roosevelt Middle",90221
"13578",19,73437,6061261,7,2012,31,41,"Roosevelt Middle",90221
"13579",19,73437,6061261,7,2012,111,60.5,"Roosevelt Middle",90221
"13580",19,73437,6061261,8,2012,31,42.960130187144,"Roosevelt Middle",90221
"13581",19,73437,6061261,8,2012,111,45.0825688073394,"Roosevelt Middle",90221
"13582",19,73437,6061279,6,2012,31,28,"Walton Middle",90220
"13583",19,73437,6061279,6,2012,111,15.5,"Walton Middle",90220
"13584",19,73437,6061279,7,2012,31,20.0816326530612,"Walton Middle",90220
"13585",19,73437,6061279,8,2012,31,29.0453020134228,"Walton Middle",90220
"13586",19,73437,6061279,8,2012,111,24.4339622641509,"Walton Middle",90220
"13587",19,73437,6066732,6,2012,31,25.504,"Davis Middle",90220
"13588",19,73437,6066732,6,2012,111,27.2068965517241,"Davis Middle",90220
"13589",19,73437,6066732,7,2012,31,31.5038167938931,"Davis Middle",90220
"13590",19,73437,6066732,7,2012,111,26.5,"Davis Middle",90220
"13591",19,73437,6066732,8,2012,31,28.0377632534495,"Davis Middle",90220
"13592",19,73437,6066732,8,2012,111,16.0860215053763,"Davis Middle",90220
"13593",19,73445,1934801,9,2012,31,29.207258834766,"La Puente High",91744
"13594",19,73445,1934801,9,2012,111,28.179347826087,"La Puente High",91744
"13595",19,73445,1934801,10,2012,31,33.4474299065421,"La Puente High",91744
"13596",19,73445,1934801,10,2012,111,31.9367588932806,"La Puente High",91744
"13597",19,73445,1934801,11,2012,31,31.9560723514212,"La Puente High",91744
"13598",19,73445,1934801,11,2012,111,37.9398148148148,"La Puente High",91744
"13599",19,73445,1935246,9,2012,31,47.5320829220138,"Los Altos High",91745
"13600",19,73445,1935246,9,2012,111,64.2495667244367,"Los Altos High",91745
"13601",19,73445,1935246,10,2012,31,39.7288378766141,"Los Altos High",91745
"13602",19,73445,1935246,10,2012,111,52.3505882352941,"Los Altos High",91745
"13603",19,73445,1935246,11,2012,31,36.7639198218263,"Los Altos High",91745
"13604",19,73445,1935246,11,2012,111,49.7928759894459,"Los Altos High",91745
"13605",19,73445,1939834,9,2012,31,48.1676923076923,"Glen A. Wilson High",91745
"13606",19,73445,1939834,9,2012,111,72.7076205287714,"Glen A. Wilson High",91745
"13607",19,73445,1939834,10,2012,31,50.9642126789366,"Glen A. Wilson High",91745
"13608",19,73445,1939834,10,2012,111,63.4935064935065,"Glen A. Wilson High",91745
"13609",19,73445,1939834,11,2012,31,43.695652173913,"Glen A. Wilson High",91745
"13610",19,73445,1939834,11,2012,111,64.1609195402299,"Glen A. Wilson High",91745
"13611",19,73445,6014112,2,2012,31,64,"Baldwin Academy",91744
"13612",19,73445,6014112,2,2012,111,75,"Baldwin Academy",91744
"13613",19,73445,6014112,3,2012,31,69.5,"Baldwin Academy",91744
"13614",19,73445,6014112,4,2012,31,71.4879518072289,"Baldwin Academy",91744
"13615",19,73445,6014112,4,2012,111,91,"Baldwin Academy",91744
"13616",19,73445,6014112,5,2012,31,77.3333333333333,"Baldwin Academy",91744
"13617",19,73445,6014112,5,2012,111,91,"Baldwin Academy",91744
"13618",19,73445,6014112,6,2012,31,62.549504950495,"Baldwin Academy",91744
"13619",19,73445,6014112,6,2012,111,71,"Baldwin Academy",91744
"13620",19,73445,6014120,2,2012,31,34,"Bixby Elementary",91745
"13621",19,73445,6014120,3,2012,31,42.5,"Bixby Elementary",91745
"13622",19,73445,6014120,3,2012,111,55,"Bixby Elementary",91745
"13623",19,73445,6014120,4,2012,31,62,"Bixby Elementary",91745
"13624",19,73445,6014120,4,2012,111,75,"Bixby Elementary",91745
"13625",19,73445,6014120,5,2012,31,65.9833333333333,"Bixby Elementary",91745
"13626",19,73445,6014138,2,2012,31,73,"California Elementary",91744
"13627",19,73445,6014138,3,2012,31,52.1472868217054,"California Elementary",91744
"13628",19,73445,6014138,4,2012,31,49.0117647058824,"California Elementary",91744
"13629",19,73445,6014138,5,2012,31,46.7372881355932,"California Elementary",91744
"13630",19,73445,6014138,6,2012,31,72,"California Elementary",91744
"13631",19,73445,6014153,2,2012,31,36,"Del Valle Elementary",91744
"13632",19,73445,6014153,3,2012,31,52.8629032258064,"Del Valle Elementary",91744
"13633",19,73445,6014153,4,2012,31,62.6083333333333,"Del Valle Elementary",91744
"13634",19,73445,6014153,5,2012,31,50.9245283018868,"Del Valle Elementary",91744
"13635",19,73445,6014179,2,2012,31,75,"Fairgrove Academy",91744
"13636",19,73445,6014179,2,2012,111,88.5,"Fairgrove Academy",91744
"13637",19,73445,6014179,3,2012,31,78.0828402366864,"Fairgrove Academy",91744
"13638",19,73445,6014179,3,2012,111,91,"Fairgrove Academy",91744
"13639",19,73445,6014179,4,2012,31,69.4967741935484,"Fairgrove Academy",91744
"13640",19,73445,6014179,4,2012,111,83.5,"Fairgrove Academy",91744
"13641",19,73445,6014179,5,2012,31,80.9873417721519,"Fairgrove Academy",91744
"13642",19,73445,6014179,5,2012,111,90,"Fairgrove Academy",91744
"13643",19,73445,6014179,6,2012,31,59.9874213836478,"Fairgrove Academy",91744
"13644",19,73445,6014179,6,2012,111,62.906976744186,"Fairgrove Academy",91744
"13645",19,73445,6014179,7,2012,31,62,"Fairgrove Academy",91744
"13646",19,73445,6014179,7,2012,111,61.3589743589744,"Fairgrove Academy",91744
"13647",19,73445,6014179,8,2012,31,59.0229885057471,"Fairgrove Academy",91744
"13648",19,73445,6014179,8,2012,111,77.5283018867924,"Fairgrove Academy",91744
"13649",19,73445,6014203,2,2012,31,68.5,"Grazide Elementary",91745
"13650",19,73445,6014203,2,2012,111,96,"Grazide Elementary",91745
"13651",19,73445,6014203,3,2012,31,65.5,"Grazide Elementary",91745
"13652",19,73445,6014203,3,2012,111,81.043795620438,"Grazide Elementary",91745
"13653",19,73445,6014203,4,2012,31,68.5079365079365,"Grazide Elementary",91745
"13654",19,73445,6014203,4,2012,111,92,"Grazide Elementary",91745
"13655",19,73445,6014203,5,2012,31,88.0588235294118,"Grazide Elementary",91745
"13656",19,73445,6014203,5,2012,111,96.6666666666667,"Grazide Elementary",91745
"13657",19,73445,6014237,2,2012,31,60,"Kwis Elementary",91745
"13658",19,73445,6014237,2,2012,111,69,"Kwis Elementary",91745
"13659",19,73445,6014237,3,2012,31,40,"Kwis Elementary",91745
"13660",19,73445,6014237,3,2012,111,79,"Kwis Elementary",91745
"13661",19,73445,6014237,4,2012,31,65.5,"Kwis Elementary",91745
"13662",19,73445,6014237,5,2012,31,73.6470588235294,"Kwis Elementary",91745
"13663",19,73445,6014260,2,2012,31,81,"Los Altos Elementary",91745
"13664",19,73445,6014260,2,2012,111,95.5,"Los Altos Elementary",91745
"13665",19,73445,6014260,3,2012,31,80.5,"Los Altos Elementary",91745
"13666",19,73445,6014260,3,2012,111,90.5471698113208,"Los Altos Elementary",91745
"13667",19,73445,6014260,4,2012,31,80.0363636363636,"Los Altos Elementary",91745
"13668",19,73445,6014260,4,2012,111,94.5,"Los Altos Elementary",91745
"13669",19,73445,6014260,5,2012,31,80,"Los Altos Elementary",91745
"13670",19,73445,6014260,5,2012,111,81.6666666666667,"Los Altos Elementary",91745
"13671",19,73445,6014278,2,2012,31,75,"Los Molinos Elementary",91745
"13672",19,73445,6014278,2,2012,111,87.5,"Los Molinos Elementary",91745
"13673",19,73445,6014278,3,2012,31,62.5,"Los Molinos Elementary",91745
"13674",19,73445,6014278,3,2012,111,74.5,"Los Molinos Elementary",91745
"13675",19,73445,6014278,4,2012,31,96.9032258064516,"Los Molinos Elementary",91745
"13676",19,73445,6014278,4,2012,111,88.5,"Los Molinos Elementary",91745
"13677",19,73445,6014278,5,2012,31,83.3333333333333,"Los Molinos Elementary",91745
"13678",19,73445,6014278,5,2012,111,88.7590361445783,"Los Molinos Elementary",91745
"13679",19,73445,6014286,2,2012,31,64.5,"Los Robles Academy",91745
"13680",19,73445,6014286,2,2012,111,85,"Los Robles Academy",91745
"13681",19,73445,6014286,3,2012,31,54.1666666666667,"Los Robles Academy",91745
"13682",19,73445,6014286,3,2012,111,60,"Los Robles Academy",91745
"13683",19,73445,6014286,4,2012,31,73,"Los Robles Academy",91745
"13684",19,73445,6014286,4,2012,111,86.5,"Los Robles Academy",91745
"13685",19,73445,6014286,5,2012,31,68.0625,"Los Robles Academy",91745
"13686",19,73445,6014286,5,2012,111,75.6666666666667,"Los Robles Academy",91745
"13687",19,73445,6014294,2,2012,31,69,"Mesa Robles",91745
"13688",19,73445,6014294,2,2012,111,89,"Mesa Robles",91745
"13689",19,73445,6014294,3,2012,31,71.5,"Mesa Robles",91745
"13690",19,73445,6014294,3,2012,111,79,"Mesa Robles",91745
"13691",19,73445,6014294,4,2012,31,72.5,"Mesa Robles",91745
"13692",19,73445,6014294,4,2012,111,88,"Mesa Robles",91745
"13693",19,73445,6014294,5,2012,31,73,"Mesa Robles",91745
"13694",19,73445,6014294,5,2012,111,90.6666666666667,"Mesa Robles",91745
"13695",19,73445,6014294,6,2012,31,70.5093167701863,"Mesa Robles",91745
"13696",19,73445,6014294,6,2012,111,84,"Mesa Robles",91745
"13697",19,73445,6014294,7,2012,31,80.2628205128205,"Mesa Robles",91745
"13698",19,73445,6014294,7,2012,111,90.9416342412451,"Mesa Robles",91745
"13699",19,73445,6014294,8,2012,31,69.360103626943,"Mesa Robles",91745
"13700",19,73445,6014294,8,2012,111,88.7670753064799,"Mesa Robles",91745
"13701",19,73445,6014302,2,2012,31,67,"Nelson Elementary",91744
"13702",19,73445,6014302,3,2012,31,44.3603603603604,"Nelson Elementary",91744
"13703",19,73445,6014302,4,2012,31,53.0659340659341,"Nelson Elementary",91744
"13704",19,73445,6014302,5,2012,31,56.3192771084337,"Nelson Elementary",91744
"13705",19,73445,6014302,6,2012,31,47.5263157894737,"Nelson Elementary",91744
"13706",19,73445,6014310,6,2012,31,63,"Newton Middle",91745
"13707",19,73445,6014310,6,2012,111,75.514450867052,"Newton Middle",91745
"13708",19,73445,6014310,7,2012,31,65.5215053763441,"Newton Middle",91745
"13709",19,73445,6014310,7,2012,111,69.4864864864865,"Newton Middle",91745
"13710",19,73445,6014310,8,2012,31,77.5647058823529,"Newton Middle",91745
"13711",19,73445,6014310,8,2012,111,78.9057971014493,"Newton Middle",91745
"13712",19,73445,6014328,6,2012,31,50.9635627530364,"Orange Grove Middle",91745
"13713",19,73445,6014328,6,2012,111,61.2916666666667,"Orange Grove Middle",91745
"13714",19,73445,6014328,7,2012,31,54.4895104895105,"Orange Grove Middle",91745
"13715",19,73445,6014328,7,2012,111,78.974358974359,"Orange Grove Middle",91745
"13716",19,73445,6014328,8,2012,31,53.103690685413,"Orange Grove Middle",91745
"13717",19,73445,6014328,8,2012,111,66.6979472140763,"Orange Grove Middle",91745
"13718",19,73445,6014336,2,2012,31,66,"Palm Elementary",91745
"13719",19,73445,6014336,2,2012,111,62.5,"Palm Elementary",91745
"13720",19,73445,6014336,3,2012,31,51.9230769230769,"Palm Elementary",91745
"13721",19,73445,6014336,4,2012,31,68.5353535353535,"Palm Elementary",91745
"13722",19,73445,6014336,5,2012,31,55.3333333333333,"Palm Elementary",91745
"13723",19,73445,6014351,7,2012,31,62,"Sierra Vista Middle",91744
"13724",19,73445,6014351,7,2012,111,64,"Sierra Vista Middle",91744
"13725",19,73445,6014351,8,2012,31,45.9148606811146,"Sierra Vista Middle",91744
"13726",19,73445,6014351,8,2012,111,45.75,"Sierra Vista Middle",91744
"13727",19,73445,6014369,2,2012,31,82.5,"Sparks Elementary",91744
"13728",19,73445,6014369,3,2012,31,59.5,"Sparks Elementary",91744
"13729",19,73445,6014369,4,2012,31,73.0796460176991,"Sparks Elementary",91744
"13730",19,73445,6014369,5,2012,31,68.3333333333333,"Sparks Elementary",91744
"13731",19,73445,6014369,6,2012,31,62,"Sparks Elementary",91744
"13732",19,73445,6014377,7,2012,31,64.688679245283,"Sparks Middle",91744
"13733",19,73445,6014377,7,2012,111,54,"Sparks Middle",91744
"13734",19,73445,6014377,8,2012,31,67.5734806629834,"Sparks Middle",91744
"13735",19,73445,6014377,8,2012,111,65.75,"Sparks Middle",91744
"13736",19,73445,6014385,2,2012,31,76,"Sunset Elementary",91744
"13737",19,73445,6014385,3,2012,31,85.5,"Sunset Elementary",91744
"13738",19,73445,6014385,4,2012,31,58,"Sunset Elementary",91744
"13739",19,73445,6014385,5,2012,31,60.3333333333333,"Sunset Elementary",91744
"13740",19,73445,6014385,6,2012,31,53.5,"Sunset Elementary",91744
"13741",19,73445,6014393,2,2012,31,47.5,"Temple Academy",91744
"13742",19,73445,6014393,3,2012,31,51.5,"Temple Academy",91744
"13743",19,73445,6014393,4,2012,31,89,"Temple Academy",91744
"13744",19,73445,6014393,5,2012,31,57,"Temple Academy",91744
"13745",19,73445,6014393,6,2012,31,61.5,"Temple Academy",91744
"13746",19,73445,6014419,2,2012,31,50,"Workman Elementary",91744
"13747",19,73445,6014419,3,2012,31,48.99,"Workman Elementary",91744
"13748",19,73445,6014419,4,2012,31,72.6274509803922,"Workman Elementary",91744
"13749",19,73445,6014419,5,2012,31,55,"Workman Elementary",91744
"13750",19,73445,6014419,6,2012,31,66.0708661417323,"Workman Elementary",91744
"13751",19,73445,6022396,2,2012,31,54,"Wing Lane Elementary",91744
"13752",19,73445,6022396,3,2012,31,39.6923076923077,"Wing Lane Elementary",91744
"13753",19,73445,6022396,4,2012,31,70.6315789473684,"Wing Lane Elementary",91744
"13754",19,73445,6022396,5,2012,31,57.3021582733813,"Wing Lane Elementary",91744
"13755",19,73445,6066757,2,2012,31,71,"Wedgeworth Elementary",91745
"13756",19,73445,6066757,2,2012,111,96.5,"Wedgeworth Elementary",91745
"13757",19,73445,6066757,3,2012,31,84,"Wedgeworth Elementary",91745
"13758",19,73445,6066757,3,2012,111,100,"Wedgeworth Elementary",91745
"13759",19,73445,6066757,4,2012,31,86,"Wedgeworth Elementary",91745
"13760",19,73445,6066757,4,2012,111,90.5,"Wedgeworth Elementary",91745
"13761",19,73445,6066757,5,2012,31,95.3333333333333,"Wedgeworth Elementary",91745
"13762",19,73445,6066757,5,2012,111,100,"Wedgeworth Elementary",91745
"13763",19,73445,6068811,3,2012,31,49,"Valinda School of Academics",91744
"13764",19,73445,6068811,4,2012,31,62,"Valinda School of Academics",91744
"13765",19,73445,6068811,4,2012,111,77,"Valinda School of Academics",91744
"13766",19,73445,6068811,5,2012,31,65,"Valinda School of Academics",91744
"13767",19,73445,6068811,5,2012,111,73,"Valinda School of Academics",91744
"13768",19,73445,6068811,6,2012,31,43.3739130434783,"Valinda School of Academics",91744
"13769",19,73445,6068811,7,2012,31,60,"Valinda School of Academics",91744
"13770",19,73445,6068811,8,2012,31,56.8818181818182,"Valinda School of Academics",91744
"13771",19,73452,1936228,9,2012,31,35.5321821036107,"Nogales High",91744
"13772",19,73452,1936228,9,2012,111,47.5419847328244,"Nogales High",91744
"13773",19,73452,1936228,10,2012,31,24.3415276558385,"Nogales High",91744
"13774",19,73452,1936228,10,2012,111,41.189898989899,"Nogales High",91744
"13775",19,73452,1936228,11,2012,31,28.5607416879795,"Nogales High",91744
"13776",19,73452,1936228,11,2012,111,41.5414937759336,"Nogales High",91744
"13777",19,73452,6022214,7,2012,31,59.6611570247934,"Alvarado Intermediate",91748
"13778",19,73452,6022214,7,2012,111,82.5386740331492,"Alvarado Intermediate",91748
"13779",19,73452,6022214,8,2012,31,64.4441391941392,"Alvarado Intermediate",91748
"13780",19,73452,6022214,8,2012,111,86.2492307692308,"Alvarado Intermediate",91748
"13781",19,73452,6022222,2,2012,31,75,"Blandford Elementary",91748
"13782",19,73452,6022222,2,2012,111,88.5,"Blandford Elementary",91748
"13783",19,73452,6022222,3,2012,31,68,"Blandford Elementary",91748
"13784",19,73452,6022222,3,2012,111,73.5,"Blandford Elementary",91748
"13785",19,73452,6022222,4,2012,31,80.0333333333333,"Blandford Elementary",91748
"13786",19,73452,6022222,4,2012,111,92.0300751879699,"Blandford Elementary",91748
"13787",19,73452,6022222,5,2012,31,76,"Blandford Elementary",91748
"13788",19,73452,6022222,5,2012,111,90.6666666666667,"Blandford Elementary",91748
"13789",19,73452,6022222,6,2012,31,75,"Blandford Elementary",91748
"13790",19,73452,6022222,6,2012,111,84.9856115107914,"Blandford Elementary",91748
"13791",19,73452,6022248,7,2012,31,37.7688356164384,"Giano Intermediate",91792
"13792",19,73452,6022248,7,2012,111,59.1333333333333,"Giano Intermediate",91792
"13793",19,73452,6022248,8,2012,31,47.3170144462279,"Giano Intermediate",91792
"13794",19,73452,6022248,8,2012,111,60.8761904761905,"Giano Intermediate",91792
"13795",19,73452,6022271,2,2012,31,41.5,"Hollingworth Elementary",91792
"13796",19,73452,6022271,2,2012,111,65,"Hollingworth Elementary",91792
"13797",19,73452,6022271,3,2012,31,35.5,"Hollingworth Elementary",91792
"13798",19,73452,6022271,3,2012,111,63,"Hollingworth Elementary",91792
"13799",19,73452,6022271,4,2012,31,58.963963963964,"Hollingworth Elementary",91792
"13800",19,73452,6022271,4,2012,111,69.5,"Hollingworth Elementary",91792
"13801",19,73452,6022271,5,2012,31,49.3333333333333,"Hollingworth Elementary",91792
"13802",19,73452,6022271,5,2012,111,70.6666666666667,"Hollingworth Elementary",91792
"13803",19,73452,6022271,6,2012,31,58,"Hollingworth Elementary",91792
"13804",19,73452,6022271,6,2012,111,66.5,"Hollingworth Elementary",91792
"13805",19,73452,6022289,2,2012,31,34.5,"Hurley Elementary",91744
"13806",19,73452,6022289,3,2012,31,31.6989247311828,"Hurley Elementary",91744
"13807",19,73452,6022289,4,2012,31,51.4437086092715,"Hurley Elementary",91744
"13808",19,73452,6022289,5,2012,31,54.6666666666667,"Hurley Elementary",91744
"13809",19,73452,6022289,6,2012,31,55,"Hurley Elementary",91744
"13810",19,73452,6022297,2,2012,31,52,"Jellick Elementary",91748
"13811",19,73452,6022297,3,2012,31,42.5,"Jellick Elementary",91748
"13812",19,73452,6022297,3,2012,111,72.5,"Jellick Elementary",91748
"13813",19,73452,6022297,4,2012,31,38.9387755102041,"Jellick Elementary",91748
"13814",19,73452,6022297,4,2012,111,59.5,"Jellick Elementary",91748
"13815",19,73452,6022297,5,2012,31,36.325,"Jellick Elementary",91748
"13816",19,73452,6022297,5,2012,111,72.3333333333333,"Jellick Elementary",91748
"13817",19,73452,6022297,6,2012,31,45,"Jellick Elementary",91748
"13818",19,73452,6022297,6,2012,111,60,"Jellick Elementary",91748
"13819",19,73452,6022305,2,2012,31,66.5,"Killian Elementary",91748
"13820",19,73452,6022305,2,2012,111,83,"Killian Elementary",91748
"13821",19,73452,6022305,3,2012,31,68.5,"Killian Elementary",91748
"13822",19,73452,6022305,3,2012,111,82,"Killian Elementary",91748
"13823",19,73452,6022305,4,2012,31,72.5,"Killian Elementary",91748
"13824",19,73452,6022305,4,2012,111,85,"Killian Elementary",91748
"13825",19,73452,6022305,5,2012,31,56.98125,"Killian Elementary",91748
"13826",19,73452,6022305,5,2012,111,84.6666666666667,"Killian Elementary",91748
"13827",19,73452,6022305,6,2012,31,63.9157894736842,"Killian Elementary",91748
"13828",19,73452,6022305,6,2012,111,81,"Killian Elementary",91748
"13829",19,73452,6022321,2,2012,31,43,"Northam Elementary",91744
"13830",19,73452,6022321,3,2012,31,52.3230769230769,"Northam Elementary",91744
"13831",19,73452,6022321,4,2012,31,45.1774193548387,"Northam Elementary",91744
"13832",19,73452,6022321,5,2012,31,38.3333333333333,"Northam Elementary",91744
"13833",19,73452,6022321,6,2012,31,46.5,"Northam Elementary",91744
"13834",19,73452,6022347,2,2012,31,57.5,"Rorimer Elementary",91744
"13835",19,73452,6022347,3,2012,31,39.0818713450292,"Rorimer Elementary",91744
"13836",19,73452,6022347,4,2012,31,58,"Rorimer Elementary",91744
"13837",19,73452,6022347,5,2012,31,53.3878504672897,"Rorimer Elementary",91744
"13838",19,73452,6022347,6,2012,31,51,"Rorimer Elementary",91744
"13839",19,73452,6022347,6,2012,111,63.5,"Rorimer Elementary",91744
"13840",19,73452,6022354,2,2012,31,40,"Rowland Elementary",91748
"13841",19,73452,6022354,2,2012,111,68.5,"Rowland Elementary",91748
"13842",19,73452,6022354,3,2012,31,44.2394366197183,"Rowland Elementary",91748
"13843",19,73452,6022354,3,2012,111,82,"Rowland Elementary",91748
"13844",19,73452,6022354,4,2012,31,54.5945945945946,"Rowland Elementary",91748
"13845",19,73452,6022354,5,2012,31,40.3333333333333,"Rowland Elementary",91748
"13846",19,73452,6022354,5,2012,111,84.3333333333333,"Rowland Elementary",91748
"13847",19,73452,6022354,6,2012,31,30,"Rowland Elementary",91748
"13848",19,73452,6022354,6,2012,111,75,"Rowland Elementary",91748
"13849",19,73452,6022362,2,2012,31,45,"Shelyn Elementary",91748
"13850",19,73452,6022362,2,2012,111,82.5,"Shelyn Elementary",91748
"13851",19,73452,6022362,4,2012,31,78.4705882352941,"Shelyn Elementary",91748
"13852",19,73452,6022362,4,2012,111,93,"Shelyn Elementary",91748
"13853",19,73452,6022362,5,2012,31,79.9,"Shelyn Elementary",91748
"13854",19,73452,6022362,5,2012,111,87.3362068965517,"Shelyn Elementary",91748
"13855",19,73452,6022362,6,2012,31,67.5,"Shelyn Elementary",91748
"13856",19,73452,6022362,6,2012,111,79.5,"Shelyn Elementary",91748
"13857",19,73452,6022388,2,2012,31,31.5,"Villacorta Elementary",91744
"13858",19,73452,6022388,3,2012,31,40.5,"Villacorta Elementary",91744
"13859",19,73452,6022388,4,2012,31,42.524064171123,"Villacorta Elementary",91744
"13860",19,73452,6022388,5,2012,31,54.347280334728,"Villacorta Elementary",91744
"13861",19,73452,6022388,6,2012,31,48.9428571428571,"Villacorta Elementary",91744
"13862",19,73452,6022412,2,2012,31,55,"Yorbita Elementary",91744
"13863",19,73452,6022412,3,2012,31,54,"Yorbita Elementary",91744
"13864",19,73452,6022412,4,2012,31,42.4827586206897,"Yorbita Elementary",91744
"13865",19,73452,6022412,5,2012,31,41.6715867158672,"Yorbita Elementary",91744
"13866",19,73452,6022412,5,2012,111,74.9,"Yorbita Elementary",91744
"13867",19,73452,6022412,6,2012,31,37,"Yorbita Elementary",91744
"13868",19,73452,6022412,6,2012,111,54.5,"Yorbita Elementary",91744
"13869",19,73452,6103352,2,2012,31,88,"Stanley G. Oswalt Academy",91789
"13870",19,73452,6103352,2,2012,111,88,"Stanley G. Oswalt Academy",91789
"13871",19,73452,6103352,3,2012,31,69.3111111111111,"Stanley G. Oswalt Academy",91789
"13872",19,73452,6103352,3,2012,111,87,"Stanley G. Oswalt Academy",91789
"13873",19,73452,6103352,4,2012,31,83.5,"Stanley G. Oswalt Academy",91789
"13874",19,73452,6103352,4,2012,111,88.0116279069767,"Stanley G. Oswalt Academy",91789
"13875",19,73452,6103352,5,2012,31,82.360824742268,"Stanley G. Oswalt Academy",91789
"13876",19,73452,6103352,5,2012,111,85.68359375,"Stanley G. Oswalt Academy",91789
"13877",19,73452,6103352,6,2012,31,61,"Stanley G. Oswalt Academy",91789
"13878",19,73452,6103352,6,2012,111,88.0059880239521,"Stanley G. Oswalt Academy",91789
"13879",19,73452,6103352,7,2012,31,77.1147540983606,"Stanley G. Oswalt Academy",91789
"13880",19,73452,6103352,7,2012,111,89.6805555555556,"Stanley G. Oswalt Academy",91789
"13881",19,73452,6103352,8,2012,31,85.2622950819672,"Stanley G. Oswalt Academy",91789
"13882",19,73452,6103352,8,2012,111,86.68,"Stanley G. Oswalt Academy",91789
"13883",19,73460,1932862,9,2012,31,60.6424870466321,"Diamond Bar High",91765
"13884",19,73460,1932862,9,2012,111,77.8228999464955,"Diamond Bar High",91765
"13885",19,73460,1932862,10,2012,31,65.2117647058824,"Diamond Bar High",91765
"13886",19,73460,1932862,10,2012,111,72.31072,"Diamond Bar High",91765
"13887",19,73460,1932862,11,2012,31,55.4322344322344,"Diamond Bar High",91765
"13888",19,73460,1932862,11,2012,111,67.5956182695878,"Diamond Bar High",91765
"13889",19,73460,1939149,9,2012,31,68.3134715025907,"Walnut High",91789
"13890",19,73460,1939149,9,2012,111,82.065481758653,"Walnut High",91789
"13891",19,73460,1939149,10,2012,31,67.686320754717,"Walnut High",91789
"13892",19,73460,1939149,10,2012,111,75.4525182622068,"Walnut High",91789
"13893",19,73460,1939149,11,2012,31,53.6539440203562,"Walnut High",91789
"13894",19,73460,1939149,11,2012,111,73.953218712515,"Walnut High",91789
"13895",19,73460,6023352,2,2012,111,82,"Castle Rock Elementary",91765
"13896",19,73460,6023352,3,2012,111,86.5,"Castle Rock Elementary",91765
"13897",19,73460,6023352,4,2012,31,82,"Castle Rock Elementary",91765
"13898",19,73460,6023352,4,2012,111,81.5,"Castle Rock Elementary",91765
"13899",19,73460,6023352,5,2012,31,83.7209302325581,"Castle Rock Elementary",91765
"13900",19,73460,6023352,5,2012,111,88.6448979591837,"Castle Rock Elementary",91765
"13901",19,73460,6023360,2,2012,31,69,"Collegewood Elementary",91789
"13902",19,73460,6023360,2,2012,111,90,"Collegewood Elementary",91789
"13903",19,73460,6023360,3,2012,31,69.5,"Collegewood Elementary",91789
"13904",19,73460,6023360,3,2012,111,84.9515151515152,"Collegewood Elementary",91789
"13905",19,73460,6023360,4,2012,31,65.5,"Collegewood Elementary",91789
"13906",19,73460,6023360,4,2012,111,84.4976744186046,"Collegewood Elementary",91789
"13907",19,73460,6023360,5,2012,31,64.44,"Collegewood Elementary",91789
"13908",19,73460,6023360,5,2012,111,80.9967320261438,"Collegewood Elementary",91789
"13909",19,73460,6023378,2,2012,111,81,"Evergreen Elementary",91765
"13910",19,73460,6023378,3,2012,111,91,"Evergreen Elementary",91765
"13911",19,73460,6023378,4,2012,31,79.88,"Evergreen Elementary",91765
"13912",19,73460,6023378,4,2012,111,90.9887640449438,"Evergreen Elementary",91765
"13913",19,73460,6023378,5,2012,31,92.3333333333333,"Evergreen Elementary",91765
"13914",19,73460,6023378,5,2012,111,93.3370473537604,"Evergreen Elementary",91765
"13915",19,73460,6023386,6,2012,31,78.4358974358974,"Suzanne Middle",91789
"13916",19,73460,6023386,6,2012,111,83.996015936255,"Suzanne Middle",91789
"13917",19,73460,6023386,7,2012,31,78.504854368932,"Suzanne Middle",91789
"13918",19,73460,6023386,7,2012,111,88.1712158808933,"Suzanne Middle",91789
"13919",19,73460,6023386,8,2012,31,81.039603960396,"Suzanne Middle",91789
"13920",19,73460,6023386,8,2012,111,87.943244910549,"Suzanne Middle",91789
"13921",19,73460,6023394,2,2012,31,69.5,"Vejar Elementary",91789
"13922",19,73460,6023394,2,2012,111,89,"Vejar Elementary",91789
"13923",19,73460,6023394,3,2012,31,44.5862068965517,"Vejar Elementary",91789
"13924",19,73460,6023394,3,2012,111,81.0666666666667,"Vejar Elementary",91789
"13925",19,73460,6023394,4,2012,31,83,"Vejar Elementary",91789
"13926",19,73460,6023394,4,2012,111,91.0277777777778,"Vejar Elementary",91789
"13927",19,73460,6023394,5,2012,31,77.6666666666667,"Vejar Elementary",91789
"13928",19,73460,6023394,5,2012,111,92,"Vejar Elementary",91789
"13929",19,73460,6023402,2,2012,31,42.5,"Walnut Elementary",91789
"13930",19,73460,6023402,2,2012,111,74.5,"Walnut Elementary",91789
"13931",19,73460,6023402,3,2012,111,80.1234567901235,"Walnut Elementary",91789
"13932",19,73460,6023402,4,2012,31,73,"Walnut Elementary",91789
"13933",19,73460,6023402,4,2012,111,95.4705882352941,"Walnut Elementary",91789
"13934",19,73460,6023402,5,2012,31,87,"Walnut Elementary",91789
"13935",19,73460,6023402,5,2012,111,94.3333333333333,"Walnut Elementary",91789
"13936",19,73460,6095467,2,2012,31,80,"Cyrus J. Morris Elementary",91789
"13937",19,73460,6095467,2,2012,111,85.5,"Cyrus J. Morris Elementary",91789
"13938",19,73460,6095467,3,2012,31,51.8709677419355,"Cyrus J. Morris Elementary",91789
"13939",19,73460,6095467,3,2012,111,72.5826771653543,"Cyrus J. Morris Elementary",91789
"13940",19,73460,6095467,4,2012,111,92.5595238095238,"Cyrus J. Morris Elementary",91789
"13941",19,73460,6095467,5,2012,31,74.3333333333333,"Cyrus J. Morris Elementary",91789
"13942",19,73460,6095467,5,2012,111,80.7035175879397,"Cyrus J. Morris Elementary",91789
"13943",19,73460,6096358,6,2012,31,70.4588235294118,"Chaparral Middle",91765
"13944",19,73460,6096358,6,2012,111,87.5,"Chaparral Middle",91765
"13945",19,73460,6096358,7,2012,31,62.9166666666667,"Chaparral Middle",91765
"13946",19,73460,6096358,7,2012,111,85.6424731182796,"Chaparral Middle",91765
"13947",19,73460,6096358,8,2012,31,69.3975409836066,"Chaparral Middle",91765
"13948",19,73460,6096358,8,2012,111,84.3105629348514,"Chaparral Middle",91765
"13949",19,73460,6100309,2,2012,111,82.5,"Maple Hill Elementary",91765
"13950",19,73460,6100309,3,2012,31,68.5,"Maple Hill Elementary",91765
"13951",19,73460,6100309,3,2012,111,88.5,"Maple Hill Elementary",91765
"13952",19,73460,6100309,4,2012,31,96,"Maple Hill Elementary",91765
"13953",19,73460,6100309,4,2012,111,86.5087719298246,"Maple Hill Elementary",91765
"13954",19,73460,6100309,5,2012,31,81.5510204081633,"Maple Hill Elementary",91765
"13955",19,73460,6100309,5,2012,111,81.68,"Maple Hill Elementary",91765
"13956",19,73460,6106918,2,2012,111,94.5,"Quail Summit Elementary",91765
"13957",19,73460,6106918,3,2012,31,81.5,"Quail Summit Elementary",91765
"13958",19,73460,6106918,3,2012,111,90,"Quail Summit Elementary",91765
"13959",19,73460,6106918,4,2012,31,82,"Quail Summit Elementary",91765
"13960",19,73460,6106918,4,2012,111,94,"Quail Summit Elementary",91765
"13961",19,73460,6106918,5,2012,31,64,"Quail Summit Elementary",91765
"13962",19,73460,6106918,5,2012,111,94,"Quail Summit Elementary",91765
"13963",19,73460,6108344,6,2012,31,80,"South Pointe Middle",91789
"13964",19,73460,6108344,6,2012,111,84.5104364326376,"South Pointe Middle",91789
"13965",19,73460,6108344,7,2012,31,61.8072289156626,"South Pointe Middle",91789
"13966",19,73460,6108344,7,2012,111,85.1741803278689,"South Pointe Middle",91789
"13967",19,73460,6108344,8,2012,31,74.5283018867924,"South Pointe Middle",91789
"13968",19,73460,6108344,8,2012,111,81.9168110918544,"South Pointe Middle",91789
"13969",19,75291,1995810,9,2012,31,60.3950819672131,"Gabrielino High",91776
"13970",19,75291,1995810,9,2012,111,80.5665914221219,"Gabrielino High",91776
"13971",19,75291,1995810,10,2012,31,59.1639085894405,"Gabrielino High",91776
"13972",19,75291,1995810,10,2012,111,72.5257936507936,"Gabrielino High",91776
"13973",19,75291,1995810,11,2012,31,53.3887814313346,"Gabrielino High",91776
"13974",19,75291,1995810,11,2012,111,67.1558620689655,"Gabrielino High",91776
"13975",19,75291,1996081,11,2012,31,4.18,"Del Mar High",91776
"13976",19,75291,6022420,2,2012,31,61,"Coolidge Elementary",91775
"13977",19,75291,6022420,2,2012,111,83.5,"Coolidge Elementary",91775
"13978",19,75291,6022420,3,2012,31,44.5,"Coolidge Elementary",91775
"13979",19,75291,6022420,3,2012,111,91,"Coolidge Elementary",91775
"13980",19,75291,6022420,4,2012,31,91.5,"Coolidge Elementary",91775
"13981",19,75291,6022420,4,2012,111,94,"Coolidge Elementary",91775
"13982",19,75291,6022420,5,2012,31,39.6666666666667,"Coolidge Elementary",91775
"13983",19,75291,6022420,5,2012,111,95,"Coolidge Elementary",91775
"13984",19,75291,6022453,2,2012,31,58,"McKinley Elementary",91776
"13985",19,75291,6022453,2,2012,111,59.5,"McKinley Elementary",91776
"13986",19,75291,6022453,3,2012,31,62,"McKinley Elementary",91776
"13987",19,75291,6022453,3,2012,111,71.5,"McKinley Elementary",91776
"13988",19,75291,6022453,4,2012,31,74,"McKinley Elementary",91776
"13989",19,75291,6022453,4,2012,111,89.5,"McKinley Elementary",91776
"13990",19,75291,6022453,5,2012,31,63.6666666666667,"McKinley Elementary",91776
"13991",19,75291,6022453,5,2012,111,72.3333333333333,"McKinley Elementary",91776
"13992",19,75291,6022461,2,2012,31,42,"Roosevelt Elementary",91776
"13993",19,75291,6022461,3,2012,31,36.3176470588235,"Roosevelt Elementary",91776
"13994",19,75291,6022461,4,2012,31,57,"Roosevelt Elementary",91776
"13995",19,75291,6022461,5,2012,31,46.0110497237569,"Roosevelt Elementary",91776
"13996",19,75291,6022479,2,2012,31,74.5,"Washington Elementary",91775
"13997",19,75291,6022479,2,2012,111,86.5,"Washington Elementary",91775
"13998",19,75291,6022479,3,2012,31,60,"Washington Elementary",91775
"13999",19,75291,6022479,3,2012,111,79,"Washington Elementary",91775
"14000",19,75291,6022479,4,2012,31,72.5,"Washington Elementary",91775
"14001",19,75291,6022479,4,2012,111,94,"Washington Elementary",91775
"14002",19,75291,6022479,5,2012,31,64.6666666666667,"Washington Elementary",91775
"14003",19,75291,6022479,5,2012,111,89,"Washington Elementary",91775
"14004",19,75291,6022487,2,2012,31,62.5,"Wilson Elementary",91775
"14005",19,75291,6022487,2,2012,111,88,"Wilson Elementary",91775
"14006",19,75291,6022487,3,2012,31,67.5,"Wilson Elementary",91775
"14007",19,75291,6022487,3,2012,111,81.1157894736842,"Wilson Elementary",91775
"14008",19,75291,6022487,4,2012,31,71.5,"Wilson Elementary",91775
"14009",19,75291,6022487,4,2012,111,92,"Wilson Elementary",91775
"14010",19,75291,6022487,5,2012,31,69,"Wilson Elementary",91775
"14011",19,75291,6022487,5,2012,111,79.3207547169811,"Wilson Elementary",91775
"14012",19,75309,1995786,9,2012,31,27.5714285714286,"Vasquez High",93510
"14013",19,75309,1995786,9,2012,111,54.8917748917749,"Vasquez High",93510
"14014",19,75309,1995786,10,2012,31,12.4437869822485,"Vasquez High",93510
"14015",19,75309,1995786,10,2012,111,21.7005988023952,"Vasquez High",93510
"14016",19,75309,1995786,11,2012,31,22.6881720430108,"Vasquez High",93510
"14017",19,75309,1995786,11,2012,111,39.6358974358974,"Vasquez High",93510
"14018",19,75309,6107494,6,2012,31,41.5,"High Desert",93510
"14019",19,75309,6107494,6,2012,111,68.5379310344828,"High Desert",93510
"14020",19,75309,6107494,7,2012,31,41,"High Desert",93510
"14021",19,75309,6107494,7,2012,111,64.3134328358209,"High Desert",93510
"14022",19,75309,6107494,8,2012,31,44.0275862068966,"High Desert",93510
"14023",19,75309,6107494,8,2012,111,58.0188679245283,"High Desert",93510
"14024",19,75309,6115679,2,2012,31,43,"Meadowlark Elementary",93510
"14025",19,75309,6115679,2,2012,111,56.5,"Meadowlark Elementary",93510
"14026",19,75309,6115679,3,2012,31,34.5,"Meadowlark Elementary",93510
"14027",19,75309,6115679,3,2012,111,69.5,"Meadowlark Elementary",93510
"14028",19,75309,6115679,4,2012,31,74.3225806451613,"Meadowlark Elementary",93510
"14029",19,75309,6115679,4,2012,111,73,"Meadowlark Elementary",93510
"14030",19,75309,6115679,5,2012,31,58.8769230769231,"Meadowlark Elementary",93510
"14031",19,75309,6115679,5,2012,111,70.5793650793651,"Meadowlark Elementary",93510
"14032",19,75333,1935808,9,2012,31,71.9568345323741,"Mira Costa High",90266
"14033",19,75333,1935808,9,2012,111,86.8211517165006,"Mira Costa High",90266
"14034",19,75333,1935808,10,2012,31,71.4590163934426,"Mira Costa High",90266
"14035",19,75333,1935808,10,2012,111,79.5279814743342,"Mira Costa High",90266
"14036",19,75333,1935808,11,2012,31,65.2758620689655,"Mira Costa High",90266
"14037",19,75333,1935808,11,2012,111,74.3467995802728,"Mira Costa High",90266
"14038",19,75333,6020358,2,2012,111,96.5,"Grand View Elementary",90266
"14039",19,75333,6020358,3,2012,111,89.4849785407725,"Grand View Elementary",90266
"14040",19,75333,6020358,4,2012,111,94,"Grand View Elementary",90266
"14041",19,75333,6020358,5,2012,111,94.6687697160883,"Grand View Elementary",90266
"14042",19,75333,6020390,2,2012,111,90.5,"Meadows Avenue Elementary",90266
"14043",19,75333,6020390,3,2012,111,90.5,"Meadows Avenue Elementary",90266
"14044",19,75333,6020390,4,2012,111,90,"Meadows Avenue Elementary",90266
"14045",19,75333,6020390,5,2012,111,93.6666666666667,"Meadows Avenue Elementary",90266
"14046",19,75333,6020416,2,2012,111,93.5,"Pacific Elementary",90266
"14047",19,75333,6020416,3,2012,111,92,"Pacific Elementary",90266
"14048",19,75333,6020416,4,2012,111,95.9911504424779,"Pacific Elementary",90266
"14049",19,75333,6020416,5,2012,111,94.655737704918,"Pacific Elementary",90266
"14050",19,75333,6115307,6,2012,111,90.0137931034483,"Manhattan Beach Middle",90266
"14051",19,75333,6115307,7,2012,111,88.8202866593164,"Manhattan Beach Middle",90266
"14052",19,75333,6115307,8,2012,111,91.2031708749266,"Manhattan Beach Middle",90266
"14053",19,75341,6021992,6,2012,31,53.4127906976744,"Adams Middle",90278
"14054",19,75341,6021992,6,2012,111,73.9711538461538,"Adams Middle",90278
"14055",19,75341,6021992,7,2012,31,60.0652173913044,"Adams Middle",90278
"14056",19,75341,6021992,7,2012,111,86.8018018018018,"Adams Middle",90278
"14057",19,75341,6021992,8,2012,31,65.5887573964497,"Adams Middle",90278
"14058",19,75341,6021992,8,2012,111,81.4061251664447,"Adams Middle",90278
"14059",19,75341,6022024,2,2012,111,88,"Beryl Heights Elementary",90277
"14060",19,75341,6022024,3,2012,111,92,"Beryl Heights Elementary",90277
"14061",19,75341,6022024,4,2012,31,92,"Beryl Heights Elementary",90277
"14062",19,75341,6022024,4,2012,111,96.5,"Beryl Heights Elementary",90277
"14063",19,75341,6022024,5,2012,111,96.3333333333333,"Beryl Heights Elementary",90277
"14064",19,75341,6022032,2,2012,31,71,"Birney Elementary",90278
"14065",19,75341,6022032,2,2012,111,92,"Birney Elementary",90278
"14066",19,75341,6022032,3,2012,31,72.5,"Birney Elementary",90278
"14067",19,75341,6022032,3,2012,111,88.0860215053764,"Birney Elementary",90278
"14068",19,75341,6022032,4,2012,31,88.8648648648649,"Birney Elementary",90278
"14069",19,75341,6022032,4,2012,111,94.0422535211268,"Birney Elementary",90278
"14070",19,75341,6022032,5,2012,31,70.7708333333333,"Birney Elementary",90278
"14071",19,75341,6022032,5,2012,111,82.6204379562044,"Birney Elementary",90278
"14072",19,75341,6022099,2,2012,111,92,"Jefferson Elementary",90278
"14073",19,75341,6022099,3,2012,111,87.0721649484536,"Jefferson Elementary",90278
"14074",19,75341,6022099,4,2012,111,94.5,"Jefferson Elementary",90278
"14075",19,75341,6022099,5,2012,111,83.3307692307692,"Jefferson Elementary",90278
"14076",19,75341,6022099,6,2012,111,93.5,"Jefferson Elementary",90278
"14077",19,75341,6022107,2,2012,31,80.5,"Lincoln Elementary",90278
"14078",19,75341,6022107,2,2012,111,88,"Lincoln Elementary",90278
"14079",19,75341,6022107,3,2012,111,86.0132450331126,"Lincoln Elementary",90278
"14080",19,75341,6022107,4,2012,31,70.1081081081081,"Lincoln Elementary",90278
"14081",19,75341,6022107,4,2012,111,91.5147928994083,"Lincoln Elementary",90278
"14082",19,75341,6022107,5,2012,31,56.9622641509434,"Lincoln Elementary",90278
"14083",19,75341,6022107,5,2012,111,81.989010989011,"Lincoln Elementary",90278
"14084",19,75341,6022115,2,2012,31,79,"Madison Elementary",90278
"14085",19,75341,6022115,2,2012,111,93,"Madison Elementary",90278
"14086",19,75341,6022115,3,2012,31,50,"Madison Elementary",90278
"14087",19,75341,6022115,3,2012,111,81.1111111111111,"Madison Elementary",90278
"14088",19,75341,6022115,4,2012,31,78,"Madison Elementary",90278
"14089",19,75341,6022115,4,2012,111,94,"Madison Elementary",90278
"14090",19,75341,6022115,5,2012,31,47.6666666666667,"Madison Elementary",90278
"14091",19,75341,6022115,5,2012,111,80.3333333333333,"Madison Elementary",90278
"14092",19,75341,6022156,2,2012,31,63.5,"Washington Elementary",90278
"14093",19,75341,6022156,2,2012,111,84,"Washington Elementary",90278
"14094",19,75341,6022156,3,2012,31,77,"Washington Elementary",90278
"14095",19,75341,6022156,3,2012,111,84,"Washington Elementary",90278
"14096",19,75341,6022156,4,2012,31,77.6119402985075,"Washington Elementary",90278
"14097",19,75341,6022156,4,2012,111,95.5,"Washington Elementary",90278
"14098",19,75341,6022156,5,2012,31,74.36,"Washington Elementary",90278
"14099",19,75341,6022156,5,2012,111,90.6666666666667,"Washington Elementary",90278
"14100",19,75713,1930122,11,2012,31,5.46060606060606,"Century High",91801
"14101",19,75713,1930122,11,2012,111,29,"Century High",91801
"14102",19,75713,1930163,9,2012,31,59.5843902439024,"Alhambra High",91801
"14103",19,75713,1930163,9,2012,111,63.6566265060241,"Alhambra High",91801
"14104",19,75713,1930163,10,2012,31,47.9675761170423,"Alhambra High",91801
"14105",19,75713,1930163,10,2012,111,52.5138178096213,"Alhambra High",91801
"14106",19,75713,1930163,11,2012,31,50.0245464247599,"Alhambra High",91801
"14107",19,75713,1930163,11,2012,111,50.7911479944675,"Alhambra High",91801
"14108",19,75713,1934553,9,2012,31,68.9192015209126,"Mark Keppel High",91801
"14109",19,75713,1934553,9,2012,111,84.5391061452514,"Mark Keppel High",91801
"14110",19,75713,1934553,10,2012,31,61.849014084507,"Mark Keppel High",91801
"14111",19,75713,1934553,10,2012,111,73.9159503342884,"Mark Keppel High",91801
"14112",19,75713,1934553,11,2012,31,62.9339554917444,"Mark Keppel High",91801
"14113",19,75713,1934553,11,2012,111,73.5376470588235,"Mark Keppel High",91801
"14114",19,75713,1937697,9,2012,31,64.1643330876934,"San Gabriel High",91776
"14115",19,75713,1937697,9,2012,111,68.2930232558139,"San Gabriel High",91776
"14116",19,75713,1937697,10,2012,31,50.5816716164616,"San Gabriel High",91776
"14117",19,75713,1937697,10,2012,111,64.2837078651685,"San Gabriel High",91776
"14118",19,75713,1937697,11,2012,31,52.8699738903394,"San Gabriel High",91776
"14119",19,75713,1937697,11,2012,111,68.2458100558659,"San Gabriel High",91776
"14120",19,75713,6011001,2,2012,31,59,"Brightwood Elementary",91754
"14121",19,75713,6011001,2,2012,111,81,"Brightwood Elementary",91754
"14122",19,75713,6011001,3,2012,31,72,"Brightwood Elementary",91754
"14123",19,75713,6011001,3,2012,111,86.5,"Brightwood Elementary",91754
"14124",19,75713,6011001,4,2012,31,71,"Brightwood Elementary",91754
"14125",19,75713,6011001,4,2012,111,90,"Brightwood Elementary",91754
"14126",19,75713,6011001,5,2012,31,78.6647058823529,"Brightwood Elementary",91754
"14127",19,75713,6011001,5,2012,111,90.6666666666667,"Brightwood Elementary",91754
"14128",19,75713,6011001,6,2012,31,80,"Brightwood Elementary",91754
"14129",19,75713,6011001,6,2012,111,88,"Brightwood Elementary",91754
"14130",19,75713,6011001,7,2012,31,61.0666666666667,"Brightwood Elementary",91754
"14131",19,75713,6011001,7,2012,111,95.5595238095238,"Brightwood Elementary",91754
"14132",19,75713,6011001,8,2012,31,79.0461538461538,"Brightwood Elementary",91754
"14133",19,75713,6011001,8,2012,111,91.962457337884,"Brightwood Elementary",91754
"14134",19,75713,6011019,2,2012,31,83.5,"Emery Park Elementary",91803
"14135",19,75713,6011019,2,2012,111,82,"Emery Park Elementary",91803
"14136",19,75713,6011019,3,2012,31,59.1826923076923,"Emery Park Elementary",91803
"14137",19,75713,6011019,3,2012,111,82.5,"Emery Park Elementary",91803
"14138",19,75713,6011019,4,2012,31,50,"Emery Park Elementary",91803
"14139",19,75713,6011019,4,2012,111,75,"Emery Park Elementary",91803
"14140",19,75713,6011019,5,2012,31,59.3333333333333,"Emery Park Elementary",91803
"14141",19,75713,6011019,5,2012,111,44.3333333333333,"Emery Park Elementary",91803
"14142",19,75713,6011019,6,2012,31,47.5,"Emery Park Elementary",91803
"14143",19,75713,6011019,6,2012,111,82.5,"Emery Park Elementary",91803
"14144",19,75713,6011019,7,2012,31,61.4895833333333,"Emery Park Elementary",91803
"14145",19,75713,6011019,7,2012,111,75,"Emery Park Elementary",91803
"14146",19,75713,6011019,8,2012,31,41.2203389830508,"Emery Park Elementary",91803
"14147",19,75713,6011019,8,2012,111,37.6428571428571,"Emery Park Elementary",91803
"14148",19,75713,6011027,2,2012,31,64.5,"Fremont Elementary",91803
"14149",19,75713,6011027,2,2012,111,87.5,"Fremont Elementary",91803
"14150",19,75713,6011027,3,2012,31,51.6,"Fremont Elementary",91803
"14151",19,75713,6011027,3,2012,111,76.1515151515152,"Fremont Elementary",91803
"14152",19,75713,6011027,4,2012,31,75,"Fremont Elementary",91803
"14153",19,75713,6011027,4,2012,111,83.5,"Fremont Elementary",91803
"14154",19,75713,6011027,5,2012,31,58.6666666666667,"Fremont Elementary",91803
"14155",19,75713,6011027,5,2012,111,70,"Fremont Elementary",91803
"14156",19,75713,6011027,6,2012,31,56,"Fremont Elementary",91803
"14157",19,75713,6011027,6,2012,111,56,"Fremont Elementary",91803
"14158",19,75713,6011027,7,2012,31,53.5376344086022,"Fremont Elementary",91803
"14159",19,75713,6011027,7,2012,111,57.2340425531915,"Fremont Elementary",91803
"14160",19,75713,6011027,8,2012,31,58.0114942528736,"Fremont Elementary",91803
"14161",19,75713,6011027,8,2012,111,68.1775700934579,"Fremont Elementary",91803
"14162",19,75713,6011035,2,2012,31,67,"Garfield Elementary",91801
"14163",19,75713,6011035,2,2012,111,92,"Garfield Elementary",91801
"14164",19,75713,6011035,3,2012,31,65.0476190476191,"Garfield Elementary",91801
"14165",19,75713,6011035,3,2012,111,88.5094339622642,"Garfield Elementary",91801
"14166",19,75713,6011035,4,2012,31,81.989247311828,"Garfield Elementary",91801
"14167",19,75713,6011035,4,2012,111,82.5,"Garfield Elementary",91801
"14168",19,75713,6011035,5,2012,31,62.2966101694915,"Garfield Elementary",91801
"14169",19,75713,6011035,5,2012,111,83,"Garfield Elementary",91801
"14170",19,75713,6011035,6,2012,31,55.984496124031,"Garfield Elementary",91801
"14171",19,75713,6011035,6,2012,111,69,"Garfield Elementary",91801
"14172",19,75713,6011035,7,2012,31,62.8235294117647,"Garfield Elementary",91801
"14173",19,75713,6011035,7,2012,111,88,"Garfield Elementary",91801
"14174",19,75713,6011035,8,2012,31,60.8484848484849,"Garfield Elementary",91801
"14175",19,75713,6011035,8,2012,111,82.0352941176471,"Garfield Elementary",91801
"14176",19,75713,6011043,2,2012,31,75.5,"Granada Elementary",91801
"14177",19,75713,6011043,2,2012,111,92.5,"Granada Elementary",91801
"14178",19,75713,6011043,3,2012,31,67.5573770491803,"Granada Elementary",91801
"14179",19,75713,6011043,3,2012,111,94,"Granada Elementary",91801
"14180",19,75713,6011043,4,2012,31,63.5189873417722,"Granada Elementary",91801
"14181",19,75713,6011043,4,2012,111,82,"Granada Elementary",91801
"14182",19,75713,6011043,5,2012,31,65.6831683168317,"Granada Elementary",91801
"14183",19,75713,6011043,5,2012,111,90.6666666666667,"Granada Elementary",91801
"14184",19,75713,6011043,6,2012,31,55,"Granada Elementary",91801
"14185",19,75713,6011043,6,2012,111,87.9512195121951,"Granada Elementary",91801
"14186",19,75713,6011043,7,2012,31,62.6808510638298,"Granada Elementary",91801
"14187",19,75713,6011043,8,2012,31,61.9235294117647,"Granada Elementary",91801
"14188",19,75713,6011043,8,2012,111,73.55,"Granada Elementary",91801
"14189",19,75713,6011050,2,2012,31,70.5,"Marguerita Elementary",91803
"14190",19,75713,6011050,2,2012,111,93,"Marguerita Elementary",91803
"14191",19,75713,6011050,3,2012,31,57.5979381443299,"Marguerita Elementary",91803
"14192",19,75713,6011050,3,2012,111,88,"Marguerita Elementary",91803
"14193",19,75713,6011050,4,2012,31,65,"Marguerita Elementary",91803
"14194",19,75713,6011050,4,2012,111,75,"Marguerita Elementary",91803
"14195",19,75713,6011050,5,2012,31,55.0171428571429,"Marguerita Elementary",91803
"14196",19,75713,6011050,5,2012,111,72.6575342465753,"Marguerita Elementary",91803
"14197",19,75713,6011050,6,2012,31,40,"Marguerita Elementary",91803
"14198",19,75713,6011050,6,2012,111,87.5,"Marguerita Elementary",91803
"14199",19,75713,6011050,7,2012,31,59.6238532110092,"Marguerita Elementary",91803
"14200",19,75713,6011050,7,2012,111,71,"Marguerita Elementary",91803
"14201",19,75713,6011050,8,2012,31,60.4485981308411,"Marguerita Elementary",91803
"14202",19,75713,6011050,8,2012,111,70.4886363636364,"Marguerita Elementary",91803
"14203",19,75713,6011076,2,2012,31,69,"Monterey Highlands Elementary",91754
"14204",19,75713,6011076,2,2012,111,98,"Monterey Highlands Elementary",91754
"14205",19,75713,6011076,3,2012,31,57.1052631578947,"Monterey Highlands Elementary",91754
"14206",19,75713,6011076,3,2012,111,86.5,"Monterey Highlands Elementary",91754
"14207",19,75713,6011076,4,2012,31,79.5,"Monterey Highlands Elementary",91754
"14208",19,75713,6011076,4,2012,111,86.5,"Monterey Highlands Elementary",91754
"14209",19,75713,6011076,5,2012,31,77.7062146892655,"Monterey Highlands Elementary",91754
"14210",19,75713,6011076,5,2012,111,91.6666666666667,"Monterey Highlands Elementary",91754
"14211",19,75713,6011076,6,2012,31,50,"Monterey Highlands Elementary",91754
"14212",19,75713,6011076,6,2012,111,75.5,"Monterey Highlands Elementary",91754
"14213",19,75713,6011076,7,2012,31,76.5806451612903,"Monterey Highlands Elementary",91754
"14214",19,75713,6011076,7,2012,111,88.375,"Monterey Highlands Elementary",91754
"14215",19,75713,6011076,8,2012,31,65.3121951219512,"Monterey Highlands Elementary",91754
"14216",19,75713,6011076,8,2012,111,75.7458563535912,"Monterey Highlands Elementary",91754
"14217",19,75713,6011084,2,2012,31,78,"Park Elementary",91801
"14218",19,75713,6011084,2,2012,111,75,"Park Elementary",91801
"14219",19,75713,6011084,3,2012,31,72.0666666666667,"Park Elementary",91801
"14220",19,75713,6011084,3,2012,111,80.5,"Park Elementary",91801
"14221",19,75713,6011084,4,2012,31,71,"Park Elementary",91801
"14222",19,75713,6011084,4,2012,111,86.5,"Park Elementary",91801
"14223",19,75713,6011084,5,2012,31,71.0552147239264,"Park Elementary",91801
"14224",19,75713,6011084,5,2012,111,72,"Park Elementary",91801
"14225",19,75713,6011084,6,2012,31,61.5,"Park Elementary",91801
"14226",19,75713,6011084,6,2012,111,80,"Park Elementary",91801
"14227",19,75713,6011084,7,2012,31,70,"Park Elementary",91801
"14228",19,75713,6011084,7,2012,111,71.88,"Park Elementary",91801
"14229",19,75713,6011084,8,2012,31,80.5669642857143,"Park Elementary",91801
"14230",19,75713,6011084,8,2012,111,75.2857142857143,"Park Elementary",91801
"14231",19,75713,6011092,2,2012,31,77.9774011299435,"Ramona Elementary",91803
"14232",19,75713,6011092,2,2012,111,79.5,"Ramona Elementary",91803
"14233",19,75713,6011092,3,2012,31,62.1666666666667,"Ramona Elementary",91803
"14234",19,75713,6011092,3,2012,111,75.5,"Ramona Elementary",91803
"14235",19,75713,6011092,4,2012,31,70.0413793103448,"Ramona Elementary",91803
"14236",19,75713,6011092,4,2012,111,82,"Ramona Elementary",91803
"14237",19,75713,6011092,5,2012,31,63.2727272727273,"Ramona Elementary",91803
"14238",19,75713,6011092,5,2012,111,68,"Ramona Elementary",91803
"14239",19,75713,6011092,6,2012,31,68.5,"Ramona Elementary",91803
"14240",19,75713,6011092,6,2012,111,68,"Ramona Elementary",91803
"14241",19,75713,6011092,7,2012,31,66.4621848739496,"Ramona Elementary",91803
"14242",19,75713,6011092,7,2012,111,83.1428571428571,"Ramona Elementary",91803
"14243",19,75713,6011092,8,2012,31,61.2490842490842,"Ramona Elementary",91803
"14244",19,75713,6011092,8,2012,111,76.2519083969466,"Ramona Elementary",91803
"14245",19,75713,6011100,2,2012,31,68,"Repetto Elementary",91754
"14246",19,75713,6011100,2,2012,111,83.5,"Repetto Elementary",91754
"14247",19,75713,6011100,3,2012,31,75,"Repetto Elementary",91754
"14248",19,75713,6011100,3,2012,111,79.5,"Repetto Elementary",91754
"14249",19,75713,6011100,4,2012,31,68.5,"Repetto Elementary",91754
"14250",19,75713,6011100,4,2012,111,86,"Repetto Elementary",91754
"14251",19,75713,6011100,5,2012,31,67,"Repetto Elementary",91754
"14252",19,75713,6011100,5,2012,111,88.3333333333333,"Repetto Elementary",91754
"14253",19,75713,6011100,6,2012,31,66.5,"Repetto Elementary",91754
"14254",19,75713,6011100,6,2012,111,80.9333333333333,"Repetto Elementary",91754
"14255",19,75713,6011100,7,2012,31,60.6890756302521,"Repetto Elementary",91754
"14256",19,75713,6011100,7,2012,111,83.0845070422535,"Repetto Elementary",91754
"14257",19,75713,6011100,8,2012,31,77.15,"Repetto Elementary",91754
"14258",19,75713,6011100,8,2012,111,90.046511627907,"Repetto Elementary",91754
"14259",19,75713,6011126,2,2012,31,80,"Ynez Elementary",91754
"14260",19,75713,6011126,2,2012,111,91.5,"Ynez Elementary",91754
"14261",19,75713,6011126,3,2012,31,72.8070175438596,"Ynez Elementary",91754
"14262",19,75713,6011126,3,2012,111,93,"Ynez Elementary",91754
"14263",19,75713,6011126,4,2012,31,74,"Ynez Elementary",91754
"14264",19,75713,6011126,4,2012,111,81.5,"Ynez Elementary",91754
"14265",19,75713,6011126,5,2012,31,74.6666666666667,"Ynez Elementary",91754
"14266",19,75713,6011126,5,2012,111,85.3333333333333,"Ynez Elementary",91754
"14267",19,75713,6011126,6,2012,31,78.0434782608696,"Ynez Elementary",91754
"14268",19,75713,6011126,6,2012,111,82.8611111111111,"Ynez Elementary",91754
"14269",19,75713,6011126,7,2012,31,77.1976744186046,"Ynez Elementary",91754
"14270",19,75713,6011126,7,2012,111,76.3809523809524,"Ynez Elementary",91754
"14271",19,75713,6011126,8,2012,31,69.969696969697,"Ynez Elementary",91754
"14272",19,75713,6011126,8,2012,111,85.5619047619048,"Ynez Elementary",91754
"14273",19,76497,115725,6,2012,31,20.5,"Lifeline Education Charter",90221
"14274",19,76497,115725,7,2012,31,29,"Lifeline Education Charter",90221
"14275",19,76497,115725,8,2012,31,20.6593406593407,"Lifeline Education Charter",90221
"14276",19,76497,115725,9,2012,31,25.9120879120879,"Lifeline Education Charter",90221
"14277",19,76497,115725,10,2012,31,10.5,"Lifeline Education Charter",90221
"14278",19,76497,115725,11,2012,31,13.3,"Lifeline Education Charter",90221
"14279",19,76679,121137,2,2012,31,60,"Ingenium Charter",91304
"14280",19,76679,121137,3,2012,31,50,"Ingenium Charter",91304
"14281",19,76679,121137,4,2012,31,49.0181818181818,"Ingenium Charter",91304
"14282",19,76679,121137,5,2012,31,64.3333333333333,"Ingenium Charter",91304
"14283",20,10207,2030054,9,2012,31,18.1212121212121,"Enterprise Secondary",93638
"14284",20,10207,2030054,10,2012,31,0,"Enterprise Secondary",93638
"14285",20,10207,2030054,11,2012,31,0,"Enterprise Secondary",93638
"14286",20,10207,2030229,9,2012,31,18,"Pioneer Technical Center",93638
"14287",20,10207,2030229,9,2012,111,25,"Pioneer Technical Center",93638
"14288",20,10207,2030229,10,2012,31,0.647887323943662,"Pioneer Technical Center",93638
"14289",20,10207,2030229,10,2012,111,8.64705882352941,"Pioneer Technical Center",93638
"14290",20,10207,2030229,11,2012,31,5.25,"Pioneer Technical Center",93638
"14291",20,10207,2030229,11,2012,111,10.5,"Pioneer Technical Center",93638
"14292",20,65177,6023865,2,2012,31,72,"Alview Elementary",93610
"14293",20,65177,6023865,3,2012,31,62,"Alview Elementary",93610
"14294",20,65177,6023865,3,2012,111,95.5,"Alview Elementary",93610
"14295",20,65177,6023923,4,2012,31,87,"Dairyland Elementary",93610
"14296",20,65177,6023923,4,2012,111,90,"Dairyland Elementary",93610
"14297",20,65177,6023923,5,2012,31,68,"Dairyland Elementary",93610
"14298",20,65177,6023923,5,2012,111,84.3333333333333,"Dairyland Elementary",93610
"14299",20,65177,6023923,6,2012,31,62.5,"Dairyland Elementary",93610
"14300",20,65177,6023923,6,2012,111,84.5,"Dairyland Elementary",93610
"14301",20,65177,6023923,7,2012,31,55.468085106383,"Dairyland Elementary",93610
"14302",20,65177,6023923,7,2012,111,84.5,"Dairyland Elementary",93610
"14303",20,65177,6023923,8,2012,31,62.625,"Dairyland Elementary",93610
"14304",20,65177,6023923,8,2012,111,47.6666666666667,"Dairyland Elementary",93610
"14305",20,65185,6024087,2,2012,31,59,"Oakhurst Elementary",93644
"14306",20,65185,6024087,2,2012,111,88,"Oakhurst Elementary",93644
"14307",20,65185,6024087,3,2012,31,29,"Oakhurst Elementary",93644
"14308",20,65185,6024087,3,2012,111,80,"Oakhurst Elementary",93644
"14309",20,65185,6024087,4,2012,31,63,"Oakhurst Elementary",93644
"14310",20,65185,6024087,4,2012,111,81.5,"Oakhurst Elementary",93644
"14311",20,65185,6024087,5,2012,31,69,"Oakhurst Elementary",93644
"14312",20,65185,6024087,5,2012,111,86.6666666666667,"Oakhurst Elementary",93644
"14313",20,65185,6024111,2,2012,31,37.5,"Wasuma Elementary",93601
"14314",20,65185,6024111,2,2012,111,55,"Wasuma Elementary",93601
"14315",20,65185,6024111,3,2012,31,48,"Wasuma Elementary",93601
"14316",20,65185,6024111,3,2012,111,60,"Wasuma Elementary",93601
"14317",20,65185,6024111,4,2012,31,82.6521739130435,"Wasuma Elementary",93601
"14318",20,65185,6024111,4,2012,111,81,"Wasuma Elementary",93601
"14319",20,65185,6024111,5,2012,31,49,"Wasuma Elementary",93601
"14320",20,65185,6024111,5,2012,111,85,"Wasuma Elementary",93601
"14321",20,65185,6024111,6,2012,31,63.5,"Wasuma Elementary",93601
"14322",20,65185,6024111,6,2012,111,65.5652173913043,"Wasuma Elementary",93601
"14323",20,65185,6024111,7,2012,31,62.5,"Wasuma Elementary",93601
"14324",20,65185,6024111,7,2012,111,66.5,"Wasuma Elementary",93601
"14325",20,65185,6024111,8,2012,31,32.8714285714286,"Wasuma Elementary",93601
"14326",20,65185,6024111,8,2012,111,53.2421875,"Wasuma Elementary",93601
"14327",20,65185,6101521,6,2012,31,45.8987341772152,"Oak Creek Intermediate",93644
"14328",20,65185,6101521,6,2012,111,83.9090909090909,"Oak Creek Intermediate",93644
"14329",20,65185,6101521,7,2012,31,45.5818181818182,"Oak Creek Intermediate",93644
"14330",20,65185,6101521,7,2012,111,82,"Oak Creek Intermediate",93644
"14331",20,65185,6101521,8,2012,31,40.90625,"Oak Creek Intermediate",93644
"14332",20,65185,6101521,8,2012,111,58.2023809523809,"Oak Creek Intermediate",93644
"14333",20,65193,113076,3,2012,31,45.5,"Ronald Reagan Elementary",93610
"14334",20,65193,113076,3,2012,111,68,"Ronald Reagan Elementary",93610
"14335",20,65193,113076,4,2012,31,52.9971988795518,"Ronald Reagan Elementary",93610
"14336",20,65193,113076,4,2012,111,81.5161290322581,"Ronald Reagan Elementary",93610
"14337",20,65193,6023907,7,2012,31,39.0123076923077,"Wilson Middle",93610
"14338",20,65193,6023907,7,2012,111,57.5616438356164,"Wilson Middle",93610
"14339",20,65193,6023907,8,2012,31,32.1103253182461,"Wilson Middle",93610
"14340",20,65193,6023907,8,2012,111,60.6542553191489,"Wilson Middle",93610
"14341",20,65193,6023931,5,2012,31,46,"Fairmead Elementary",93610
"14342",20,65193,6023931,5,2012,111,57.3333333333333,"Fairmead Elementary",93610
"14343",20,65193,6023931,6,2012,31,44.9874213836478,"Fairmead Elementary",93610
"14344",20,65193,6023931,6,2012,111,56.1052631578947,"Fairmead Elementary",93610
"14345",20,65243,109702,2,2012,31,42.5,"Nishimoto Elementary",93638
"14346",20,65243,109702,2,2012,111,75,"Nishimoto Elementary",93638
"14347",20,65243,109702,3,2012,31,38.5,"Nishimoto Elementary",93638
"14348",20,65243,109702,4,2012,31,54,"Nishimoto Elementary",93638
"14349",20,65243,109702,5,2012,31,32.3593220338983,"Nishimoto Elementary",93638
"14350",20,65243,109702,6,2012,31,34,"Nishimoto Elementary",93638
"14351",20,65243,110965,9,2012,31,33.1049608355091,"Madera South High",93637
"14352",20,65243,110965,9,2012,111,44.2385964912281,"Madera South High",93637
"14353",20,65243,110965,10,2012,31,27.9617039586919,"Madera South High",93637
"14354",20,65243,110965,10,2012,111,45.3195266272189,"Madera South High",93637
"14355",20,65243,110965,11,2012,31,27.0479233226837,"Madera South High",93637
"14356",20,65243,110965,11,2012,111,39.9641255605381,"Madera South High",93637
"14357",20,65243,113050,2,2012,31,49,"John J. Pershing Elementary",93638
"14358",20,65243,113050,3,2012,31,48,"John J. Pershing Elementary",93638
"14359",20,65243,113050,4,2012,31,58,"John J. Pershing Elementary",93638
"14360",20,65243,113050,4,2012,111,83,"John J. Pershing Elementary",93638
"14361",20,65243,113050,5,2012,31,36.3333333333333,"John J. Pershing Elementary",93638
"14362",20,65243,113050,6,2012,31,73.551724137931,"John J. Pershing Elementary",93638
"14363",20,65243,116970,2,2012,31,54.5022624434389,"Parkwood Elementary",93637
"14364",20,65243,116970,3,2012,31,51.5969387755102,"Parkwood Elementary",93637
"14365",20,65243,116970,4,2012,31,47,"Parkwood Elementary",93637
"14366",20,65243,116970,4,2012,111,64,"Parkwood Elementary",93637
"14367",20,65243,116970,5,2012,31,55.7961538461538,"Parkwood Elementary",93637
"14368",20,65243,116970,6,2012,31,37,"Parkwood Elementary",93637
"14369",20,65243,118950,10,2012,31,16.6666666666667,"Sherman Thomas Charter High",93638
"14370",20,65243,118950,11,2012,111,36,"Sherman Thomas Charter High",93638
"14371",20,65243,2035707,9,2012,31,28.1702296120348,"Madera High",93637
"14372",20,65243,2035707,9,2012,111,54.3059071729958,"Madera High",93637
"14373",20,65243,2035707,10,2012,31,32.4218068535826,"Madera High",93637
"14374",20,65243,2035707,10,2012,111,54.0441919191919,"Madera High",93637
"14375",20,65243,2035707,11,2012,31,29.8258426966292,"Madera High",93637
"14376",20,65243,2035707,11,2012,111,44.4516728624535,"Madera High",93637
"14377",20,65243,6023949,2,2012,31,41.5,"Dixieland Elementary",93637
"14378",20,65243,6023949,3,2012,31,36.5,"Dixieland Elementary",93637
"14379",20,65243,6023949,4,2012,31,15,"Dixieland Elementary",93637
"14380",20,65243,6023949,5,2012,31,55.3333333333333,"Dixieland Elementary",93637
"14381",20,65243,6023949,6,2012,31,44,"Dixieland Elementary",93637
"14382",20,65243,6023949,7,2012,31,41.5,"Dixieland Elementary",93637
"14383",20,65243,6023949,8,2012,31,82.5321100917431,"Dixieland Elementary",93637
"14384",20,65243,6023972,2,2012,31,57.5,"Howard Elementary",93637
"14385",20,65243,6023972,3,2012,31,41.5,"Howard Elementary",93637
"14386",20,65243,6023972,3,2012,111,75,"Howard Elementary",93637
"14387",20,65243,6023972,4,2012,31,47.5,"Howard Elementary",93637
"14388",20,65243,6023972,4,2012,111,66,"Howard Elementary",93637
"14389",20,65243,6023972,5,2012,31,52.6692913385827,"Howard Elementary",93637
"14390",20,65243,6023972,5,2012,111,62.6666666666667,"Howard Elementary",93637
"14391",20,65243,6023972,6,2012,31,51,"Howard Elementary",93637
"14392",20,65243,6023972,6,2012,111,67,"Howard Elementary",93637
"14393",20,65243,6023972,7,2012,31,58,"Howard Elementary",93637
"14394",20,65243,6023972,7,2012,111,75,"Howard Elementary",93637
"14395",20,65243,6023972,8,2012,31,44.6148648648649,"Howard Elementary",93637
"14396",20,65243,6023972,8,2012,111,49.188679245283,"Howard Elementary",93637
"14397",20,65243,6024012,2,2012,31,52.5,"La Vina Elementary",93637
"14398",20,65243,6024012,3,2012,31,55,"La Vina Elementary",93637
"14399",20,65243,6024012,4,2012,31,37,"La Vina Elementary",93637
"14400",20,65243,6024012,5,2012,31,25.3333333333333,"La Vina Elementary",93637
"14401",20,65243,6024012,6,2012,31,66,"La Vina Elementary",93637
"14402",20,65243,6024012,7,2012,31,69.5882352941177,"La Vina Elementary",93637
"14403",20,65243,6024012,8,2012,31,24.1880341880342,"La Vina Elementary",93637
"14404",20,65243,6024020,2,2012,31,31.4865900383142,"Millview Elementary",93638
"14405",20,65243,6024020,3,2012,31,46.5,"Millview Elementary",93638
"14406",20,65243,6024020,4,2012,31,49,"Millview Elementary",93638
"14407",20,65243,6024020,5,2012,31,48,"Millview Elementary",93638
"14408",20,65243,6024020,6,2012,31,39.525,"Millview Elementary",93638
"14409",20,65243,6024046,2,2012,31,66.5,"Sierra Vista Elementary",93638
"14410",20,65243,6024046,3,2012,31,61,"Sierra Vista Elementary",93638
"14411",20,65243,6024046,4,2012,31,42,"Sierra Vista Elementary",93638
"14412",20,65243,6024046,5,2012,31,29,"Sierra Vista Elementary",93638
"14413",20,65243,6024046,6,2012,31,40.4852071005917,"Sierra Vista Elementary",93638
"14414",20,65243,6105951,2,2012,31,63.5,"Berenda Elementary",93638
"14415",20,65243,6105951,2,2012,111,68.5,"Berenda Elementary",93638
"14416",20,65243,6105951,3,2012,31,42.6420454545455,"Berenda Elementary",93638
"14417",20,65243,6105951,3,2012,111,72,"Berenda Elementary",93638
"14418",20,65243,6105951,4,2012,31,55,"Berenda Elementary",93638
"14419",20,65243,6105951,4,2012,111,78.5106382978723,"Berenda Elementary",93638
"14420",20,65243,6105951,5,2012,31,42.374531835206,"Berenda Elementary",93638
"14421",20,65243,6105951,5,2012,111,57,"Berenda Elementary",93638
"14422",20,65243,6105951,6,2012,31,46.4867724867725,"Berenda Elementary",93638
"14423",20,65243,6105951,6,2012,111,60.5,"Berenda Elementary",93638
"14424",20,65243,6107122,2,2012,31,33,"Alpha Elementary",93637
"14425",20,65243,6107122,3,2012,31,28,"Alpha Elementary",93637
"14426",20,65243,6107122,4,2012,31,29.5,"Alpha Elementary",93637
"14427",20,65243,6107122,5,2012,31,39.0384615384615,"Alpha Elementary",93637
"14428",20,65243,6107122,6,2012,31,51.5,"Alpha Elementary",93637
"14429",20,65243,6107122,6,2012,111,78.5,"Alpha Elementary",93637
"14430",20,65243,6112312,2,2012,31,65.5,"Lincoln Elementary",93637
"14431",20,65243,6112312,2,2012,111,78,"Lincoln Elementary",93637
"14432",20,65243,6112312,3,2012,31,52.1007751937984,"Lincoln Elementary",93637
"14433",20,65243,6112312,3,2012,111,65.1287128712871,"Lincoln Elementary",93637
"14434",20,65243,6112312,4,2012,31,66.5,"Lincoln Elementary",93637
"14435",20,65243,6112312,4,2012,111,75.5,"Lincoln Elementary",93637
"14436",20,65243,6112312,5,2012,31,50.4257425742574,"Lincoln Elementary",93637
"14437",20,65243,6112312,5,2012,111,71,"Lincoln Elementary",93637
"14438",20,65243,6112312,6,2012,31,42.4575163398693,"Lincoln Elementary",93637
"14439",20,65243,6112312,6,2012,111,63.9166666666667,"Lincoln Elementary",93637
"14440",20,65243,6112973,7,2012,31,36.5023041474654,"Martin Luther King Jr. Middle",93638
"14441",20,65243,6112973,7,2012,111,61.2608695652174,"Martin Luther King Jr. Middle",93638
"14442",20,65243,6112973,8,2012,31,39.5033277870216,"Martin Luther King Jr. Middle",93638
"14443",20,75580,2030203,9,2012,31,55.6666666666667,"Liberty High",93636
"14444",20,75580,2030203,9,2012,111,67.4439252336449,"Liberty High",93636
"14445",20,75580,2030203,10,2012,31,48.8745247148289,"Liberty High",93636
"14446",20,75580,2030203,10,2012,111,60.3366834170854,"Liberty High",93636
"14447",20,75580,2030203,11,2012,31,46.1913580246914,"Liberty High",93636
"14448",20,75580,2030203,11,2012,111,60.4593837535014,"Liberty High",93636
"14449",20,75580,2030211,7,2012,31,54.6,"Ranchos Middle",93636
"14450",20,75580,2030211,7,2012,111,71.5112359550562,"Ranchos Middle",93636
"14451",20,75580,2030211,8,2012,31,48.6896551724138,"Ranchos Middle",93636
"14452",20,75580,2030211,8,2012,111,65.1893203883495,"Ranchos Middle",93636
"14453",20,75580,6100820,2,2012,31,46,"Webster Elementary",93636
"14454",20,75580,6100820,2,2012,111,72.9247311827957,"Webster Elementary",93636
"14455",20,75580,6100820,3,2012,31,61.7142857142857,"Webster Elementary",93636
"14456",20,75580,6100820,3,2012,111,94,"Webster Elementary",93636
"14457",20,75580,6100820,4,2012,31,64.5,"Webster Elementary",93636
"14458",20,75580,6100820,4,2012,111,80.5,"Webster Elementary",93636
"14459",20,75580,6100820,5,2012,31,51,"Webster Elementary",93636
"14460",20,75580,6100820,5,2012,111,79.6666666666667,"Webster Elementary",93636
"14461",20,75580,6100820,6,2012,31,74,"Webster Elementary",93636
"14462",20,75580,6100820,6,2012,111,92,"Webster Elementary",93636
"14463",20,75580,6103824,2,2012,31,77,"Sierra View Elementary",93636
"14464",20,75580,6103824,2,2012,111,70.5,"Sierra View Elementary",93636
"14465",20,75580,6103824,3,2012,31,47,"Sierra View Elementary",93636
"14466",20,75580,6103824,3,2012,111,62,"Sierra View Elementary",93636
"14467",20,75580,6103824,4,2012,31,69,"Sierra View Elementary",93636
"14468",20,75580,6103824,4,2012,111,71,"Sierra View Elementary",93636
"14469",20,75580,6103824,5,2012,31,76.6666666666667,"Sierra View Elementary",93636
"14470",20,75580,6103824,5,2012,111,80,"Sierra View Elementary",93636
"14471",20,75580,6103824,6,2012,31,53,"Sierra View Elementary",93636
"14472",20,75580,6103824,6,2012,111,77,"Sierra View Elementary",93636
"14473",20,75606,117010,9,2012,31,23.4727272727273,"Minarets High",93645
"14474",20,75606,117010,9,2012,111,60.6966292134831,"Minarets High",93645
"14475",20,75606,117010,10,2012,31,40.112,"Minarets High",93645
"14476",20,75606,117010,10,2012,111,50.4740484429066,"Minarets High",93645
"14477",20,75606,117010,11,2012,31,36.7777777777778,"Minarets High",93645
"14478",20,75606,117010,11,2012,111,49.25,"Minarets High",93645
"14479",20,75606,125021,9,2012,31,57.4848484848485,"Minarets Charter High",93645
"14480",20,75606,125021,9,2012,111,57.7156862745098,"Minarets Charter High",93645
"14481",20,75606,125021,10,2012,111,67.5428571428571,"Minarets Charter High",93645
"14482",20,75606,125021,11,2012,111,49.0188679245283,"Minarets Charter High",93645
"14483",20,75606,6024079,2,2012,31,84,"North Fork Elementary",93643
"14484",20,75606,6024079,3,2012,31,72,"North Fork Elementary",93643
"14485",20,75606,6024079,3,2012,111,73,"North Fork Elementary",93643
"14486",20,75606,6024079,4,2012,31,50,"North Fork Elementary",93643
"14487",20,75606,6024079,5,2012,31,65.3333333333333,"North Fork Elementary",93643
"14488",20,75606,6024103,3,2012,111,60.5,"Spring Valley Elementary",93645
"14489",20,75606,6024103,4,2012,111,82,"Spring Valley Elementary",93645
"14490",20,75606,6024103,5,2012,111,64,"Spring Valley Elementary",93645
"14491",20,76414,2030013,9,2012,31,28.5870967741935,"Yosemite High",93644
"14492",20,76414,2030013,9,2012,111,55.2955974842767,"Yosemite High",93644
"14493",20,76414,2030013,10,2012,31,30.0275862068966,"Yosemite High",93644
"14494",20,76414,2030013,10,2012,111,50.7949183303085,"Yosemite High",93644
"14495",20,76414,2030013,11,2012,31,27.9183673469388,"Yosemite High",93644
"14496",20,76414,2030013,11,2012,111,44.2177121771218,"Yosemite High",93644
"14497",20,76414,6023915,2,2012,31,55.5,"Coarsegold Elementary",93614
"14498",20,76414,6023915,2,2012,111,70,"Coarsegold Elementary",93614
"14499",20,76414,6023915,3,2012,31,47,"Coarsegold Elementary",93614
"14500",20,76414,6023915,3,2012,111,63.5,"Coarsegold Elementary",93614
"14501",20,76414,6023915,4,2012,31,65,"Coarsegold Elementary",93614
"14502",20,76414,6023915,4,2012,111,64.1428571428571,"Coarsegold Elementary",93614
"14503",20,76414,6023915,5,2012,31,40.3733333333333,"Coarsegold Elementary",93614
"14504",20,76414,6023915,5,2012,111,58.8620689655172,"Coarsegold Elementary",93614
"14505",20,76414,6023915,6,2012,31,36.5714285714286,"Coarsegold Elementary",93614
"14506",20,76414,6023915,6,2012,111,83.5,"Coarsegold Elementary",93614
"14507",20,76414,6023915,7,2012,31,69.7878787878788,"Coarsegold Elementary",93614
"14508",20,76414,6023915,7,2012,111,74.4651162790698,"Coarsegold Elementary",93614
"14509",20,76414,6023915,8,2012,31,53.4772727272727,"Coarsegold Elementary",93614
"14510",20,76414,6023915,8,2012,111,56.4554455445545,"Coarsegold Elementary",93614
"14511",20,76414,6110019,2,2012,31,46,"Rivergold Elementary",93614
"14512",20,76414,6110019,2,2012,111,62.5,"Rivergold Elementary",93614
"14513",20,76414,6110019,3,2012,31,49.5,"Rivergold Elementary",93614
"14514",20,76414,6110019,3,2012,111,68.5,"Rivergold Elementary",93614
"14515",20,76414,6110019,4,2012,31,48,"Rivergold Elementary",93614
"14516",20,76414,6110019,4,2012,111,77.5,"Rivergold Elementary",93614
"14517",20,76414,6110019,5,2012,31,57,"Rivergold Elementary",93614
"14518",20,76414,6110019,5,2012,111,84.6666666666667,"Rivergold Elementary",93614
"14519",20,76414,6110019,6,2012,31,29.5,"Rivergold Elementary",93614
"14520",20,76414,6110019,6,2012,111,58.5,"Rivergold Elementary",93614
"14521",20,76414,6110019,7,2012,31,52.5,"Rivergold Elementary",93614
"14522",20,76414,6110019,7,2012,111,71.5,"Rivergold Elementary",93614
"14523",20,76414,6110019,8,2012,31,54.8266666666667,"Rivergold Elementary",93614
"14524",20,76414,6110019,8,2012,111,77.6188118811881,"Rivergold Elementary",93614
"14525",21,65318,6024202,6,2012,31,58.5,"Miller Creek Middle",94903
"14526",21,65318,6024202,6,2012,111,79.5497076023392,"Miller Creek Middle",94903
"14527",21,65318,6024202,7,2012,31,75,"Miller Creek Middle",94903
"14528",21,65318,6024202,7,2012,111,86.1756756756757,"Miller Creek Middle",94903
"14529",21,65318,6024202,8,2012,31,69.3387096774194,"Miller Creek Middle",94903
"14530",21,65318,6024202,8,2012,111,87.6345885634589,"Miller Creek Middle",94903
"14531",21,65318,6024244,2,2012,31,50,"Vallecito Elementary",94903
"14532",21,65318,6024244,2,2012,111,81.5,"Vallecito Elementary",94903
"14533",21,65318,6024244,3,2012,31,69.5,"Vallecito Elementary",94903
"14534",21,65318,6024244,3,2012,111,78.5,"Vallecito Elementary",94903
"14535",21,65318,6024244,4,2012,111,95,"Vallecito Elementary",94903
"14536",21,65318,6024244,5,2012,31,63.3414634146341,"Vallecito Elementary",94903
"14537",21,65318,6024244,5,2012,111,90.3333333333333,"Vallecito Elementary",94903
"14538",21,65334,6068308,5,2012,111,89.6538461538462,"Adaline E. Kent Middle",94904
"14539",21,65334,6068308,6,2012,111,90.5092936802974,"Adaline E. Kent Middle",94904
"14540",21,65334,6068308,7,2012,111,94,"Adaline E. Kent Middle",94904
"14541",21,65334,6068308,8,2012,111,92.0127659574468,"Adaline E. Kent Middle",94904
"14542",21,65359,6024335,4,2012,111,73.9130434782609,"Lagunitas Elementary",94963
"14543",21,65359,6024335,6,2012,111,65,"Lagunitas Elementary",94963
"14544",21,65359,6024335,7,2012,111,88,"Lagunitas Elementary",94963
"14545",21,65359,6024335,8,2012,111,48.9607843137255,"Lagunitas Elementary",94963
"14546",21,65367,6024350,5,2012,111,90.3446601941748,"Hall Middle",94939
"14547",21,65367,6024350,6,2012,31,46.5,"Hall Middle",94939
"14548",21,65367,6024350,6,2012,111,90.5,"Hall Middle",94939
"14549",21,65367,6024350,7,2012,31,37.5,"Hall Middle",94939
"14550",21,65367,6024350,7,2012,111,84.9550173010381,"Hall Middle",94939
"14551",21,65367,6024350,8,2012,31,43.8771929824561,"Hall Middle",94939
"14552",21,65367,6024350,8,2012,111,87.41046277666,"Hall Middle",94939
"14553",21,65367,6024376,2,2012,111,79,"Neil Cummins Elementary",94925
"14554",21,65367,6024376,3,2012,31,50,"Neil Cummins Elementary",94925
"14555",21,65367,6024376,3,2012,111,88,"Neil Cummins Elementary",94925
"14556",21,65367,6024376,4,2012,31,59.5,"Neil Cummins Elementary",94925
"14557",21,65367,6024376,4,2012,111,90,"Neil Cummins Elementary",94925
"14558",21,65391,6024442,2,2012,111,80,"Old Mill Elementary",94941
"14559",21,65391,6024442,3,2012,111,83,"Old Mill Elementary",94941
"14560",21,65391,6024442,4,2012,111,94,"Old Mill Elementary",94941
"14561",21,65391,6024442,5,2012,111,92.3333333333333,"Old Mill Elementary",94941
"14562",21,65391,6024459,2,2012,111,87,"Park Elementary",94941
"14563",21,65391,6024459,3,2012,111,87,"Park Elementary",94941
"14564",21,65391,6024459,4,2012,111,96.5,"Park Elementary",94941
"14565",21,65391,6024459,5,2012,111,88,"Park Elementary",94941
"14566",21,65391,6024475,2,2012,111,88.5,"Tamalpais Valley Elementary",94941
"14567",21,65391,6024475,3,2012,111,87,"Tamalpais Valley Elementary",94941
"14568",21,65391,6024475,4,2012,111,94,"Tamalpais Valley Elementary",94941
"14569",21,65391,6024475,5,2012,111,90.017094017094,"Tamalpais Valley Elementary",94941
"14570",21,65391,6085187,6,2012,31,55.5,"Mill Valley Middle",94941
"14571",21,65391,6085187,6,2012,111,89.0066115702479,"Mill Valley Middle",94941
"14572",21,65391,6085187,7,2012,111,90.9132007233273,"Mill Valley Middle",94941
"14573",21,65391,6085187,8,2012,31,73,"Mill Valley Middle",94941
"14574",21,65391,6085187,8,2012,111,94.3833693304536,"Mill Valley Middle",94941
"14575",21,65417,124081,6,2012,31,36.5,"San Jose Intermediate",94949
"14576",21,65417,124081,6,2012,111,79.5,"San Jose Intermediate",94949
"14577",21,65417,124081,7,2012,31,39.0641025641026,"San Jose Intermediate",94949
"14578",21,65417,124081,7,2012,111,79.8518518518518,"San Jose Intermediate",94949
"14579",21,65417,124081,8,2012,31,48.2668711656442,"San Jose Intermediate",94949
"14580",21,65417,124081,8,2012,111,85.5958646616541,"San Jose Intermediate",94949
"14581",21,65417,2132264,10,2012,31,32.0434782608696,"Marin Oaks High",94947
"14582",21,65417,2132264,11,2012,31,10.3333333333333,"Marin Oaks High",94947
"14583",21,65417,2132272,9,2012,31,39.9863481228669,"Novato High",94947
"14584",21,65417,2132272,9,2012,111,69.4841628959276,"Novato High",94947
"14585",21,65417,2132272,10,2012,31,36.4314115308151,"Novato High",94947
"14586",21,65417,2132272,10,2012,111,68.1985049833887,"Novato High",94947
"14587",21,65417,2132272,11,2012,31,32.3922261484099,"Novato High",94947
"14588",21,65417,2132272,11,2012,111,59.3144329896907,"Novato High",94947
"14589",21,65417,2133056,9,2012,31,30.2307692307692,"San Marin High",94945
"14590",21,65417,2133056,9,2012,111,67.3484848484848,"San Marin High",94945
"14591",21,65417,2133056,10,2012,31,32.7281553398058,"San Marin High",94945
"14592",21,65417,2133056,10,2012,111,54.4380165289256,"San Marin High",94945
"14593",21,65417,2133056,11,2012,31,27.6283185840708,"San Marin High",94945
"14594",21,65417,2133056,11,2012,111,51.3990536277603,"San Marin High",94945
"14595",21,65417,6024491,2,2012,31,78.9809523809524,"Hamilton Meadow Park",94949
"14596",21,65417,6024491,2,2012,111,89.041095890411,"Hamilton Meadow Park",94949
"14597",21,65417,6024491,3,2012,31,64.0108695652174,"Hamilton Meadow Park",94949
"14598",21,65417,6024491,3,2012,111,84,"Hamilton Meadow Park",94949
"14599",21,65417,6024491,4,2012,31,60.0190476190476,"Hamilton Meadow Park",94949
"14600",21,65417,6024491,4,2012,111,82.0786516853933,"Hamilton Meadow Park",94949
"14601",21,65417,6024491,5,2012,31,73.635593220339,"Hamilton Meadow Park",94949
"14602",21,65417,6024491,5,2012,111,88.9891304347826,"Hamilton Meadow Park",94949
"14603",21,65417,6024491,6,2012,31,19.1506849315068,"Hamilton Meadow Park",94949
"14604",21,65417,6024491,6,2012,111,71,"Hamilton Meadow Park",94949
"14605",21,65417,6024491,7,2012,31,35.3235294117647,"Hamilton Meadow Park",94949
"14606",21,65417,6024491,7,2012,111,64.6785714285714,"Hamilton Meadow Park",94949
"14607",21,65417,6024491,8,2012,31,33.3928571428571,"Hamilton Meadow Park",94949
"14608",21,65417,6024491,8,2012,111,67.5492957746479,"Hamilton Meadow Park",94949
"14609",21,65417,6024509,2,2012,31,62,"Loma Verde Elementary",94949
"14610",21,65417,6024509,2,2012,111,90.0379746835443,"Loma Verde Elementary",94949
"14611",21,65417,6024509,3,2012,31,48.5,"Loma Verde Elementary",94949
"14612",21,65417,6024509,3,2012,111,74,"Loma Verde Elementary",94949
"14613",21,65417,6024509,4,2012,31,46.5,"Loma Verde Elementary",94949
"14614",21,65417,6024509,4,2012,111,85.4754098360656,"Loma Verde Elementary",94949
"14615",21,65417,6024509,5,2012,31,72.6666666666667,"Loma Verde Elementary",94949
"14616",21,65417,6024509,5,2012,111,90.3333333333333,"Loma Verde Elementary",94949
"14617",21,65417,6024517,2,2012,31,40.5,"Lu Sutton Elementary",94947
"14618",21,65417,6024517,2,2012,111,89,"Lu Sutton Elementary",94947
"14619",21,65417,6024517,3,2012,31,50,"Lu Sutton Elementary",94947
"14620",21,65417,6024517,3,2012,111,78,"Lu Sutton Elementary",94947
"14621",21,65417,6024517,4,2012,31,64,"Lu Sutton Elementary",94947
"14622",21,65417,6024517,4,2012,111,97,"Lu Sutton Elementary",94947
"14623",21,65417,6024517,5,2012,31,53.3333333333333,"Lu Sutton Elementary",94947
"14624",21,65417,6024517,5,2012,111,73,"Lu Sutton Elementary",94947
"14625",21,65417,6024525,2,2012,31,55,"Lynwood Elementary",94947
"14626",21,65417,6024525,3,2012,31,50.8064516129032,"Lynwood Elementary",94947
"14627",21,65417,6024525,4,2012,31,55.1,"Lynwood Elementary",94947
"14628",21,65417,6024525,4,2012,111,93.5,"Lynwood Elementary",94947
"14629",21,65417,6024525,5,2012,31,53.6666666666667,"Lynwood Elementary",94947
"14630",21,65417,6024525,5,2012,111,94.3333333333333,"Lynwood Elementary",94947
"14631",21,65417,6024558,2,2012,31,39.5,"Olive Elementary",94945
"14632",21,65417,6024558,2,2012,111,83.5,"Olive Elementary",94945
"14633",21,65417,6024558,3,2012,31,55.5,"Olive Elementary",94945
"14634",21,65417,6024558,3,2012,111,83.5,"Olive Elementary",94945
"14635",21,65417,6024558,4,2012,31,63.9056603773585,"Olive Elementary",94945
"14636",21,65417,6024558,4,2012,111,88.5142857142857,"Olive Elementary",94945
"14637",21,65417,6024558,5,2012,31,42.8235294117647,"Olive Elementary",94945
"14638",21,65417,6024558,5,2012,111,70.6666666666667,"Olive Elementary",94945
"14639",21,65417,6024582,2,2012,111,90.5,"Rancho Elementary",94947
"14640",21,65417,6024582,3,2012,111,94.4827586206897,"Rancho Elementary",94947
"14641",21,65417,6024582,4,2012,111,92.9815950920245,"Rancho Elementary",94947
"14642",21,65417,6024582,5,2012,31,79,"Rancho Elementary",94947
"14643",21,65417,6024582,5,2012,111,88.6666666666667,"Rancho Elementary",94947
"14644",21,65417,6024590,2,2012,31,31.5,"San Ramon Elementary",94945
"14645",21,65417,6024590,2,2012,111,83.5,"San Ramon Elementary",94945
"14646",21,65417,6024590,3,2012,31,42.5,"San Ramon Elementary",94945
"14647",21,65417,6024590,3,2012,111,83.5,"San Ramon Elementary",94945
"14648",21,65417,6024590,4,2012,31,57,"San Ramon Elementary",94945
"14649",21,65417,6024590,4,2012,111,93,"San Ramon Elementary",94945
"14650",21,65417,6024590,5,2012,31,61.9666666666667,"San Ramon Elementary",94945
"14651",21,65417,6024590,5,2012,111,91.3333333333333,"San Ramon Elementary",94945
"14652",21,65417,6058614,6,2012,31,32.0536912751678,"Sinaloa Middle",94947
"14653",21,65417,6058614,6,2012,111,72.5,"Sinaloa Middle",94947
"14654",21,65417,6058614,7,2012,31,38.4390243902439,"Sinaloa Middle",94947
"14655",21,65417,6058614,7,2012,111,80.1240506329114,"Sinaloa Middle",94947
"14656",21,65417,6058614,8,2012,31,44.8549848942598,"Sinaloa Middle",94947
"14657",21,65417,6058614,8,2012,111,78.1345238095238,"Sinaloa Middle",94947
"14658",21,65417,6113229,2,2012,111,82,"Novato Charter",94949
"14659",21,65417,6113229,3,2012,111,100,"Novato Charter",94949
"14660",21,65417,6113229,4,2012,111,100,"Novato Charter",94949
"14661",21,65417,6113229,5,2012,111,74.3333333333333,"Novato Charter",94949
"14662",21,65417,6113229,6,2012,111,80,"Novato Charter",94949
"14663",21,65417,6113229,7,2012,111,93,"Novato Charter",94949
"14664",21,65417,6113229,8,2012,111,91.046511627907,"Novato Charter",94949
"14665",21,65425,6024616,3,2012,111,92.0030769230769,"Bel Aire Elementary",94920
"14666",21,65425,6024616,4,2012,111,95.5,"Bel Aire Elementary",94920
"14667",21,65425,6024616,5,2012,111,98,"Bel Aire Elementary",94920
"14668",21,65425,6024657,2,2012,111,85,"Reed Elementary",94920
"14669",21,65433,6024673,2,2012,111,90.5,"Ross Elementary",94957
"14670",21,65433,6024673,3,2012,111,97,"Ross Elementary",94957
"14671",21,65433,6024673,4,2012,111,100,"Ross Elementary",94957
"14672",21,65433,6024673,5,2012,111,83,"Ross Elementary",94957
"14673",21,65433,6024673,6,2012,111,86.5,"Ross Elementary",94957
"14674",21,65433,6024673,7,2012,111,82.7560975609756,"Ross Elementary",94957
"14675",21,65433,6024673,8,2012,111,93.0072463768116,"Ross Elementary",94957
"14676",21,65458,6024756,2,2012,31,60.015873015873,"Bahia Vista Elementary",94901
"14677",21,65458,6024756,3,2012,31,39.8552631578947,"Bahia Vista Elementary",94901
"14678",21,65458,6024756,4,2012,31,59.1,"Bahia Vista Elementary",94901
"14679",21,65458,6024756,5,2012,31,53.4331797235023,"Bahia Vista Elementary",94901
"14680",21,65458,6024764,2,2012,31,43.5,"Coleman Elementary",94901
"14681",21,65458,6024764,2,2012,111,89,"Coleman Elementary",94901
"14682",21,65458,6024764,3,2012,31,42.5,"Coleman Elementary",94901
"14683",21,65458,6024764,3,2012,111,84.5538461538462,"Coleman Elementary",94901
"14684",21,65458,6024764,4,2012,31,88,"Coleman Elementary",94901
"14685",21,65458,6024764,4,2012,111,97,"Coleman Elementary",94901
"14686",21,65458,6024764,5,2012,31,56,"Coleman Elementary",94901
"14687",21,65458,6024764,5,2012,111,92,"Coleman Elementary",94901
"14688",21,65458,6024780,2,2012,31,32.5,"Glenwood Elementary",94901
"14689",21,65458,6024780,2,2012,111,90.5,"Glenwood Elementary",94901
"14690",21,65458,6024780,3,2012,111,86.5,"Glenwood Elementary",94901
"14691",21,65458,6024780,4,2012,111,94,"Glenwood Elementary",94901
"14692",21,65458,6024780,5,2012,111,85,"Glenwood Elementary",94901
"14693",21,65458,6024814,2,2012,31,49,"Laurel Dell Elementary",94901
"14694",21,65458,6024814,3,2012,31,17.5,"Laurel Dell Elementary",94901
"14695",21,65458,6024814,4,2012,31,59.7446808510638,"Laurel Dell Elementary",94901
"14696",21,65458,6024814,5,2012,31,41.4159292035398,"Laurel Dell Elementary",94901
"14697",21,65458,6024830,2,2012,31,33,"San Pedro Elementary",94901
"14698",21,65458,6024830,3,2012,31,47.1103448275862,"San Pedro Elementary",94901
"14699",21,65458,6024830,4,2012,31,54.2238805970149,"San Pedro Elementary",94901
"14700",21,65458,6024830,5,2012,31,61.8645161290323,"San Pedro Elementary",94901
"14701",21,65458,6024863,2,2012,31,44.5,"Sun Valley Elementary",94901
"14702",21,65458,6024863,2,2012,111,96,"Sun Valley Elementary",94901
"14703",21,65458,6024863,3,2012,31,36,"Sun Valley Elementary",94901
"14704",21,65458,6024863,3,2012,111,76.4608695652174,"Sun Valley Elementary",94901
"14705",21,65458,6024863,4,2012,31,67.8387096774194,"Sun Valley Elementary",94901
"14706",21,65458,6024863,4,2012,111,94.4583333333333,"Sun Valley Elementary",94901
"14707",21,65458,6024863,5,2012,111,91.0119760479042,"Sun Valley Elementary",94901
"14708",21,65458,6058622,6,2012,31,50.936,"James B. Davidson Middle",94901
"14709",21,65458,6058622,6,2012,111,88,"James B. Davidson Middle",94901
"14710",21,65458,6058622,7,2012,31,46.6146788990826,"James B. Davidson Middle",94901
"14711",21,65458,6058622,7,2012,111,82.6359223300971,"James B. Davidson Middle",94901
"14712",21,65458,6058622,8,2012,31,43.9923896499239,"James B. Davidson Middle",94901
"14713",21,65458,6058622,8,2012,111,78.1805555555556,"James B. Davidson Middle",94901
"14714",21,65466,2133262,9,2012,31,29.5914634146341,"San Rafael High",94901
"14715",21,65466,2133262,9,2012,111,88.1775362318841,"San Rafael High",94901
"14716",21,65466,2133262,10,2012,31,26.871237458194,"San Rafael High",94901
"14717",21,65466,2133262,10,2012,111,71.6009280742459,"San Rafael High",94901
"14718",21,65466,2133262,11,2012,31,28.2589743589744,"San Rafael High",94901
"14719",21,65466,2133262,11,2012,111,62.4360655737705,"San Rafael High",94901
"14720",21,65466,2134005,9,2012,31,31.0316205533597,"Terra Linda High",94903
"14721",21,65466,2134005,9,2012,111,73.1939393939394,"Terra Linda High",94903
"14722",21,65466,2134005,10,2012,31,32.103982300885,"Terra Linda High",94903
"14723",21,65466,2134005,10,2012,111,63.6630872483221,"Terra Linda High",94903
"14724",21,65466,2134005,11,2012,31,34.6129032258064,"Terra Linda High",94903
"14725",21,65466,2134005,11,2012,111,64.9347826086957,"Terra Linda High",94903
"14726",21,65482,2132587,9,2012,31,52.0181818181818,"Redwood High",94939
"14727",21,65482,2132587,9,2012,111,82.5364372469636,"Redwood High",94939
"14728",21,65482,2132587,10,2012,31,47.6666666666667,"Redwood High",94939
"14729",21,65482,2132587,10,2012,111,82.5740423098914,"Redwood High",94939
"14730",21,65482,2132587,11,2012,31,54.7741935483871,"Redwood High",94939
"14731",21,65482,2132587,11,2012,111,69.7513148009016,"Redwood High",94939
"14732",21,65482,2133692,9,2012,31,32.40625,"Tamalpais High",94941
"14733",21,65482,2133692,9,2012,111,71.8163265306122,"Tamalpais High",94941
"14734",21,65482,2133692,10,2012,31,46.9022556390977,"Tamalpais High",94941
"14735",21,65482,2133692,10,2012,111,75.0829163688349,"Tamalpais High",94941
"14736",21,65482,2133692,11,2012,31,30.3559322033898,"Tamalpais High",94941
"14737",21,65482,2133692,11,2012,111,63.8270377733598,"Tamalpais High",94941
"14738",21,73361,2134310,9,2012,31,27.9066666666667,"Tomales High",94971
"14739",21,73361,2134310,9,2012,111,58.7450980392157,"Tomales High",94971
"14740",21,73361,2134310,10,2012,31,25.7619047619048,"Tomales High",94971
"14741",21,73361,2134310,10,2012,111,62,"Tomales High",94971
"14742",21,73361,2134310,11,2012,31,42.7037037037037,"Tomales High",94971
"14743",21,73361,2134310,11,2012,111,54.5445544554455,"Tomales High",94971
"14744",21,73361,6024921,3,2012,31,59.92,"Tomales Elementary",94971
"14745",21,73361,6024921,4,2012,31,59.5,"Tomales Elementary",94971
"14746",21,73361,6024921,4,2012,111,92,"Tomales Elementary",94971
"14747",21,73361,6024921,5,2012,31,53,"Tomales Elementary",94971
"14748",21,73361,6024921,5,2012,111,91.6666666666667,"Tomales Elementary",94971
"14749",21,73361,6024921,6,2012,31,53.5,"Tomales Elementary",94971
"14750",21,73361,6024921,6,2012,111,73,"Tomales Elementary",94971
"14751",21,73361,6024921,7,2012,31,50,"Tomales Elementary",94971
"14752",21,73361,6024921,8,2012,31,69.4193548387097,"Tomales Elementary",94971
"14753",21,73361,6024921,8,2012,111,79,"Tomales Elementary",94971
"14754",21,73361,6024954,4,2012,31,43.5,"West Marin Elementary",94956
"14755",21,73361,6024954,7,2012,31,36,"West Marin Elementary",94956
"14756",21,75002,6024277,2,2012,31,39.5,"Manor Elementary",94930
"14757",21,75002,6024277,2,2012,111,81,"Manor Elementary",94930
"14758",21,75002,6024277,3,2012,111,71.5603448275862,"Manor Elementary",94930
"14759",21,75002,6024277,4,2012,31,64.5,"Manor Elementary",94930
"14760",21,75002,6024277,4,2012,111,92,"Manor Elementary",94930
"14761",21,75002,6024277,5,2012,111,84.6666666666667,"Manor Elementary",94930
"14762",21,75002,6024285,6,2012,31,78.5,"White Hill Middle",94930
"14763",21,75002,6024285,6,2012,111,90.4845679012346,"White Hill Middle",94930
"14764",21,75002,6024285,7,2012,31,78.5538461538462,"White Hill Middle",94930
"14765",21,75002,6024285,7,2012,111,84.1359223300971,"White Hill Middle",94930
"14766",21,75002,6024285,8,2012,31,53.3793103448276,"White Hill Middle",94930
"14767",21,75002,6024285,8,2012,111,84.9656652360515,"White Hill Middle",94930
"14768",21,75002,6024681,2,2012,111,94.5,"Brookside Elementary",94960
"14769",21,75002,6024681,3,2012,111,80,"Brookside Elementary",94960
"14770",21,75002,6024731,2,2012,31,75,"Wade Thomas Elementary",94960
"14771",21,75002,6024731,2,2012,111,91.5,"Wade Thomas Elementary",94960
"14772",21,75002,6024731,3,2012,111,80.5,"Wade Thomas Elementary",94960
"14773",21,75002,6024731,4,2012,31,95.5,"Wade Thomas Elementary",94960
"14774",21,75002,6024731,4,2012,111,92.5,"Wade Thomas Elementary",94960
"14775",21,75002,6024731,5,2012,111,90.3333333333333,"Wade Thomas Elementary",94960
"14776",22,65532,2235356,9,2012,31,52,"Mariposa County High",95338
"14777",22,65532,2235356,9,2012,111,59.4202898550725,"Mariposa County High",95338
"14778",22,65532,2235356,10,2012,31,50.1463414634146,"Mariposa County High",95338
"14779",22,65532,2235356,10,2012,111,66.5564971751412,"Mariposa County High",95338
"14780",22,65532,2235356,11,2012,31,35.0753424657534,"Mariposa County High",95338
"14781",22,65532,2235356,11,2012,111,39.3984375,"Mariposa County High",95338
"14782",22,65532,6025035,2,2012,31,76.5,"Mariposa Elementary",95338
"14783",22,65532,6025035,2,2012,111,84,"Mariposa Elementary",95338
"14784",22,65532,6025035,3,2012,31,38.2571428571429,"Mariposa Elementary",95338
"14785",22,65532,6025035,3,2012,111,42.5,"Mariposa Elementary",95338
"14786",22,65532,6025035,4,2012,31,25.7254901960784,"Mariposa Elementary",95338
"14787",22,65532,6025035,4,2012,111,68.24,"Mariposa Elementary",95338
"14788",22,65532,6025035,5,2012,31,51.671875,"Mariposa Elementary",95338
"14789",22,65532,6025035,5,2012,111,75,"Mariposa Elementary",95338
"14790",22,65532,6025035,6,2012,31,48.6756756756757,"Mariposa Elementary",95338
"14791",22,65532,6025035,6,2012,111,64,"Mariposa Elementary",95338
"14792",22,65532,6025050,2,2012,31,73,"Woodland Elementary",95338
"14793",22,65532,6025050,2,2012,111,88.5,"Woodland Elementary",95338
"14794",22,65532,6025050,3,2012,31,61.5,"Woodland Elementary",95338
"14795",22,65532,6025050,3,2012,111,91,"Woodland Elementary",95338
"14796",22,65532,6025050,4,2012,31,81.5,"Woodland Elementary",95338
"14797",22,65532,6025050,4,2012,111,93.5161290322581,"Woodland Elementary",95338
"14798",22,65532,6025050,5,2012,31,72,"Woodland Elementary",95338
"14799",22,65532,6025050,5,2012,111,95.0421052631579,"Woodland Elementary",95338
"14800",22,65532,6025050,6,2012,31,80.8064516129032,"Woodland Elementary",95338
"14801",22,65532,6025050,6,2012,111,68.625,"Woodland Elementary",95338
"14802",22,65532,6103477,3,2012,31,50,"Lake Don Pedro Elementary",95329
"14803",22,65532,6103477,4,2012,31,82,"Lake Don Pedro Elementary",95329
"14804",22,65532,6103477,5,2012,111,76,"Lake Don Pedro Elementary",95329
"14805",22,65532,6103477,6,2012,31,71.5,"Lake Don Pedro Elementary",95329
"14806",22,65532,6103477,6,2012,111,77.5,"Lake Don Pedro Elementary",95329
"14807",22,65532,6103477,8,2012,31,69.6666666666667,"Lake Don Pedro Elementary",95329
"14808",23,65540,6025084,2,2012,31,36,"Anderson Valley Elementary",95415
"14809",23,65540,6025084,3,2012,31,31,"Anderson Valley Elementary",95415
"14810",23,65540,6025084,4,2012,31,52.8979591836735,"Anderson Valley Elementary",95415
"14811",23,65540,6025084,5,2012,31,26.3333333333333,"Anderson Valley Elementary",95415
"14812",23,65540,6025084,6,2012,31,49.5,"Anderson Valley Elementary",95415
"14813",23,65557,6025092,2,2012,31,59,"Arena Elementary",95468
"14814",23,65557,6025092,3,2012,31,27.7241379310345,"Arena Elementary",95468
"14815",23,65557,6025092,4,2012,31,30,"Arena Elementary",95468
"14816",23,65557,6025092,5,2012,31,64,"Arena Elementary",95468
"14817",23,65557,6025092,6,2012,31,19.5,"Arena Elementary",95468
"14818",23,65557,6025092,7,2012,31,66.5,"Arena Elementary",95468
"14819",23,65557,6025092,8,2012,31,40.4415584415584,"Arena Elementary",95468
"14820",23,65565,123737,5,2012,111,51.3333333333333,"Three Rivers Charter",95437
"14821",23,65565,2331361,9,2012,31,43.4773869346734,"Fort Bragg High",95437
"14822",23,65565,2331361,9,2012,111,65.3706896551724,"Fort Bragg High",95437
"14823",23,65565,2331361,10,2012,31,47.3129973474801,"Fort Bragg High",95437
"14824",23,65565,2331361,10,2012,111,53.437125748503,"Fort Bragg High",95437
"14825",23,65565,2331361,11,2012,31,48.2522935779817,"Fort Bragg High",95437
"14826",23,65565,2331361,11,2012,111,54.3225806451613,"Fort Bragg High",95437
"14827",23,65565,6025126,2,2012,31,54,"Redwood Elementary",95437
"14828",23,65565,6025126,2,2012,111,84.5,"Redwood Elementary",95437
"14829",23,65565,6061667,6,2012,31,30,"Fort Bragg Middle",95437
"14830",23,65565,6061667,6,2012,111,62.1290322580645,"Fort Bragg Middle",95437
"14831",23,65565,6061667,7,2012,31,53.5,"Fort Bragg Middle",95437
"14832",23,65565,6061667,7,2012,111,66.5,"Fort Bragg Middle",95437
"14833",23,65565,6061667,8,2012,31,39.1440443213296,"Fort Bragg Middle",95437
"14834",23,65565,6061667,8,2012,111,66.9074074074074,"Fort Bragg Middle",95437
"14835",23,65581,2333185,9,2012,31,79.0833333333333,"Mendocino High",95460
"14836",23,65581,2333185,9,2012,111,49.9166666666667,"Mendocino High",95460
"14837",23,65581,2333185,10,2012,31,64,"Mendocino High",95460
"14838",23,65581,2333185,10,2012,111,73.6415094339623,"Mendocino High",95460
"14839",23,65581,2333185,11,2012,31,55.7777777777778,"Mendocino High",95460
"14840",23,65581,2333185,11,2012,111,73.0322580645161,"Mendocino High",95460
"14841",23,65581,6025167,2,2012,31,53.5,"Mendocino K-8",95460
"14842",23,65581,6025167,2,2012,111,67,"Mendocino K-8",95460
"14843",23,65581,6025167,3,2012,111,66,"Mendocino K-8",95460
"14844",23,65581,6025167,4,2012,31,37.5,"Mendocino K-8",95460
"14845",23,65581,6025167,4,2012,111,82,"Mendocino K-8",95460
"14846",23,65581,6025167,5,2012,111,75.3333333333333,"Mendocino K-8",95460
"14847",23,65581,6025167,6,2012,31,32.5,"Mendocino K-8",95460
"14848",23,65581,6025167,6,2012,111,57.5,"Mendocino K-8",95460
"14849",23,65581,6025167,7,2012,31,60.24,"Mendocino K-8",95460
"14850",23,65581,6025167,7,2012,111,62.2264150943396,"Mendocino K-8",95460
"14851",23,65581,6025167,8,2012,31,51.3333333333333,"Mendocino K-8",95460
"14852",23,65581,6025167,8,2012,111,77.4921875,"Mendocino K-8",95460
"14853",23,65599,2333649,9,2012,31,18.1639344262295,"Point Arena High",95468
"14854",23,65599,2333649,10,2012,31,31.2986111111111,"Point Arena High",95468
"14855",23,65599,2333649,10,2012,111,68.4736842105263,"Point Arena High",95468
"14856",23,65599,2333649,11,2012,31,15.0379746835443,"Point Arena High",95468
"14857",23,65607,2334563,9,2012,31,3.04761904761905,"Round Valley High",95428
"14858",23,65607,6025175,2,2012,31,31,"Round Valley Elementary",95428
"14859",23,65607,6025175,3,2012,31,63.5,"Round Valley Elementary",95428
"14860",23,65607,6025175,4,2012,31,28,"Round Valley Elementary",95428
"14861",23,65607,6025175,5,2012,31,38,"Round Valley Elementary",95428
"14862",23,65607,6025175,6,2012,31,50,"Round Valley Elementary",95428
"14863",23,65607,6025175,7,2012,31,18,"Round Valley Elementary",95428
"14864",23,65607,6025175,8,2012,31,21.9393939393939,"Round Valley Elementary",95428
"14865",23,65615,101147,2,2012,31,20.8543689320388,"Grace Hudson Elementary",95482
"14866",23,65615,101147,2,2012,111,75,"Grace Hudson Elementary",95482
"14867",23,65615,101147,3,2012,31,21.5,"Grace Hudson Elementary",95482
"14868",23,65615,101147,3,2012,111,70,"Grace Hudson Elementary",95482
"14869",23,65615,101147,4,2012,31,39,"Grace Hudson Elementary",95482
"14870",23,65615,101147,4,2012,111,87,"Grace Hudson Elementary",95482
"14871",23,65615,101147,5,2012,31,24,"Grace Hudson Elementary",95482
"14872",23,65615,101147,5,2012,111,72.3333333333333,"Grace Hudson Elementary",95482
"14873",23,65615,115055,2,2012,31,45.5,"River Oak Charter",95482
"14874",23,65615,115055,3,2012,31,38.5,"River Oak Charter",95482
"14875",23,65615,115055,3,2012,111,39.5,"River Oak Charter",95482
"14876",23,65615,115055,4,2012,111,46,"River Oak Charter",95482
"14877",23,65615,115055,5,2012,111,76,"River Oak Charter",95482
"14878",23,65615,115055,6,2012,111,62,"River Oak Charter",95482
"14879",23,65615,115055,7,2012,111,84.5,"River Oak Charter",95482
"14880",23,65615,2335024,9,2012,31,30.3828571428571,"Ukiah High",95482
"14881",23,65615,2335024,9,2012,111,51.5025125628141,"Ukiah High",95482
"14882",23,65615,2335024,10,2012,31,29.6517205422315,"Ukiah High",95482
"14883",23,65615,2335024,10,2012,111,53.8204747774481,"Ukiah High",95482
"14884",23,65615,2335024,11,2012,31,28.7354948805461,"Ukiah High",95482
"14885",23,65615,2335024,11,2012,111,52.571661237785,"Ukiah High",95482
"14886",23,65615,6025183,2,2012,31,34.5,"Calpella Elementary",95482
"14887",23,65615,6025183,2,2012,111,73.5,"Calpella Elementary",95482
"14888",23,65615,6025183,3,2012,31,29.5,"Calpella Elementary",95482
"14889",23,65615,6025183,3,2012,111,64,"Calpella Elementary",95482
"14890",23,65615,6025183,4,2012,31,47.5132743362832,"Calpella Elementary",95482
"14891",23,65615,6025183,4,2012,111,68,"Calpella Elementary",95482
"14892",23,65615,6025217,2,2012,31,29,"Nokomis Elementary",95482
"14893",23,65615,6025217,3,2012,31,39.5,"Nokomis Elementary",95482
"14894",23,65615,6025217,4,2012,31,42,"Nokomis Elementary",95482
"14895",23,65615,6025217,5,2012,31,25.6666666666667,"Nokomis Elementary",95482
"14896",23,65615,6025225,2,2012,31,37,"Oak Manor Elementary",95482
"14897",23,65615,6025225,3,2012,31,41.6324786324786,"Oak Manor Elementary",95482
"14898",23,65615,6025225,4,2012,31,46.0413223140496,"Oak Manor Elementary",95482
"14899",23,65615,6025225,4,2012,111,60,"Oak Manor Elementary",95482
"14900",23,65615,6025225,5,2012,31,41.6666666666667,"Oak Manor Elementary",95482
"14901",23,65615,6025225,6,2012,31,35,"Oak Manor Elementary",95482
"14902",23,65615,6025233,6,2012,31,31.5,"Pomolita Middle",95482
"14903",23,65615,6025233,6,2012,111,65,"Pomolita Middle",95482
"14904",23,65615,6025233,7,2012,31,38.9457831325301,"Pomolita Middle",95482
"14905",23,65615,6025233,7,2012,111,56.4859154929577,"Pomolita Middle",95482
"14906",23,65615,6025233,8,2012,31,38.4232558139535,"Pomolita Middle",95482
"14907",23,65615,6025233,8,2012,111,58.7552447552448,"Pomolita Middle",95482
"14908",23,65615,6025274,2,2012,31,59.5,"Yokayo Elementary",95482
"14909",23,65615,6025274,2,2012,111,69,"Yokayo Elementary",95482
"14910",23,65615,6025274,3,2012,31,39,"Yokayo Elementary",95482
"14911",23,65615,6025274,3,2012,111,69.6744186046512,"Yokayo Elementary",95482
"14912",23,65615,6025274,4,2012,31,40,"Yokayo Elementary",95482
"14913",23,65615,6025274,4,2012,111,72.5,"Yokayo Elementary",95482
"14914",23,65615,6025274,5,2012,31,43.0153846153846,"Yokayo Elementary",95482
"14915",23,65615,6025274,5,2012,111,72.6666666666667,"Yokayo Elementary",95482
"14916",23,65615,6025274,6,2012,31,52.8192771084337,"Yokayo Elementary",95482
"14917",23,65615,6025274,6,2012,111,84,"Yokayo Elementary",95482
"14918",23,65615,6114581,5,2012,31,38.3333333333333,"Eagle Peak Middle",95470
"14919",23,65615,6114581,5,2012,111,66.3333333333333,"Eagle Peak Middle",95470
"14920",23,65615,6114581,6,2012,31,33.5,"Eagle Peak Middle",95470
"14921",23,65615,6114581,6,2012,111,52,"Eagle Peak Middle",95470
"14922",23,65615,6114581,7,2012,31,36.0405405405405,"Eagle Peak Middle",95470
"14923",23,65615,6114581,7,2012,111,55.3333333333333,"Eagle Peak Middle",95470
"14924",23,65615,6114581,8,2012,31,49.5128205128205,"Eagle Peak Middle",95470
"14925",23,65615,6114581,8,2012,111,67.4166666666667,"Eagle Peak Middle",95470
"14926",23,65623,2330363,6,2012,31,58.5,"Willits Charter",95490
"14927",23,65623,2330363,7,2012,31,40.4864864864865,"Willits Charter",95490
"14928",23,65623,2330363,8,2012,111,25.6666666666667,"Willits Charter",95490
"14929",23,65623,2330363,10,2012,31,67.8035714285714,"Willits Charter",95490
"14930",23,65623,2330363,11,2012,111,41.5,"Willits Charter",95490
"14931",23,65623,2335487,9,2012,31,31.4375,"Willits High",95490
"14932",23,65623,2335487,9,2012,111,42.0509554140127,"Willits High",95490
"14933",23,65623,2335487,10,2012,31,34.0575539568345,"Willits High",95490
"14934",23,65623,2335487,10,2012,111,37.4745762711864,"Willits High",95490
"14935",23,65623,2335487,11,2012,31,24.5197740112994,"Willits High",95490
"14936",23,65623,2335487,11,2012,111,53.1875,"Willits High",95490
"14937",23,65623,6025282,6,2012,31,33.5,"Baechtel Grove Middle",95490
"14938",23,65623,6025282,6,2012,111,47,"Baechtel Grove Middle",95490
"14939",23,65623,6025282,7,2012,31,34.5789473684211,"Baechtel Grove Middle",95490
"14940",23,65623,6025282,7,2012,111,48.5,"Baechtel Grove Middle",95490
"14941",23,65623,6025282,8,2012,31,44.3145161290323,"Baechtel Grove Middle",95490
"14942",23,65623,6025282,8,2012,111,56.3214285714286,"Baechtel Grove Middle",95490
"14943",23,65623,6025290,2,2012,31,53.5,"Brookside Elementary",95490
"14944",23,65623,6025290,2,2012,111,86.5,"Brookside Elementary",95490
"14945",23,65623,6108369,3,2012,31,37.5,"Blosser Lane Elementary",95490
"14946",23,65623,6108369,3,2012,111,61,"Blosser Lane Elementary",95490
"14947",23,65623,6108369,4,2012,31,51,"Blosser Lane Elementary",95490
"14948",23,65623,6108369,4,2012,111,73,"Blosser Lane Elementary",95490
"14949",23,65623,6108369,5,2012,31,41.3333333333333,"Blosser Lane Elementary",95490
"14950",23,65623,6108369,5,2012,111,62.9701492537313,"Blosser Lane Elementary",95490
"14951",23,73866,107250,7,2012,31,29.5,"Potter Valley Junior High",95469
"14952",23,73866,107250,8,2012,31,22.9242424242424,"Potter Valley Junior High",95469
"14953",23,73866,2330041,10,2012,31,34.494623655914,"Potter Valley High",95469
"14954",23,73866,2330041,11,2012,31,34.5,"Potter Valley High",95469
"14955",23,73866,2330041,11,2012,111,50,"Potter Valley High",95469
"14956",23,73866,6025241,2,2012,31,30,"Potter Valley Elementary",95469
"14957",23,73866,6025241,4,2012,31,36,"Potter Valley Elementary",95469
"14958",23,73866,6025241,5,2012,31,44.3333333333333,"Potter Valley Elementary",95469
"14959",23,73866,6025241,6,2012,31,40,"Potter Valley Elementary",95469
"14960",23,73916,2332260,9,2012,31,29.1666666666667,"Laytonville High",95454
"14961",23,73916,2332260,9,2012,111,60.6521739130435,"Laytonville High",95454
"14962",23,73916,2332260,10,2012,31,31.5,"Laytonville High",95454
"14963",23,73916,2332260,10,2012,111,18,"Laytonville High",95454
"14964",23,73916,2332260,11,2012,111,41.3103448275862,"Laytonville High",95454
"14965",23,73916,6025308,2,2012,31,55,"Laytonville Elementary",95454
"14966",23,73916,6025308,3,2012,31,40,"Laytonville Elementary",95454
"14967",23,73916,6025308,4,2012,31,55,"Laytonville Elementary",95454
"14968",23,73916,6025308,5,2012,31,57.6666666666667,"Laytonville Elementary",95454
"14969",23,73916,6025308,6,2012,31,28.5,"Laytonville Elementary",95454
"14970",23,73916,6025308,7,2012,31,19.5,"Laytonville Elementary",95454
"14971",23,73916,6025308,8,2012,31,30.6666666666667,"Laytonville Elementary",95454
"14972",24,65631,101402,8,2012,31,25,"Atwater Senior Academy",95301
"14973",24,65631,6025324,2,2012,31,54.9888268156425,"Bellevue Elementary",95301
"14974",24,65631,6025324,3,2012,31,56.4,"Bellevue Elementary",95301
"14975",24,65631,6025324,4,2012,31,57,"Bellevue Elementary",95301
"14976",24,65631,6025324,5,2012,31,59,"Bellevue Elementary",95301
"14977",24,65631,6025324,6,2012,31,40.9454545454545,"Bellevue Elementary",95301
"14978",24,65631,6025324,7,2012,31,52.0068965517241,"Bellevue Elementary",95301
"14979",24,65631,6025324,8,2012,31,44.4320987654321,"Bellevue Elementary",95301
"14980",24,65631,6025340,2,2012,31,52,"Mitchell Elementary",95301
"14981",24,65631,6025340,3,2012,31,60.5,"Mitchell Elementary",95301
"14982",24,65631,6025340,4,2012,31,59.0372670807453,"Mitchell Elementary",95301
"14983",24,65631,6025340,4,2012,111,65.5,"Mitchell Elementary",95301
"14984",24,65631,6025340,5,2012,31,63.4123222748815,"Mitchell Elementary",95301
"14985",24,65631,6025340,5,2012,111,73,"Mitchell Elementary",95301
"14986",24,65631,6025340,6,2012,31,68.5,"Mitchell Elementary",95301
"14987",24,65631,6025357,7,2012,31,54.6698262243286,"Mitchell Intermediate",95301
"14988",24,65631,6025357,7,2012,111,69.2,"Mitchell Intermediate",95301
"14989",24,65631,6025357,8,2012,31,56.3637931034483,"Mitchell Intermediate",95301
"14990",24,65631,6025357,8,2012,111,71.8503401360544,"Mitchell Intermediate",95301
"14991",24,65631,6025365,2,2012,31,75,"Shaffer Elementary",95301
"14992",24,65631,6025365,3,2012,31,55,"Shaffer Elementary",95301
"14993",24,65631,6025365,4,2012,31,84.5,"Shaffer Elementary",95301
"14994",24,65631,6025365,5,2012,31,48,"Shaffer Elementary",95301
"14995",24,65631,6025365,6,2012,31,61,"Shaffer Elementary",95301
"14996",24,65631,6113161,2,2012,31,68,"Peggy Heller Elementary",95301
"14997",24,65631,6113161,2,2012,111,90,"Peggy Heller Elementary",95301
"14998",24,65631,6113161,3,2012,31,74.1428571428571,"Peggy Heller Elementary",95301
"14999",24,65631,6113161,3,2012,111,88.5,"Peggy Heller Elementary",95301
"15000",24,65631,6113161,4,2012,31,78,"Peggy Heller Elementary",95301
"15001",24,65631,6113161,4,2012,111,79,"Peggy Heller Elementary",95301
"15002",24,65631,6113161,5,2012,31,58.9586776859504,"Peggy Heller Elementary",95301
"15003",24,65631,6113161,5,2012,111,74.0172413793103,"Peggy Heller Elementary",95301
"15004",24,65631,6113161,6,2012,31,51.9493670886076,"Peggy Heller Elementary",95301
"15005",24,65631,6113161,6,2012,111,76.5,"Peggy Heller Elementary",95301
"15006",24,65680,6025456,2,2012,31,38,"El Nido Elementary",95317
"15007",24,65680,6025456,3,2012,31,31.5428571428571,"El Nido Elementary",95317
"15008",24,65680,6025456,4,2012,31,67.5,"El Nido Elementary",95317
"15009",24,65680,6025456,5,2012,31,54.6666666666667,"El Nido Elementary",95317
"15010",24,65680,6025456,6,2012,31,56,"El Nido Elementary",95317
"15011",24,65680,6025456,7,2012,31,47,"El Nido Elementary",95317
"15012",24,65680,6025456,8,2012,31,50.16,"El Nido Elementary",95317
"15013",24,65698,2432409,9,2012,31,52.8076923076923,"Hilmar High",95324
"15014",24,65698,2432409,9,2012,111,56.9952830188679,"Hilmar High",95324
"15015",24,65698,2432409,10,2012,31,41.6935866983373,"Hilmar High",95324
"15016",24,65698,2432409,10,2012,111,56.7798913043478,"Hilmar High",95324
"15017",24,65698,2432409,11,2012,31,32.1968503937008,"Hilmar High",95324
"15018",24,65698,2432409,11,2012,111,43.4838709677419,"Hilmar High",95324
"15019",24,65698,6025464,2,2012,31,44.5,"Elim Elementary",95324
"15020",24,65698,6025464,2,2012,111,66.5,"Elim Elementary",95324
"15021",24,65698,6025464,3,2012,31,42.6981132075472,"Elim Elementary",95324
"15022",24,65698,6025464,3,2012,111,72.5,"Elim Elementary",95324
"15023",24,65698,6025464,4,2012,31,62.5443037974684,"Elim Elementary",95324
"15024",24,65698,6025464,4,2012,111,78.0740740740741,"Elim Elementary",95324
"15025",24,65698,6025464,5,2012,31,53.0599078341014,"Elim Elementary",95324
"15026",24,65698,6025464,5,2012,111,77.751677852349,"Elim Elementary",95324
"15027",24,65698,6109458,6,2012,31,37,"Hilmar Middle",95324
"15028",24,65698,6109458,6,2012,111,61.0518518518519,"Hilmar Middle",95324
"15029",24,65698,6109458,7,2012,31,37.9529411764706,"Hilmar Middle",95324
"15030",24,65698,6109458,7,2012,111,47.671875,"Hilmar Middle",95324
"15031",24,65698,6109458,8,2012,31,42.6555555555556,"Hilmar Middle",95324
"15032",24,65698,6109458,8,2012,111,67.26953125,"Hilmar Middle",95324
"15033",24,65722,6025498,2,2012,31,38,"Le Grand Elementary",95333
"15034",24,65722,6025498,2,2012,111,46.5,"Le Grand Elementary",95333
"15035",24,65722,6025498,3,2012,31,15.2727272727273,"Le Grand Elementary",95333
"15036",24,65722,6025498,3,2012,111,41.5818181818182,"Le Grand Elementary",95333
"15037",24,65722,6025498,4,2012,31,34.5,"Le Grand Elementary",95333
"15038",24,65722,6025498,4,2012,111,44,"Le Grand Elementary",95333
"15039",24,65722,6025498,5,2012,31,22.6666666666667,"Le Grand Elementary",95333
"15040",24,65722,6025498,5,2012,111,58.3333333333333,"Le Grand Elementary",95333
"15041",24,65722,6025498,6,2012,31,14.5,"Le Grand Elementary",95333
"15042",24,65722,6025498,6,2012,111,39,"Le Grand Elementary",95333
"15043",24,65722,6025498,7,2012,31,50,"Le Grand Elementary",95333
"15044",24,65722,6025498,7,2012,111,73.8888888888889,"Le Grand Elementary",95333
"15045",24,65722,6025498,8,2012,31,43.2,"Le Grand Elementary",95333
"15046",24,65722,6025498,8,2012,111,48.5981308411215,"Le Grand Elementary",95333
"15047",24,65730,2433001,9,2012,31,29.4364640883978,"Le Grand High",95333
"15048",24,65730,2433001,10,2012,31,17.2525849335303,"Le Grand High",95333
"15049",24,65730,2433001,11,2012,31,36.741847826087,"Le Grand High",95333
"15050",24,65748,6025506,2,2012,31,60.5,"Campus Park Elementary",95334
"15051",24,65748,6025506,3,2012,31,43.5,"Campus Park Elementary",95334
"15052",24,65748,6025506,4,2012,31,59.5,"Campus Park Elementary",95334
"15053",24,65748,6025506,4,2012,111,71,"Campus Park Elementary",95334
"15054",24,65748,6025506,5,2012,31,46,"Campus Park Elementary",95334
"15055",24,65748,6025514,6,2012,31,43.4697674418605,"Livingston Middle",95334
"15056",24,65748,6025514,6,2012,111,53,"Livingston Middle",95334
"15057",24,65748,6025514,7,2012,31,45.5481798715203,"Livingston Middle",95334
"15058",24,65748,6025514,7,2012,111,59,"Livingston Middle",95334
"15059",24,65748,6025514,8,2012,31,41.0429184549356,"Livingston Middle",95334
"15060",24,65748,6025514,8,2012,111,48.781512605042,"Livingston Middle",95334
"15061",24,65748,6025522,2,2012,31,69,"Selma Herndon Elementary",95334
"15062",24,65748,6025522,2,2012,111,83,"Selma Herndon Elementary",95334
"15063",24,65748,6025522,3,2012,31,76,"Selma Herndon Elementary",95334
"15064",24,65748,6025522,3,2012,111,84.5,"Selma Herndon Elementary",95334
"15065",24,65748,6025522,4,2012,31,61.9761904761905,"Selma Herndon Elementary",95334
"15066",24,65748,6025522,4,2012,111,83,"Selma Herndon Elementary",95334
"15067",24,65748,6025522,5,2012,31,31,"Selma Herndon Elementary",95334
"15068",24,65748,6109649,2,2012,31,54,"Yamato Colony Elementary",95334
"15069",24,65748,6109649,2,2012,111,72,"Yamato Colony Elementary",95334
"15070",24,65748,6109649,3,2012,31,46.0921052631579,"Yamato Colony Elementary",95334
"15071",24,65748,6109649,3,2012,111,71,"Yamato Colony Elementary",95334
"15072",24,65748,6109649,4,2012,31,56.9631901840491,"Yamato Colony Elementary",95334
"15073",24,65748,6109649,5,2012,31,55.3333333333333,"Yamato Colony Elementary",95334
"15074",24,65748,6109649,5,2012,111,73.3333333333333,"Yamato Colony Elementary",95334
"15075",24,65755,102624,2,2012,31,43.5,"Lorena Falasco Elementary",93635
"15076",24,65755,102624,2,2012,111,67,"Lorena Falasco Elementary",93635
"15077",24,65755,102624,3,2012,31,45.1176470588235,"Lorena Falasco Elementary",93635
"15078",24,65755,102624,3,2012,111,59.5,"Lorena Falasco Elementary",93635
"15079",24,65755,102624,4,2012,31,60.565,"Lorena Falasco Elementary",93635
"15080",24,65755,102624,4,2012,111,71,"Lorena Falasco Elementary",93635
"15081",24,65755,102624,5,2012,31,53.6913580246914,"Lorena Falasco Elementary",93635
"15082",24,65755,102624,5,2012,111,70,"Lorena Falasco Elementary",93635
"15083",24,65755,102624,6,2012,31,42.0046511627907,"Lorena Falasco Elementary",93635
"15084",24,65755,102624,6,2012,111,58,"Lorena Falasco Elementary",93635
"15085",24,65755,120923,9,2012,31,30.9872832369942,"Pacheco High",93635
"15086",24,65755,120923,9,2012,111,47.8435754189944,"Pacheco High",93635
"15087",24,65755,120923,10,2012,31,28.9304,"Pacheco High",93635
"15088",24,65755,120923,10,2012,111,46.3821989528796,"Pacheco High",93635
"15089",24,65755,120923,11,2012,31,27.1360347322721,"Pacheco High",93635
"15090",24,65755,120923,11,2012,111,35.6011560693642,"Pacheco High",93635
"15091",24,65755,2434207,9,2012,31,38.4626865671642,"Los Banos High",93635
"15092",24,65755,2434207,9,2012,111,51.1396103896104,"Los Banos High",93635
"15093",24,65755,2434207,10,2012,31,36.1301059001513,"Los Banos High",93635
"15094",24,65755,2434207,10,2012,111,54.6035313001605,"Los Banos High",93635
"15095",24,65755,2434207,11,2012,31,32.4885931558935,"Los Banos High",93635
"15096",24,65755,2434207,11,2012,111,51.604774535809,"Los Banos High",93635
"15097",24,65755,6025530,2,2012,31,50,"Charleston Elementary",93635
"15098",24,65755,6025530,2,2012,111,76.5,"Charleston Elementary",93635
"15099",24,65755,6025530,3,2012,31,50,"Charleston Elementary",93635
"15100",24,65755,6025530,3,2012,111,62,"Charleston Elementary",93635
"15101",24,65755,6025530,4,2012,31,72,"Charleston Elementary",93635
"15102",24,65755,6025530,4,2012,111,81,"Charleston Elementary",93635
"15103",24,65755,6025530,5,2012,31,62.6666666666667,"Charleston Elementary",93635
"15104",24,65755,6025530,5,2012,111,72.6796116504854,"Charleston Elementary",93635
"15105",24,65755,6025530,6,2012,31,47.3018867924528,"Charleston Elementary",93635
"15106",24,65755,6025530,6,2012,111,71,"Charleston Elementary",93635
"15107",24,65755,6025548,2,2012,31,28.5,"Henry Miller Elementary",93635
"15108",24,65755,6025548,2,2012,111,40,"Henry Miller Elementary",93635
"15109",24,65755,6025548,3,2012,31,36.5439330543933,"Henry Miller Elementary",93635
"15110",24,65755,6025548,3,2012,111,39,"Henry Miller Elementary",93635
"15111",24,65755,6025548,4,2012,31,36.5,"Henry Miller Elementary",93635
"15112",24,65755,6025548,4,2012,111,61,"Henry Miller Elementary",93635
"15113",24,65755,6025548,5,2012,31,43.0394366197183,"Henry Miller Elementary",93635
"15114",24,65755,6025548,5,2012,111,62.6666666666667,"Henry Miller Elementary",93635
"15115",24,65755,6025548,6,2012,31,31.9655172413793,"Henry Miller Elementary",93635
"15116",24,65755,6025548,6,2012,111,56.2926829268293,"Henry Miller Elementary",93635
"15117",24,65755,6025555,2,2012,31,56,"Los Banos Elementary",93635
"15118",24,65755,6025555,2,2012,111,79.5,"Los Banos Elementary",93635
"15119",24,65755,6025555,3,2012,31,49,"Los Banos Elementary",93635
"15120",24,65755,6025555,3,2012,111,53.5,"Los Banos Elementary",93635
"15121",24,65755,6025555,4,2012,31,43.4970760233918,"Los Banos Elementary",93635
"15122",24,65755,6025555,4,2012,111,72.5,"Los Banos Elementary",93635
"15123",24,65755,6025555,5,2012,31,57.6666666666667,"Los Banos Elementary",93635
"15124",24,65755,6025555,5,2012,111,74,"Los Banos Elementary",93635
"15125",24,65755,6025555,6,2012,31,38,"Los Banos Elementary",93635
"15126",24,65755,6025555,6,2012,111,59.5,"Los Banos Elementary",93635
"15127",24,65755,6025571,2,2012,31,47,"Volta Elementary",93635
"15128",24,65755,6025571,2,2012,111,77,"Volta Elementary",93635
"15129",24,65755,6025571,3,2012,31,53.8153846153846,"Volta Elementary",93635
"15130",24,65755,6025571,3,2012,111,77,"Volta Elementary",93635
"15131",24,65755,6025571,4,2012,31,48.5,"Volta Elementary",93635
"15132",24,65755,6025571,4,2012,111,80.2745098039216,"Volta Elementary",93635
"15133",24,65755,6025571,5,2012,31,55.3333333333333,"Volta Elementary",93635
"15134",24,65755,6025571,5,2012,111,71,"Volta Elementary",93635
"15135",24,65755,6025571,6,2012,31,30.5942028985507,"Volta Elementary",93635
"15136",24,65755,6025571,6,2012,111,67.5,"Volta Elementary",93635
"15137",24,65755,6058689,7,2012,31,39.4963273871983,"Los Banos Junior High",93635
"15138",24,65755,6058689,7,2012,111,58.0089552238806,"Los Banos Junior High",93635
"15139",24,65755,6058689,8,2012,31,39.8831849135673,"Los Banos Junior High",93635
"15140",24,65755,6058689,8,2012,111,56.252801992528,"Los Banos Junior High",93635
"15141",24,65755,6116156,2,2012,31,61.5379310344828,"Westside Union Elementary",93635
"15142",24,65755,6116156,2,2012,111,68.5,"Westside Union Elementary",93635
"15143",24,65755,6116156,3,2012,31,48.1547619047619,"Westside Union Elementary",93635
"15144",24,65755,6116156,3,2012,111,61,"Westside Union Elementary",93635
"15145",24,65755,6116156,4,2012,31,68.5660377358491,"Westside Union Elementary",93635
"15146",24,65755,6116156,4,2012,111,73,"Westside Union Elementary",93635
"15147",24,65755,6116156,5,2012,31,63.6681614349776,"Westside Union Elementary",93635
"15148",24,65755,6116156,6,2012,31,43.4832214765101,"Westside Union Elementary",93635
"15149",24,65755,6116156,6,2012,111,62.5,"Westside Union Elementary",93635
"15150",24,65763,6025589,2,2012,31,73,"McSwain Elementary",95341
"15151",24,65763,6025589,2,2012,111,75,"McSwain Elementary",95341
"15152",24,65763,6025589,3,2012,31,36.5,"McSwain Elementary",95341
"15153",24,65763,6025589,3,2012,111,70.5,"McSwain Elementary",95341
"15154",24,65763,6025589,4,2012,31,70.7236842105263,"McSwain Elementary",95341
"15155",24,65763,6025589,4,2012,111,81.0077519379845,"McSwain Elementary",95341
"15156",24,65763,6025589,5,2012,31,74.3333333333333,"McSwain Elementary",95341
"15157",24,65763,6025589,5,2012,111,78.9846153846154,"McSwain Elementary",95341
"15158",24,65763,6025589,6,2012,31,53.8507462686567,"McSwain Elementary",95341
"15159",24,65763,6025589,6,2012,111,94,"McSwain Elementary",95341
"15160",24,65763,6025589,7,2012,31,63.5,"McSwain Elementary",95341
"15161",24,65763,6025589,7,2012,111,72.6320754716981,"McSwain Elementary",95341
"15162",24,65763,6025589,8,2012,31,74.511811023622,"McSwain Elementary",95341
"15163",24,65763,6025589,8,2012,111,78.2933333333333,"McSwain Elementary",95341
"15164",24,65771,112615,3,2012,31,47.5,"Joe Stefani",95348
"15165",24,65771,112615,3,2012,111,53,"Joe Stefani",95348
"15166",24,65771,112615,4,2012,31,64,"Joe Stefani",95348
"15167",24,65771,112615,4,2012,111,50,"Joe Stefani",95348
"15168",24,65771,112615,5,2012,31,41.9863325740319,"Joe Stefani",95348
"15169",24,65771,112615,5,2012,111,69.6666666666667,"Joe Stefani",95348
"15170",24,65771,6025621,2,2012,31,56,"Franklin Elementary",95348
"15171",24,65771,6025621,2,2012,111,66.5,"Franklin Elementary",95348
"15172",24,65771,6025704,6,2012,31,30.001579778831,"Tenaya Middle",95340
"15173",24,65771,6025704,6,2012,111,59.5,"Tenaya Middle",95340
"15174",24,65771,6025704,7,2012,31,42.5,"Tenaya Middle",95340
"15175",24,65771,6025704,7,2012,111,52.5,"Tenaya Middle",95340
"15176",24,65771,6025704,8,2012,31,36.5777988614801,"Tenaya Middle",95340
"15177",24,65771,6025704,8,2012,111,55.3461538461538,"Tenaya Middle",95340
"15178",24,65789,2430098,9,2012,31,43.0267657992565,"Golden Valley High",95344
"15179",24,65789,2430098,9,2012,111,69.4754901960784,"Golden Valley High",95344
"15180",24,65789,2430098,10,2012,31,45.7027734170591,"Golden Valley High",95344
"15181",24,65789,2430098,10,2012,111,64.0959302325581,"Golden Valley High",95344
"15182",24,65789,2430098,11,2012,31,47.3431045969354,"Golden Valley High",95344
"15183",24,65789,2430098,11,2012,111,62.4225806451613,"Golden Valley High",95344
"15184",24,65789,2430601,9,2012,31,50.0683520599251,"Atwater High",95301
"15185",24,65789,2430601,9,2012,111,65.7666666666667,"Atwater High",95301
"15186",24,65789,2430601,10,2012,31,47.9560505719446,"Atwater High",95301
"15187",24,65789,2430601,10,2012,111,70.9846153846154,"Atwater High",95301
"15188",24,65789,2430601,11,2012,31,48.5519650655022,"Atwater High",95301
"15189",24,65789,2430601,11,2012,111,66.5375722543353,"Atwater High",95301
"15190",24,65789,2433605,9,2012,31,48.3828571428571,"Livingston High",95334
"15191",24,65789,2433605,9,2012,111,48.4310344827586,"Livingston High",95334
"15192",24,65789,2433605,10,2012,31,48.2022471910112,"Livingston High",95334
"15193",24,65789,2433605,10,2012,111,55.4189189189189,"Livingston High",95334
"15194",24,65789,2433605,11,2012,31,45.0038204393505,"Livingston High",95334
"15195",24,65789,2433605,11,2012,111,62.65625,"Livingston High",95334
"15196",24,65821,6025787,2,2012,31,52,"Planada Elementary",95365
"15197",24,65821,6025787,3,2012,31,53.4666666666667,"Planada Elementary",95365
"15198",24,65821,6025787,4,2012,31,71.6610169491525,"Planada Elementary",95365
"15199",24,65821,6025787,5,2012,31,66.7934782608696,"Planada Elementary",95365
"15200",24,65862,114074,2,2012,31,62,"Farmdale Elementary",95341
"15201",24,65862,114074,2,2012,111,59.5,"Farmdale Elementary",95341
"15202",24,65862,114074,3,2012,31,56.0607287449393,"Farmdale Elementary",95341
"15203",24,65862,114074,4,2012,31,58.4567901234568,"Farmdale Elementary",95341
"15204",24,65862,114074,4,2012,111,88.5,"Farmdale Elementary",95341
"15205",24,65862,114074,5,2012,31,54.7636363636364,"Farmdale Elementary",95341
"15206",24,65862,114074,5,2012,111,65.2432432432432,"Farmdale Elementary",95341
"15207",24,65862,6025811,6,2012,31,40.010183299389,"Weaver Middle",95341
"15208",24,65862,6025811,6,2012,111,60.780487804878,"Weaver Middle",95341
"15209",24,65862,6025811,7,2012,31,42.4987834549878,"Weaver Middle",95341
"15210",24,65862,6025811,7,2012,111,48.8627450980392,"Weaver Middle",95341
"15211",24,65862,6025811,8,2012,31,62.9843527738265,"Weaver Middle",95341
"15212",24,65862,6025811,8,2012,111,71.7179487179487,"Weaver Middle",95341
"15213",24,65870,111294,2,2012,31,55.5,"Winfield Elementary",95388
"15214",24,65870,111294,3,2012,31,41.5,"Winfield Elementary",95388
"15215",24,65870,111294,4,2012,31,67,"Winfield Elementary",95388
"15216",24,65870,111294,5,2012,31,40.3317307692308,"Winfield Elementary",95388
"15217",24,65870,6109425,6,2012,31,37.4707602339181,"Winton Middle",95388
"15218",24,65870,6109425,7,2012,31,58.4967320261438,"Winton Middle",95388
"15219",24,65870,6109425,8,2012,31,48.0682492581602,"Winton Middle",95388
"15220",24,73619,2431807,9,2012,31,33.0299625468165,"Gustine High",95322
"15221",24,73619,2431807,9,2012,111,53.6528925619835,"Gustine High",95322
"15222",24,73619,2431807,10,2012,31,30.2129380053908,"Gustine High",95322
"15223",24,73619,2431807,10,2012,111,42.0352112676056,"Gustine High",95322
"15224",24,73619,2431807,11,2012,31,33.9009009009009,"Gustine High",95322
"15225",24,73619,2431807,11,2012,111,37.3653846153846,"Gustine High",95322
"15226",24,73619,6025720,2,2012,31,39.5,"Gustine Elementary",95322
"15227",24,73619,6025720,2,2012,111,52,"Gustine Elementary",95322
"15228",24,73619,6025720,3,2012,31,32.5804195804196,"Gustine Elementary",95322
"15229",24,73619,6025720,3,2012,111,39.5,"Gustine Elementary",95322
"15230",24,73619,6025720,4,2012,31,66,"Gustine Elementary",95322
"15231",24,73619,6025720,4,2012,111,97.5,"Gustine Elementary",95322
"15232",24,73619,6025720,5,2012,31,44,"Gustine Elementary",95322
"15233",24,73619,6025720,5,2012,111,56.6666666666667,"Gustine Elementary",95322
"15234",24,73619,6025746,2,2012,31,36.5,"Romero Elementary",95322
"15235",24,73619,6025746,3,2012,31,22,"Romero Elementary",95322
"15236",24,73619,6025746,4,2012,31,43,"Romero Elementary",95322
"15237",24,73619,6025746,5,2012,31,36.6875,"Romero Elementary",95322
"15238",24,73619,6103766,6,2012,31,45.0410256410256,"Gustine Middle",95322
"15239",24,73619,6103766,6,2012,111,57.5,"Gustine Middle",95322
"15240",24,73619,6103766,7,2012,31,41.989847715736,"Gustine Middle",95322
"15241",24,73619,6103766,7,2012,111,54.5,"Gustine Middle",95322
"15242",24,73619,6103766,8,2012,31,57.3598901098901,"Gustine Middle",95322
"15243",24,73619,6103766,8,2012,111,76.6810344827586,"Gustine Middle",95322
"15244",24,73726,6025803,5,2012,31,33.3333333333333,"Washington Elementary",95388
"15245",24,73726,6025803,6,2012,31,17,"Washington Elementary",95388
"15246",24,73726,6025803,7,2012,31,53,"Washington Elementary",95388
"15247",24,73726,6025803,8,2012,31,51.551724137931,"Washington Elementary",95388
"15248",24,75317,2431203,9,2012,31,29.9753086419753,"Dos Palos High",93620
"15249",24,75317,2431203,10,2012,31,39.7832568807339,"Dos Palos High",93620
"15250",24,75317,2431203,11,2012,31,24.2115812917595,"Dos Palos High",93620
"15251",24,75317,6025423,6,2012,31,29.9766081871345,"Bryant Middle",93620
"15252",24,75317,6025423,7,2012,31,37.5,"Bryant Middle",93620
"15253",24,75317,6025423,8,2012,31,27.414762741652,"Bryant Middle",93620
"15254",24,75317,6025431,2,2012,31,52.5,"Dos Palos Elementary",93620
"15255",24,75317,6112940,3,2012,31,42,"Bernhard Marks Elementary",93620
"15256",24,75317,6112940,4,2012,31,43.5,"Bernhard Marks Elementary",93620
"15257",24,75317,6112940,5,2012,31,39.9864341085271,"Bernhard Marks Elementary",93620
"15258",24,75366,105817,2,2012,31,52.5,"Harmony Elementary",95315
"15259",24,75366,105817,2,2012,111,82.5,"Harmony Elementary",95315
"15260",24,75366,105817,3,2012,31,44,"Harmony Elementary",95315
"15261",24,75366,105817,3,2012,111,80.5,"Harmony Elementary",95315
"15262",24,75366,105817,4,2012,31,61,"Harmony Elementary",95315
"15263",24,75366,105817,5,2012,31,42.3333333333333,"Harmony Elementary",95315
"15264",24,75366,105817,5,2012,111,77,"Harmony Elementary",95315
"15265",24,75366,105817,6,2012,31,54.9774436090226,"Harmony Elementary",95315
"15266",24,75366,105817,6,2012,111,54,"Harmony Elementary",95315
"15267",24,75366,105817,7,2012,31,50.5,"Harmony Elementary",95315
"15268",24,75366,105817,7,2012,111,62,"Harmony Elementary",95315
"15269",24,75366,105817,8,2012,31,54.0446428571429,"Harmony Elementary",95315
"15270",24,75366,2430114,9,2012,31,34.2332563510393,"Delhi High",95315
"15271",24,75366,2430114,9,2012,111,73.1111111111111,"Delhi High",95315
"15272",24,75366,2430114,10,2012,31,33.4393939393939,"Delhi High",95315
"15273",24,75366,2430114,10,2012,111,49.4588235294118,"Delhi High",95315
"15274",24,75366,2430114,11,2012,31,37.2261410788382,"Delhi High",95315
"15275",24,75366,2430114,11,2012,111,49.3968253968254,"Delhi High",95315
"15276",24,75366,6025407,2,2012,31,46,"El Capitan Elementary",95315
"15277",24,75366,6025407,3,2012,31,37.5,"El Capitan Elementary",95315
"15278",24,75366,6025407,4,2012,31,57,"El Capitan Elementary",95315
"15279",24,75366,6025407,5,2012,31,45.6666666666667,"El Capitan Elementary",95315
"15280",24,75366,6025407,6,2012,31,67.5,"El Capitan Elementary",95315
"15281",24,75366,6025407,7,2012,31,51.5376344086022,"El Capitan Elementary",95315
"15282",24,75366,6025407,8,2012,31,55.8545454545455,"El Capitan Elementary",95315
"15283",24,75366,6025415,2,2012,31,69.5,"Schendel Elementary",95315
"15284",24,75366,6025415,2,2012,111,82.5,"Schendel Elementary",95315
"15285",24,75366,6025415,3,2012,31,56.203125,"Schendel Elementary",95315
"15286",24,75366,6025415,4,2012,31,61.0381679389313,"Schendel Elementary",95315
"15287",24,75366,6025415,5,2012,31,61.1342281879195,"Schendel Elementary",95315
"15288",24,75366,6025415,6,2012,31,33.9626168224299,"Schendel Elementary",95315
"15289",24,75366,6025415,7,2012,31,51.5,"Schendel Elementary",95315
"15290",24,75366,6025415,8,2012,31,43.4076923076923,"Schendel Elementary",95315
"15291",25,73585,2535409,9,2012,31,37.7169811320755,"Modoc High",96101
"15292",25,73585,2535409,9,2012,111,57.010989010989,"Modoc High",96101
"15293",25,73585,2535409,10,2012,31,48.3793103448276,"Modoc High",96101
"15294",25,73585,2535409,10,2012,111,44.6868686868687,"Modoc High",96101
"15295",25,73585,2535409,11,2012,31,23.8,"Modoc High",96101
"15296",25,73585,2535409,11,2012,111,62.2,"Modoc High",96101
"15297",25,73585,6025845,2,2012,31,44,"Alturas Elementary",96101
"15298",25,73585,6025845,2,2012,111,60.5,"Alturas Elementary",96101
"15299",25,73585,6025845,3,2012,31,37.1111111111111,"Alturas Elementary",96101
"15300",25,73585,6025845,3,2012,111,44.3928571428571,"Alturas Elementary",96101
"15301",25,73585,6025845,4,2012,31,42.9701492537313,"Alturas Elementary",96101
"15302",25,73585,6025845,4,2012,111,81,"Alturas Elementary",96101
"15303",25,73585,6025845,5,2012,31,58.8913043478261,"Alturas Elementary",96101
"15304",25,73585,6025845,5,2012,111,93,"Alturas Elementary",96101
"15305",25,73585,6058697,6,2012,31,28.5,"Modoc Middle",96101
"15306",25,73585,6058697,6,2012,111,50,"Modoc Middle",96101
"15307",25,73585,6058697,7,2012,31,51.5,"Modoc Middle",96101
"15308",25,73585,6058697,7,2012,111,64,"Modoc Middle",96101
"15309",25,73585,6058697,8,2012,31,43.5363636363636,"Modoc Middle",96101
"15310",25,73585,6058697,8,2012,111,65.4766355140187,"Modoc Middle",96101
"15311",25,73593,4737250,7,2012,31,30.1212121212121,"Tulelake High",96134
"15312",25,73593,4737250,8,2012,31,27.4137931034483,"Tulelake High",96134
"15313",25,73593,4737250,9,2012,31,23.3617021276596,"Tulelake High",96134
"15314",25,73593,4737250,10,2012,31,32.5652173913044,"Tulelake High",96134
"15315",25,73593,4737250,10,2012,111,59.8510638297872,"Tulelake High",96134
"15316",25,73593,4737250,11,2012,31,38.6417910447761,"Tulelake High",96134
"15317",25,73593,6025894,2,2012,31,58.5,"Tulelake Basin Elementary",96134
"15318",25,73593,6025894,3,2012,31,32.5,"Tulelake Basin Elementary",96134
"15319",25,73593,6025894,4,2012,31,34,"Tulelake Basin Elementary",96134
"15320",25,73593,6025894,5,2012,31,36.6842105263158,"Tulelake Basin Elementary",96134
"15321",25,73593,6025894,6,2012,31,44.5,"Tulelake Basin Elementary",96134
"15322",26,73668,2633006,9,2012,111,91,"Coleville High",96107
"15323",26,73668,2633006,10,2012,111,50,"Coleville High",96107
"15324",26,73668,2635001,9,2012,31,61.3225806451613,"Lee Vining High",93541
"15325",26,73668,6025910,2,2012,111,79,"Antelope Elementary",96107
"15326",26,73668,6025951,2,2012,31,46,"Lee Vining Elementary",93541
"15327",26,73692,2630010,9,2012,31,34.4444444444444,"Mammoth High",93546
"15328",26,73692,2630010,9,2012,111,85.2763157894737,"Mammoth High",93546
"15329",26,73692,2630010,10,2012,31,39.2545454545455,"Mammoth High",93546
"15330",26,73692,2630010,10,2012,111,62.1728395061728,"Mammoth High",93546
"15331",26,73692,2630010,11,2012,31,18.78125,"Mammoth High",93546
"15332",26,73692,2630010,11,2012,111,56.5555555555556,"Mammoth High",93546
"15333",26,73692,6025969,2,2012,31,35.5,"Mammoth Elementary",93546
"15334",26,73692,6025969,2,2012,111,73,"Mammoth Elementary",93546
"15335",26,73692,6025969,3,2012,31,35.5,"Mammoth Elementary",93546
"15336",26,73692,6025969,3,2012,111,84.5,"Mammoth Elementary",93546
"15337",26,73692,6025969,4,2012,31,57.5092592592593,"Mammoth Elementary",93546
"15338",26,73692,6025969,4,2012,111,84.4675324675325,"Mammoth Elementary",93546
"15339",26,73692,6025969,5,2012,31,57.8695652173913,"Mammoth Elementary",93546
"15340",26,73692,6025969,5,2012,111,86.6666666666667,"Mammoth Elementary",93546
"15341",26,73692,6112502,6,2012,31,37.5064935064935,"Mammoth Middle",93546
"15342",26,73692,6112502,6,2012,111,78.5,"Mammoth Middle",93546
"15343",26,73692,6112502,7,2012,31,49.5242718446602,"Mammoth Middle",93546
"15344",26,73692,6112502,7,2012,111,76.1111111111111,"Mammoth Middle",93546
"15345",26,73692,6112502,8,2012,31,44.2393617021277,"Mammoth Middle",93546
"15346",26,73692,6112502,8,2012,111,87.3958333333333,"Mammoth Middle",93546
"15347",27,10272,112177,2,2012,111,56,"Monterey Bay Charter",93950
"15348",27,10272,112177,4,2012,111,95,"Monterey Bay Charter",93950
"15349",27,10272,112177,5,2012,111,89.3333333333333,"Monterey Bay Charter",93950
"15350",27,10272,112177,6,2012,111,62.5,"Monterey Bay Charter",93950
"15351",27,10272,112177,7,2012,111,70,"Monterey Bay Charter",93950
"15352",27,10272,112177,8,2012,111,69.6521739130435,"Monterey Bay Charter",93950
"15353",27,10272,2730265,7,2012,31,0,"Salinas Community",93906
"15354",27,10272,2730265,8,2012,31,7.76119402985075,"Salinas Community",93906
"15355",27,10272,2730265,9,2012,31,18.9724770642202,"Salinas Community",93906
"15356",27,10272,2730265,9,2012,111,8.07692307692308,"Salinas Community",93906
"15357",27,10272,2730265,10,2012,31,7.92307692307692,"Salinas Community",93906
"15358",27,10272,2730265,11,2012,31,4.99259259259259,"Salinas Community",93906
"15359",27,10272,2730265,11,2012,111,10,"Salinas Community",93906
"15360",27,65961,6025977,2,2012,31,60,"Alisal Community",93905
"15361",27,65961,6025977,3,2012,31,47.6057142857143,"Alisal Community",93905
"15362",27,65961,6025977,4,2012,31,63.0769230769231,"Alisal Community",93905
"15363",27,65961,6025977,5,2012,31,49.8810408921933,"Alisal Community",93905
"15364",27,65961,6025977,6,2012,31,45.0114285714286,"Alisal Community",93905
"15365",27,65961,6025985,2,2012,31,54.5,"Bardin Elementary",93905
"15366",27,65961,6025985,3,2012,31,38.0704845814978,"Bardin Elementary",93905
"15367",27,65961,6025985,4,2012,31,50.4647302904564,"Bardin Elementary",93905
"15368",27,65961,6025985,5,2012,31,38.3333333333333,"Bardin Elementary",93905
"15369",27,65961,6025985,6,2012,31,42.5,"Bardin Elementary",93905
"15370",27,65961,6025993,2,2012,31,29,"Fremont Elementary",93905
"15371",27,65961,6025993,3,2012,31,39.7744680851064,"Fremont Elementary",93905
"15372",27,65961,6025993,4,2012,31,43.5,"Fremont Elementary",93905
"15373",27,65961,6025993,5,2012,31,52.2412587412587,"Fremont Elementary",93905
"15374",27,65961,6025993,6,2012,31,35.5780346820809,"Fremont Elementary",93905
"15375",27,65961,6026009,2,2012,31,39.5,"Jesse G. Sanchez Elementary",93905
"15376",27,65961,6026009,3,2012,31,35.0892857142857,"Jesse G. Sanchez Elementary",93905
"15377",27,65961,6101802,2,2012,31,51.5,"Frank Paul Elementary",93905
"15378",27,65961,6101802,3,2012,31,39.1810344827586,"Frank Paul Elementary",93905
"15379",27,65961,6101802,4,2012,31,51,"Frank Paul Elementary",93905
"15380",27,65961,6101802,5,2012,31,40.6433566433566,"Frank Paul Elementary",93905
"15381",27,65961,6101802,6,2012,31,37.9720670391061,"Frank Paul Elementary",93905
"15382",27,65961,6115232,2,2012,31,68,"Creekside Elementary",93906
"15383",27,65961,6115232,3,2012,31,42.5,"Creekside Elementary",93906
"15384",27,65961,6115232,4,2012,31,58,"Creekside Elementary",93906
"15385",27,65961,6115232,5,2012,31,50.9718309859155,"Creekside Elementary",93906
"15386",27,65961,6115232,6,2012,31,46,"Creekside Elementary",93906
"15387",27,65961,6119663,2,2012,31,31.5,"Oasis Charter Public",93907
"15388",27,65961,6119663,3,2012,31,11.5,"Oasis Charter Public",93907
"15389",27,65961,6119663,4,2012,31,40,"Oasis Charter Public",93907
"15390",27,65961,6119663,5,2012,31,47.3333333333333,"Oasis Charter Public",93907
"15391",27,65961,6119663,6,2012,31,44.7547169811321,"Oasis Charter Public",93907
"15392",27,65961,6119663,7,2012,31,55,"Oasis Charter Public",93907
"15393",27,65961,6119663,8,2012,31,30.7096774193548,"Oasis Charter Public",93907
"15394",27,65987,6026033,6,2012,31,54.8571428571429,"Carmel Middle",93922
"15395",27,65987,6026033,6,2012,111,82.9898305084746,"Carmel Middle",93922
"15396",27,65987,6026033,7,2012,31,73.8148148148148,"Carmel Middle",93922
"15397",27,65987,6026033,7,2012,111,87.7785016286645,"Carmel Middle",93922
"15398",27,65987,6026033,8,2012,31,67.0864864864865,"Carmel Middle",93922
"15399",27,65987,6026033,8,2012,111,84.0775716694772,"Carmel Middle",93922
"15400",27,65987,6026074,2,2012,31,73,"Tularcitos Elementary",93924
"15401",27,65987,6026074,2,2012,111,86.5,"Tularcitos Elementary",93924
"15402",27,65987,6026074,3,2012,111,89,"Tularcitos Elementary",93924
"15403",27,65987,6026074,4,2012,31,81.6969696969697,"Tularcitos Elementary",93924
"15404",27,65987,6026074,4,2012,111,90.9816513761468,"Tularcitos Elementary",93924
"15405",27,65987,6026074,5,2012,31,80.8269230769231,"Tularcitos Elementary",93924
"15406",27,65987,6026074,5,2012,111,89.6666666666667,"Tularcitos Elementary",93924
"15407",27,65995,6026082,2,2012,31,67.5,"Chualar Elementary",93925
"15408",27,65995,6026082,3,2012,31,58,"Chualar Elementary",93925
"15409",27,65995,6026082,4,2012,31,41.5,"Chualar Elementary",93925
"15410",27,65995,6026082,5,2012,31,12.3243243243243,"Chualar Elementary",93925
"15411",27,65995,6026082,6,2012,31,25.4942528735632,"Chualar Elementary",93925
"15412",27,65995,6026082,7,2012,31,67.5471698113208,"Chualar Elementary",93925
"15413",27,65995,6026082,8,2012,31,20.1860465116279,"Chualar Elementary",93925
"15414",27,66035,6089387,2,2012,31,51,"Oak Avenue Elementary",93927
"15415",27,66035,6089387,3,2012,31,29.5485232067511,"Oak Avenue Elementary",93927
"15416",27,66035,6089387,4,2012,31,48.5450643776824,"Oak Avenue Elementary",93927
"15417",27,66035,6089387,5,2012,31,29.4198473282443,"Oak Avenue Elementary",93927
"15418",27,66035,6111645,6,2012,31,32.0054495912807,"Vista Verde Middle",93927
"15419",27,66035,6111645,7,2012,31,36.9980353634578,"Vista Verde Middle",93927
"15420",27,66035,6111645,8,2012,31,34.0529217199559,"Vista Verde Middle",93927
"15421",27,66050,6026124,6,2012,31,29.4847645429363,"Chalone Peaks Middle",93930
"15422",27,66050,6026124,6,2012,111,69.5,"Chalone Peaks Middle",93930
"15423",27,66050,6026124,7,2012,31,33.4229691876751,"Chalone Peaks Middle",93930
"15424",27,66050,6026124,7,2012,111,62,"Chalone Peaks Middle",93930
"15425",27,66050,6026124,8,2012,31,31.6352941176471,"Chalone Peaks Middle",93930
"15426",27,66050,6026124,8,2012,111,71.1526717557252,"Chalone Peaks Middle",93930
"15427",27,66050,6026132,2,2012,31,63,"Santa Lucia Elementary",93930
"15428",27,66050,6026132,3,2012,31,54.1388888888889,"Santa Lucia Elementary",93930
"15429",27,66050,6026132,4,2012,31,65.5418719211823,"Santa Lucia Elementary",93930
"15430",27,66050,6026132,5,2012,31,49.7527675276753,"Santa Lucia Elementary",93930
"15431",27,66050,6106777,2,2012,31,47,"Del Rey Elementary",93930
"15432",27,66050,6106777,2,2012,111,61,"Del Rey Elementary",93930
"15433",27,66050,6106777,3,2012,31,35.5545023696682,"Del Rey Elementary",93930
"15434",27,66050,6106777,3,2012,111,77,"Del Rey Elementary",93930
"15435",27,66050,6106777,4,2012,31,77.5,"Del Rey Elementary",93930
"15436",27,66050,6106777,4,2012,111,82.5,"Del Rey Elementary",93930
"15437",27,66050,6106777,5,2012,31,58.6563706563707,"Del Rey Elementary",93930
"15438",27,66050,6106777,5,2012,111,78,"Del Rey Elementary",93930
"15439",27,66068,2730174,9,2012,31,19.9536541889483,"Greenfield High",93927
"15440",27,66068,2730174,9,2012,111,28.5714285714286,"Greenfield High",93927
"15441",27,66068,2730174,10,2012,31,22.5750300120048,"Greenfield High",93927
"15442",27,66068,2730174,10,2012,111,40.1869158878505,"Greenfield High",93927
"15443",27,66068,2730174,11,2012,31,30.5535353535354,"Greenfield High",93927
"15444",27,66068,2730174,11,2012,111,42.390243902439,"Greenfield High",93927
"15445",27,66068,2732170,9,2012,31,37.3239130434783,"King City High",93930
"15446",27,66068,2732170,9,2012,111,61.0826446280992,"King City High",93930
"15447",27,66068,2732170,10,2012,31,31.292817679558,"King City High",93930
"15448",27,66068,2732170,10,2012,111,46.3765690376569,"King City High",93930
"15449",27,66068,2732170,11,2012,31,38.4320175438597,"King City High",93930
"15450",27,66068,2732170,11,2012,111,70.5251798561151,"King City High",93930
"15451",27,66076,6026140,3,2012,111,67,"Lagunita Elementary",93907
"15452",27,66076,6026140,4,2012,111,85,"Lagunita Elementary",93907
"15453",27,66076,6026140,5,2012,111,70,"Lagunita Elementary",93907
"15454",27,66076,6026140,7,2012,111,91.3913043478261,"Lagunita Elementary",93907
"15455",27,66084,6026157,2,2012,111,78,"Mission Elementary",93960
"15456",27,66084,6026157,4,2012,111,90.5,"Mission Elementary",93960
"15457",27,66084,6026157,6,2012,111,45,"Mission Elementary",93960
"15458",27,66084,6026157,7,2012,111,62.5,"Mission Elementary",93960
"15459",27,66092,111435,9,2012,31,37.8321678321678,"Marina High",93933
"15460",27,66092,111435,9,2012,111,57.1916167664671,"Marina High",93933
"15461",27,66092,111435,10,2012,31,27.4494623655914,"Marina High",93933
"15462",27,66092,111435,10,2012,111,47.1640378548896,"Marina High",93933
"15463",27,66092,111435,11,2012,31,21.0188679245283,"Marina High",93933
"15464",27,66092,111435,11,2012,111,37.190243902439,"Marina High",93933
"15465",27,66092,2730240,9,2012,31,13.7241379310345,"Learning for Life Charter",93933
"15466",27,66092,2730240,10,2012,31,19,"Learning for Life Charter",93933
"15467",27,66092,2730240,10,2012,111,12.5,"Learning for Life Charter",93933
"15468",27,66092,2730240,11,2012,31,4.17391304347826,"Learning for Life Charter",93933
"15469",27,66092,2732253,11,2012,31,5.76271186440678,"Central Coast High",93955
"15470",27,66092,2732808,9,2012,31,30.3491686460808,"Monterey High",93940
"15471",27,66092,2732808,9,2012,111,58.2682445759369,"Monterey High",93940
"15472",27,66092,2732808,10,2012,31,25.6216216216216,"Monterey High",93940
"15473",27,66092,2732808,10,2012,111,54.6628440366973,"Monterey High",93940
"15474",27,66092,2732808,11,2012,31,33.5653266331658,"Monterey High",93940
"15475",27,66092,2732808,11,2012,111,53.5505804311774,"Monterey High",93940
"15476",27,66092,2735348,9,2012,31,27.3849056603774,"Seaside High",93955
"15477",27,66092,2735348,9,2012,111,49.954802259887,"Seaside High",93955
"15478",27,66092,2735348,10,2012,31,25.0200210748156,"Seaside High",93955
"15479",27,66092,2735348,10,2012,111,38.4402985074627,"Seaside High",93955
"15480",27,66092,2735348,11,2012,31,31.9498381877023,"Seaside High",93955
"15481",27,66092,2735348,11,2012,111,40.1740890688259,"Seaside High",93955
"15482",27,66092,6026181,2,2012,31,42,"Del Rey Woods Elementary",93955
"15483",27,66092,6026181,3,2012,31,40,"Del Rey Woods Elementary",93955
"15484",27,66092,6026181,4,2012,31,62.5934959349593,"Del Rey Woods Elementary",93955
"15485",27,66092,6026181,5,2012,31,44.3144876325088,"Del Rey Woods Elementary",93955
"15486",27,66092,6026199,2,2012,31,57,"Foothill Elementary",93940
"15487",27,66092,6026199,2,2012,111,77.5,"Foothill Elementary",93940
"15488",27,66092,6026199,3,2012,31,41.5,"Foothill Elementary",93940
"15489",27,66092,6026199,3,2012,111,65,"Foothill Elementary",93940
"15490",27,66092,6026199,4,2012,31,51.5,"Foothill Elementary",93940
"15491",27,66092,6026199,4,2012,111,55.5,"Foothill Elementary",93940
"15492",27,66092,6026199,5,2012,31,38.6666666666667,"Foothill Elementary",93940
"15493",27,66092,6026199,5,2012,111,45.3333333333333,"Foothill Elementary",93940
"15494",27,66092,6026223,2,2012,31,35,"Highland Elementary",93955
"15495",27,66092,6026223,3,2012,31,28.5,"Highland Elementary",93955
"15496",27,66092,6026223,4,2012,31,46.5,"Highland Elementary",93955
"15497",27,66092,6026223,5,2012,31,38.6666666666667,"Highland Elementary",93955
"15498",27,66092,6026249,2,2012,31,67,"Ione Olson Elementary",93933
"15499",27,66092,6026249,2,2012,111,67,"Ione Olson Elementary",93933
"15500",27,66092,6026249,3,2012,31,52,"Ione Olson Elementary",93933
"15501",27,66092,6026249,3,2012,111,68,"Ione Olson Elementary",93933
"15502",27,66092,6026249,4,2012,31,52.9230769230769,"Ione Olson Elementary",93933
"15503",27,66092,6026249,4,2012,111,81.5,"Ione Olson Elementary",93933
"15504",27,66092,6026249,5,2012,31,50.3333333333333,"Ione Olson Elementary",93933
"15505",27,66092,6026249,5,2012,111,85,"Ione Olson Elementary",93933
"15506",27,66092,6026256,2,2012,31,65,"J. C. Crumpton Elementary",93933
"15507",27,66092,6026256,2,2012,111,76,"J. C. Crumpton Elementary",93933
"15508",27,66092,6026256,3,2012,31,40.5,"J. C. Crumpton Elementary",93933
"15509",27,66092,6026256,3,2012,111,66.5,"J. C. Crumpton Elementary",93933
"15510",27,66092,6026256,4,2012,31,38.5,"J. C. Crumpton Elementary",93933
"15511",27,66092,6026256,4,2012,111,59.8222222222222,"J. C. Crumpton Elementary",93933
"15512",27,66092,6026256,5,2012,31,40.6220930232558,"J. C. Crumpton Elementary",93933
"15513",27,66092,6026256,5,2012,111,55,"J. C. Crumpton Elementary",93933
"15514",27,66092,6026280,2,2012,31,58.5,"La Mesa Elementary",93940
"15515",27,66092,6026280,2,2012,111,80.4177215189873,"La Mesa Elementary",93940
"15516",27,66092,6026280,3,2012,31,25,"La Mesa Elementary",93940
"15517",27,66092,6026280,3,2012,111,78.5,"La Mesa Elementary",93940
"15518",27,66092,6026280,4,2012,31,33.2424242424242,"La Mesa Elementary",93940
"15519",27,66092,6026280,4,2012,111,87.9764705882353,"La Mesa Elementary",93940
"15520",27,66092,6026280,5,2012,31,51.3333333333333,"La Mesa Elementary",93940
"15521",27,66092,6026280,5,2012,111,74.6639344262295,"La Mesa Elementary",93940
"15522",27,66092,6026314,2,2012,31,45.9699248120301,"Marina Vista Elementary",93933
"15523",27,66092,6026314,2,2012,111,54.5,"Marina Vista Elementary",93933
"15524",27,66092,6026314,3,2012,31,50.5,"Marina Vista Elementary",93933
"15525",27,66092,6026314,3,2012,111,71,"Marina Vista Elementary",93933
"15526",27,66092,6026314,4,2012,31,50,"Marina Vista Elementary",93933
"15527",27,66092,6026314,5,2012,31,61.3979057591623,"Marina Vista Elementary",93933
"15528",27,66092,6026314,5,2012,111,84.3333333333333,"Marina Vista Elementary",93933
"15529",27,66092,6026355,2,2012,31,41.5,"Ord Terrace Elementary",93955
"15530",27,66092,6026355,3,2012,31,38.0398009950249,"Ord Terrace Elementary",93955
"15531",27,66092,6026355,4,2012,31,43,"Ord Terrace Elementary",93955
"15532",27,66092,6026355,5,2012,31,40.2274678111588,"Ord Terrace Elementary",93955
"15533",27,66092,6058713,6,2012,31,44,"Los Arboles Middle",93933
"15534",27,66092,6058713,6,2012,111,64.5,"Los Arboles Middle",93933
"15535",27,66092,6058713,7,2012,31,34.1703470031546,"Los Arboles Middle",93933
"15536",27,66092,6058713,7,2012,111,55.1736111111111,"Los Arboles Middle",93933
"15537",27,66092,6058713,8,2012,31,47.5281553398058,"Los Arboles Middle",93933
"15538",27,66092,6058713,8,2012,111,59.796875,"Los Arboles Middle",93933
"15539",27,66092,6058721,2,2012,31,33,"Martin Luther King",93955
"15540",27,66092,6058721,3,2012,31,32.5,"Martin Luther King",93955
"15541",27,66092,6058721,4,2012,31,36.5,"Martin Luther King",93955
"15542",27,66092,6058721,5,2012,31,25,"Martin Luther King",93955
"15543",27,66092,6058739,6,2012,31,32.4977678571429,"Seaside Middle",93955
"15544",27,66092,6058739,6,2012,111,64.9662921348315,"Seaside Middle",93955
"15545",27,66092,6058739,7,2012,31,30.4558472553699,"Seaside Middle",93955
"15546",27,66092,6058739,7,2012,111,50.1666666666667,"Seaside Middle",93955
"15547",27,66092,6058739,8,2012,31,39.7689486552567,"Seaside Middle",93955
"15548",27,66092,6058739,8,2012,111,64.6161616161616,"Seaside Middle",93955
"15549",27,66134,2733657,9,2012,31,94,"Pacific Grove High",93950
"15550",27,66134,2733657,9,2012,111,69.1898734177215,"Pacific Grove High",93950
"15551",27,66134,2733657,10,2012,31,52.7090909090909,"Pacific Grove High",93950
"15552",27,66134,2733657,10,2012,111,67.6666666666667,"Pacific Grove High",93950
"15553",27,66134,2733657,11,2012,31,78.5135135135135,"Pacific Grove High",93950
"15554",27,66134,2733657,11,2012,111,74.1060070671378,"Pacific Grove High",93950
"15555",27,66134,6026470,2,2012,31,64,"Forest Grove Elementary",93950
"15556",27,66134,6026470,2,2012,111,94,"Forest Grove Elementary",93950
"15557",27,66134,6026470,3,2012,31,65,"Forest Grove Elementary",93950
"15558",27,66134,6026470,3,2012,111,72.5,"Forest Grove Elementary",93950
"15559",27,66134,6026470,4,2012,31,68.75,"Forest Grove Elementary",93950
"15560",27,66134,6026470,4,2012,111,84.32,"Forest Grove Elementary",93950
"15561",27,66134,6026470,5,2012,31,62.8714285714286,"Forest Grove Elementary",93950
"15562",27,66134,6026470,5,2012,111,90.6666666666667,"Forest Grove Elementary",93950
"15563",27,66134,6058754,6,2012,31,42.7457627118644,"Pacific Grove Middle",93950
"15564",27,66134,6058754,6,2012,111,80,"Pacific Grove Middle",93950
"15565",27,66134,6058754,7,2012,31,46.2307692307692,"Pacific Grove Middle",93950
"15566",27,66134,6058754,7,2012,111,81.8976744186047,"Pacific Grove Middle",93950
"15567",27,66134,6058754,8,2012,31,64.7872340425532,"Pacific Grove Middle",93950
"15568",27,66134,6058754,8,2012,111,77.6242661448141,"Pacific Grove Middle",93950
"15569",27,66142,108068,2,2012,31,34,"Boronda Meadows",93907
"15570",27,66142,108068,2,2012,111,85,"Boronda Meadows",93907
"15571",27,66142,108068,3,2012,31,27.5,"Boronda Meadows",93907
"15572",27,66142,108068,3,2012,111,50,"Boronda Meadows",93907
"15573",27,66142,108068,4,2012,31,57,"Boronda Meadows",93907
"15574",27,66142,108068,5,2012,31,30.2844827586207,"Boronda Meadows",93907
"15575",27,66142,108068,5,2012,111,61.3333333333333,"Boronda Meadows",93907
"15576",27,66142,108068,6,2012,31,37.5,"Boronda Meadows",93907
"15577",27,66142,108068,6,2012,111,70.5,"Boronda Meadows",93907
"15578",27,66142,6026520,2,2012,31,51,"El Gabilan Elementary",93906
"15579",27,66142,6026520,3,2012,31,49.5,"El Gabilan Elementary",93906
"15580",27,66142,6026520,4,2012,31,43,"El Gabilan Elementary",93906
"15581",27,66142,6026520,5,2012,31,31.6666666666667,"El Gabilan Elementary",93906
"15582",27,66142,6026520,6,2012,31,36.5,"El Gabilan Elementary",93906
"15583",27,66142,6026538,2,2012,31,48,"Henry F. Kammann Elementary",93906
"15584",27,66142,6026538,2,2012,111,67,"Henry F. Kammann Elementary",93906
"15585",27,66142,6026538,3,2012,31,30.5,"Henry F. Kammann Elementary",93906
"15586",27,66142,6026538,3,2012,111,75,"Henry F. Kammann Elementary",93906
"15587",27,66142,6026538,4,2012,31,50.9704142011834,"Henry F. Kammann Elementary",93906
"15588",27,66142,6026538,4,2012,111,58.551724137931,"Henry F. Kammann Elementary",93906
"15589",27,66142,6026538,5,2012,31,48.7439024390244,"Henry F. Kammann Elementary",93906
"15590",27,66142,6026538,5,2012,111,44,"Henry F. Kammann Elementary",93906
"15591",27,66142,6026538,6,2012,31,34.3888888888889,"Henry F. Kammann Elementary",93906
"15592",27,66142,6026538,6,2012,111,52.3913043478261,"Henry F. Kammann Elementary",93906
"15593",27,66142,6026546,2,2012,31,65,"Lincoln Elementary",93901
"15594",27,66142,6026546,2,2012,111,91.5,"Lincoln Elementary",93901
"15595",27,66142,6026546,3,2012,31,46,"Lincoln Elementary",93901
"15596",27,66142,6026546,3,2012,111,74,"Lincoln Elementary",93901
"15597",27,66142,6026546,4,2012,31,44,"Lincoln Elementary",93901
"15598",27,66142,6026553,2,2012,31,28,"Loma Vista Elementary",93906
"15599",27,66142,6026553,3,2012,31,16.541935483871,"Loma Vista Elementary",93906
"15600",27,66142,6026553,4,2012,31,42.5,"Loma Vista Elementary",93906
"15601",27,66142,6026553,5,2012,31,26,"Loma Vista Elementary",93906
"15602",27,66142,6026553,6,2012,31,26,"Loma Vista Elementary",93906
"15603",27,66142,6026561,2,2012,31,40.5,"Los Padres Elementary",93905
"15604",27,66142,6026561,3,2012,31,33.6023391812866,"Los Padres Elementary",93905
"15605",27,66142,6026561,4,2012,31,57.0382165605096,"Los Padres Elementary",93905
"15606",27,66142,6026561,5,2012,31,36.361216730038,"Los Padres Elementary",93905
"15607",27,66142,6026561,6,2012,31,45.4516129032258,"Los Padres Elementary",93905
"15608",27,66142,6026579,2,2012,31,51,"Mission Park Elementary",93901
"15609",27,66142,6026579,2,2012,111,72,"Mission Park Elementary",93901
"15610",27,66142,6026579,3,2012,31,47,"Mission Park Elementary",93901
"15611",27,66142,6026579,3,2012,111,61,"Mission Park Elementary",93901
"15612",27,66142,6026579,4,2012,31,57.3809523809524,"Mission Park Elementary",93901
"15613",27,66142,6026579,4,2012,111,78.4,"Mission Park Elementary",93901
"15614",27,66142,6026579,5,2012,31,56.3333333333333,"Mission Park Elementary",93901
"15615",27,66142,6026579,5,2012,111,82,"Mission Park Elementary",93901
"15616",27,66142,6026579,6,2012,31,37,"Mission Park Elementary",93901
"15617",27,66142,6026579,6,2012,111,61.5,"Mission Park Elementary",93901
"15618",27,66142,6026587,2,2012,31,30,"Monterey Park Elementary",93901
"15619",27,66142,6026587,2,2012,111,65.5,"Monterey Park Elementary",93901
"15620",27,66142,6026587,3,2012,31,35,"Monterey Park Elementary",93901
"15621",27,66142,6026587,3,2012,111,75,"Monterey Park Elementary",93901
"15622",27,66142,6026587,4,2012,31,30.4869565217391,"Monterey Park Elementary",93901
"15623",27,66142,6026587,4,2012,111,67.5,"Monterey Park Elementary",93901
"15624",27,66142,6026587,5,2012,31,35.6225165562914,"Monterey Park Elementary",93901
"15625",27,66142,6026587,5,2012,111,54.6666666666667,"Monterey Park Elementary",93901
"15626",27,66142,6026595,2,2012,31,42,"Natividad Elementary",93906
"15627",27,66142,6026595,3,2012,31,39.0591715976331,"Natividad Elementary",93906
"15628",27,66142,6026595,4,2012,31,38,"Natividad Elementary",93906
"15629",27,66142,6026595,5,2012,31,39.6666666666667,"Natividad Elementary",93906
"15630",27,66142,6026595,6,2012,31,47.9801324503311,"Natividad Elementary",93906
"15631",27,66142,6026603,2,2012,31,40,"Roosevelt Elementary",93901
"15632",27,66142,6026603,3,2012,31,33.5,"Roosevelt Elementary",93901
"15633",27,66142,6026603,4,2012,31,47,"Roosevelt Elementary",93901
"15634",27,66142,6026603,5,2012,31,21.312030075188,"Roosevelt Elementary",93901
"15635",27,66142,6026603,6,2012,31,21.4803149606299,"Roosevelt Elementary",93901
"15636",27,66142,6026611,2,2012,31,31,"Sherwood Elementary",93905
"15637",27,66142,6026611,3,2012,31,38,"Sherwood Elementary",93905
"15638",27,66142,6026611,4,2012,31,39.038961038961,"Sherwood Elementary",93905
"15639",27,66142,6026611,5,2012,31,31.4644351464435,"Sherwood Elementary",93905
"15640",27,66142,6026611,6,2012,31,30,"Sherwood Elementary",93905
"15641",27,66142,6066963,2,2012,31,37,"University Park Elementary",93901
"15642",27,66142,6066963,2,2012,111,53,"University Park Elementary",93901
"15643",27,66142,6066963,3,2012,31,30.5732484076433,"University Park Elementary",93901
"15644",27,66142,6066963,3,2012,111,57.5,"University Park Elementary",93901
"15645",27,66142,6066963,4,2012,31,45.0526315789474,"University Park Elementary",93901
"15646",27,66142,6066963,4,2012,111,82.5,"University Park Elementary",93901
"15647",27,66142,6066963,5,2012,31,38.0745341614907,"University Park Elementary",93901
"15648",27,66142,6066963,5,2012,111,71.3333333333333,"University Park Elementary",93901
"15649",27,66142,6066963,6,2012,31,35.5,"University Park Elementary",93901
"15650",27,66142,6066963,6,2012,111,65,"University Park Elementary",93901
"15651",27,66142,6109177,2,2012,31,47,"Laurel Wood Elementary",93907
"15652",27,66142,6109177,2,2012,111,76,"Laurel Wood Elementary",93907
"15653",27,66142,6109177,3,2012,31,51,"Laurel Wood Elementary",93907
"15654",27,66142,6109177,3,2012,111,62.5,"Laurel Wood Elementary",93907
"15655",27,66142,6109177,4,2012,31,49.5473684210526,"Laurel Wood Elementary",93907
"15656",27,66142,6109177,4,2012,111,71.5,"Laurel Wood Elementary",93907
"15657",27,66142,6109177,5,2012,31,49,"Laurel Wood Elementary",93907
"15658",27,66142,6109177,5,2012,111,70.3333333333333,"Laurel Wood Elementary",93907
"15659",27,66142,6109177,6,2012,31,47.5,"Laurel Wood Elementary",93907
"15660",27,66142,6109177,6,2012,111,65,"Laurel Wood Elementary",93907
"15661",27,66159,124610,8,2012,111,21.2765957446809,"El Puente",93906
"15662",27,66159,124610,10,2012,31,4.84848484848485,"El Puente",93906
"15663",27,66159,124610,10,2012,111,7.51219512195122,"El Puente",93906
"15664",27,66159,124610,11,2012,31,8.28888888888889,"El Puente",93906
"15665",27,66159,124610,11,2012,111,9.13924050632911,"El Puente",93906
"15666",27,66159,2730109,9,2012,31,33.9319286871961,"Alisal High",93905
"15667",27,66159,2730109,9,2012,111,38.0026109660574,"Alisal High",93905
"15668",27,66159,2730109,10,2012,31,31.9298409728718,"Alisal High",93905
"15669",27,66159,2730109,10,2012,111,28.8928,"Alisal High",93905
"15670",27,66159,2730109,11,2012,31,27.6329378925331,"Alisal High",93905
"15671",27,66159,2730109,11,2012,111,30.466796875,"Alisal High",93905
"15672",27,66159,2730166,9,2012,31,28.7817561807332,"Everett Alvarez High",93906
"15673",27,66159,2730166,9,2012,111,40.3690987124464,"Everett Alvarez High",93906
"15674",27,66159,2730166,10,2012,31,33.9148797920728,"Everett Alvarez High",93906
"15675",27,66159,2730166,10,2012,111,42.3085299455535,"Everett Alvarez High",93906
"15676",27,66159,2730166,11,2012,31,25.3698481561822,"Everett Alvarez High",93906
"15677",27,66159,2730166,11,2012,111,40.7848837209302,"Everett Alvarez High",93906
"15678",27,66159,2730273,8,2012,31,4.5,"Carr Lake Community Day",93906
"15679",27,66159,2733178,9,2012,31,31.5714285714286,"North Salinas High",93906
"15680",27,66159,2733178,9,2012,111,33.418691588785,"North Salinas High",93906
"15681",27,66159,2733178,10,2012,31,26.9167822468793,"North Salinas High",93906
"15682",27,66159,2733178,10,2012,111,34.2892102335929,"North Salinas High",93906
"15683",27,66159,2733178,11,2012,31,28.1410381978453,"North Salinas High",93906
"15684",27,66159,2733178,11,2012,111,40.6921675774135,"North Salinas High",93906
"15685",27,66159,2734556,9,2012,31,31.9044943820225,"Salinas High",93901
"15686",27,66159,2734556,9,2012,111,52.1452081316554,"Salinas High",93901
"15687",27,66159,2734556,10,2012,31,37.6741028128031,"Salinas High",93901
"15688",27,66159,2734556,10,2012,111,55.4807817589577,"Salinas High",93901
"15689",27,66159,2734556,11,2012,31,28.4793296089385,"Salinas High",93901
"15690",27,66159,2734556,11,2012,111,50.112600536193,"Salinas High",93901
"15691",27,66159,6058762,7,2012,31,34.609756097561,"El Sausal Middle",93905
"15692",27,66159,6058762,7,2012,111,46,"El Sausal Middle",93905
"15693",27,66159,6058762,8,2012,31,34.163696369637,"El Sausal Middle",93905
"15694",27,66159,6058762,8,2012,111,36.5207373271889,"El Sausal Middle",93905
"15695",27,66159,6058770,7,2012,31,42.3131955484897,"Washington Middle",93901
"15696",27,66159,6058770,7,2012,111,64.1644295302013,"Washington Middle",93901
"15697",27,66159,6058770,8,2012,31,40.6705998033432,"Washington Middle",93901
"15698",27,66159,6058770,8,2012,111,57.9290012033694,"Washington Middle",93901
"15699",27,66159,6110753,7,2012,31,35.5233415233415,"Harden Middle",93906
"15700",27,66159,6110753,7,2012,111,48.8034482758621,"Harden Middle",93906
"15701",27,66159,6110753,8,2012,31,42.73208072373,"Harden Middle",93906
"15702",27,66159,6110753,8,2012,111,50.3345280764636,"Harden Middle",93906
"15703",27,66159,6118129,7,2012,31,39.6775510204082,"La Paz Middle",93905
"15704",27,66159,6118129,7,2012,111,41.7472527472527,"La Paz Middle",93905
"15705",27,66159,6118129,8,2012,31,39.8340579710145,"La Paz Middle",93905
"15706",27,66159,6118129,8,2012,111,47.9259259259259,"La Paz Middle",93905
"15707",27,66167,6026629,2,2012,111,50,"San Antonio Elementary",93932
"15708",27,66167,6026629,6,2012,111,79,"San Antonio Elementary",93932
"15709",27,66167,6026629,7,2012,111,88.5,"San Antonio Elementary",93932
"15710",27,66175,6026637,6,2012,31,0,"San Ardo Elementary",93450
"15711",27,66175,6026637,8,2012,31,35.5,"San Ardo Elementary",93450
"15712",27,66191,107391,2,2012,31,74.5,"New Republic Elementary",93906
"15713",27,66191,107391,2,2012,111,85,"New Republic Elementary",93906
"15714",27,66191,107391,3,2012,31,60,"New Republic Elementary",93906
"15715",27,66191,107391,3,2012,111,64.5,"New Republic Elementary",93906
"15716",27,66191,107391,4,2012,31,78,"New Republic Elementary",93906
"15717",27,66191,107391,4,2012,111,86,"New Republic Elementary",93906
"15718",27,66191,107391,5,2012,31,45,"New Republic Elementary",93906
"15719",27,66191,107391,5,2012,111,57.6666666666667,"New Republic Elementary",93906
"15720",27,66191,6026652,2,2012,31,33,"La Joya Elementary",93906
"15721",27,66191,6026652,2,2012,111,38.5,"La Joya Elementary",93906
"15722",27,66191,6026652,3,2012,31,34.5,"La Joya Elementary",93906
"15723",27,66191,6026652,3,2012,111,50,"La Joya Elementary",93906
"15724",27,66191,6026652,4,2012,31,38.503937007874,"La Joya Elementary",93906
"15725",27,66191,6026652,4,2012,111,44.2222222222222,"La Joya Elementary",93906
"15726",27,66191,6026652,5,2012,31,48.985,"La Joya Elementary",93906
"15727",27,66191,6026652,5,2012,111,55.8285714285714,"La Joya Elementary",93906
"15728",27,66191,6026660,2,2012,31,39.5,"Santa Rita Elementary",93906
"15729",27,66191,6026660,2,2012,111,28.5,"Santa Rita Elementary",93906
"15730",27,66191,6026660,3,2012,31,33.5754189944134,"Santa Rita Elementary",93906
"15731",27,66191,6026660,3,2012,111,31,"Santa Rita Elementary",93906
"15732",27,66191,6026660,4,2012,31,45.1204819277108,"Santa Rita Elementary",93906
"15733",27,66191,6026660,4,2012,111,66,"Santa Rita Elementary",93906
"15734",27,66191,6026660,5,2012,31,35.6666666666667,"Santa Rita Elementary",93906
"15735",27,66191,6026660,5,2012,111,59,"Santa Rita Elementary",93906
"15736",27,66191,6102925,6,2012,31,41.8974358974359,"Gavilan View Middle",93906
"15737",27,66191,6102925,6,2012,111,61.8461538461538,"Gavilan View Middle",93906
"15738",27,66191,6102925,7,2012,31,37.5129310344828,"Gavilan View Middle",93906
"15739",27,66191,6102925,7,2012,111,76.0793650793651,"Gavilan View Middle",93906
"15740",27,66191,6102925,8,2012,31,39.0627450980392,"Gavilan View Middle",93906
"15741",27,66191,6102925,8,2012,111,57.2537313432836,"Gavilan View Middle",93906
"15742",27,66191,6120224,2,2012,31,55,"McKinnon",93906
"15743",27,66191,6120224,2,2012,111,71.5,"McKinnon",93906
"15744",27,66191,6120224,3,2012,31,44.6792452830189,"McKinnon",93906
"15745",27,66191,6120224,3,2012,111,63.5,"McKinnon",93906
"15746",27,66191,6120224,4,2012,31,52.1067961165049,"McKinnon",93906
"15747",27,66191,6120224,4,2012,111,83,"McKinnon",93906
"15748",27,66191,6120224,5,2012,31,59.7114093959732,"McKinnon",93906
"15749",27,66191,6120224,5,2012,111,78.3333333333333,"McKinnon",93906
"15750",27,66225,6026694,2,2012,111,78,"Spreckels Elementary",93962
"15751",27,66225,6026694,3,2012,31,33.5,"Spreckels Elementary",93962
"15752",27,66225,6026694,3,2012,111,81.5,"Spreckels Elementary",93962
"15753",27,66225,6026694,4,2012,31,46,"Spreckels Elementary",93962
"15754",27,66225,6026694,4,2012,111,82,"Spreckels Elementary",93962
"15755",27,66225,6026694,5,2012,111,76.3333333333333,"Spreckels Elementary",93962
"15756",27,66225,6115182,6,2012,31,62.5,"Buena Vista Middle",93908
"15757",27,66225,6115182,6,2012,111,70,"Buena Vista Middle",93908
"15758",27,66225,6115182,7,2012,31,45.5,"Buena Vista Middle",93908
"15759",27,66225,6115182,7,2012,111,75.5,"Buena Vista Middle",93908
"15760",27,66225,6115182,8,2012,31,75.76,"Buena Vista Middle",93908
"15761",27,66225,6115182,8,2012,111,72.4615384615385,"Buena Vista Middle",93908
"15762",27,66233,6026702,6,2012,111,77.0348258706468,"San Benancio Middle",93908
"15763",27,66233,6026702,7,2012,111,78.0403587443946,"San Benancio Middle",93908
"15764",27,66233,6026702,8,2012,111,78.6989528795812,"San Benancio Middle",93908
"15765",27,66233,6026710,4,2012,111,86.4766355140187,"Washington Elementary",93908
"15766",27,66233,6026710,5,2012,111,79.3423728813559,"Washington Elementary",93908
"15767",27,66233,6092688,2,2012,111,78.5,"Toro Park Elementary",93908
"15768",27,66233,6092688,3,2012,111,82.5,"Toro Park Elementary",93908
"15769",27,73825,2730034,9,2012,31,24.2046109510086,"North Monterey County High",95012
"15770",27,73825,2730034,9,2012,111,44,"North Monterey County High",95012
"15771",27,73825,2730034,10,2012,31,28.2183574879227,"North Monterey County High",95012
"15772",27,73825,2730034,10,2012,111,45.015923566879,"North Monterey County High",95012
"15773",27,73825,2730034,11,2012,31,33.4677661169415,"North Monterey County High",95012
"15774",27,73825,2730034,11,2012,111,56.1512195121951,"North Monterey County High",95012
"15775",27,73825,6026397,2,2012,31,15.9673202614379,"Castroville Elementary",95012
"15776",27,73825,6026397,3,2012,31,24.4184397163121,"Castroville Elementary",95012
"15777",27,73825,6026397,4,2012,31,35.5,"Castroville Elementary",95012
"15778",27,73825,6026397,5,2012,31,50.3333333333333,"Castroville Elementary",95012
"15779",27,73825,6026397,5,2012,111,58.6666666666667,"Castroville Elementary",95012
"15780",27,73825,6026397,6,2012,31,43,"Castroville Elementary",95012
"15781",27,73825,6026397,6,2012,111,41.5,"Castroville Elementary",95012
"15782",27,73825,6026405,2,2012,31,20,"Echo Valley Elementary",93907
"15783",27,73825,6026405,2,2012,111,40,"Echo Valley Elementary",93907
"15784",27,73825,6026405,3,2012,31,37.3274336283186,"Echo Valley Elementary",93907
"15785",27,73825,6026405,3,2012,111,62.5,"Echo Valley Elementary",93907
"15786",27,73825,6026405,4,2012,31,39.5,"Echo Valley Elementary",93907
"15787",27,73825,6026405,4,2012,111,46,"Echo Valley Elementary",93907
"15788",27,73825,6026405,5,2012,31,34.6987179487179,"Echo Valley Elementary",93907
"15789",27,73825,6026405,6,2012,31,35.9902912621359,"Echo Valley Elementary",93907
"15790",27,73825,6026405,6,2012,111,82,"Echo Valley Elementary",93907
"15791",27,73825,6026413,2,2012,31,45.5,"Elkhorn Elementary",95012
"15792",27,73825,6026413,2,2012,111,59.5,"Elkhorn Elementary",95012
"15793",27,73825,6026413,3,2012,31,42.7936507936508,"Elkhorn Elementary",95012
"15794",27,73825,6026413,3,2012,111,70,"Elkhorn Elementary",95012
"15795",27,73825,6026413,4,2012,31,47,"Elkhorn Elementary",95012
"15796",27,73825,6026413,4,2012,111,54,"Elkhorn Elementary",95012
"15797",27,73825,6026413,5,2012,31,44.2512820512821,"Elkhorn Elementary",95012
"15798",27,73825,6026413,5,2012,111,67,"Elkhorn Elementary",95012
"15799",27,73825,6026413,6,2012,31,43.0082644628099,"Elkhorn Elementary",95012
"15800",27,73825,6026413,6,2012,111,66,"Elkhorn Elementary",95012
"15801",27,73825,6026447,2,2012,31,28,"Prunedale Elementary",93907
"15802",27,73825,6026447,2,2012,111,75,"Prunedale Elementary",93907
"15803",27,73825,6026447,3,2012,31,34.5,"Prunedale Elementary",93907
"15804",27,73825,6026447,3,2012,111,65.5,"Prunedale Elementary",93907
"15805",27,73825,6026447,4,2012,31,48.5,"Prunedale Elementary",93907
"15806",27,73825,6026447,4,2012,111,83,"Prunedale Elementary",93907
"15807",27,73825,6026447,5,2012,31,48.3333333333333,"Prunedale Elementary",93907
"15808",27,73825,6026447,5,2012,111,85.3333333333333,"Prunedale Elementary",93907
"15809",27,73825,6026447,6,2012,31,58,"Prunedale Elementary",93907
"15810",27,73825,6026447,6,2012,111,81,"Prunedale Elementary",93907
"15811",27,75440,106112,11,2012,31,0,"Pinnacles High",93960
"15812",27,75440,106336,2,2012,31,59.9689119170984,"Frank Ledesma Elementary",93960
"15813",27,75440,106336,3,2012,31,59,"Frank Ledesma Elementary",93960
"15814",27,75440,106336,3,2012,111,95.5,"Frank Ledesma Elementary",93960
"15815",27,75440,106336,4,2012,31,67,"Frank Ledesma Elementary",93960
"15816",27,75440,106336,5,2012,31,48.3333333333333,"Frank Ledesma Elementary",93960
"15817",27,75440,106336,6,2012,31,50,"Frank Ledesma Elementary",93960
"15818",27,75440,111088,2,2012,31,68,"Jack Franscioni Elementary",93960
"15819",27,75440,111088,3,2012,31,35,"Jack Franscioni Elementary",93960
"15820",27,75440,111088,4,2012,31,67,"Jack Franscioni Elementary",93960
"15821",27,75440,111088,6,2012,31,44.5,"Jack Franscioni Elementary",93960
"15822",27,75440,2730190,9,2012,31,27.5799573560768,"Soledad High",93960
"15823",27,75440,2730190,9,2012,111,59.5925925925926,"Soledad High",93960
"15824",27,75440,2730190,10,2012,31,30.9072609633357,"Soledad High",93960
"15825",27,75440,2730190,10,2012,111,47.5288461538462,"Soledad High",93960
"15826",27,75440,2730190,11,2012,31,20.0035046728972,"Soledad High",93960
"15827",27,75440,2730190,11,2012,111,36.4537037037037,"Soledad High",93960
"15828",27,75440,6026678,7,2012,31,41.4758497316637,"Main Street Middle",93960
"15829",27,75440,6026678,7,2012,111,77.425,"Main Street Middle",93960
"15830",27,75440,6026678,8,2012,31,39.6381865736704,"Main Street Middle",93960
"15831",27,75440,6026678,8,2012,111,73.784,"Main Street Middle",93960
"15832",27,75440,6026686,2,2012,31,60,"San Vicente Elementary",93960
"15833",27,75440,6026686,3,2012,31,60.5,"San Vicente Elementary",93960
"15834",27,75440,6026686,4,2012,31,52,"San Vicente Elementary",93960
"15835",27,75440,6026686,5,2012,31,44.9698113207547,"San Vicente Elementary",93960
"15836",27,75440,6026686,6,2012,31,34.3706896551724,"San Vicente Elementary",93960
"15837",27,75440,6105472,2,2012,31,46,"Gabilan Elementary",93960
"15838",27,75440,6105472,3,2012,31,51,"Gabilan Elementary",93960
"15839",27,75440,6105472,4,2012,31,57.5,"Gabilan Elementary",93960
"15840",27,75440,6105472,5,2012,31,63.5724637681159,"Gabilan Elementary",93960
"15841",27,75440,6105472,6,2012,31,48,"Gabilan Elementary",93960
"15842",27,75440,6118756,2,2012,31,57.5,"Rose Ferrero Elementary",93960
"15843",27,75440,6118756,3,2012,31,66.5,"Rose Ferrero Elementary",93960
"15844",27,75440,6118756,4,2012,31,50,"Rose Ferrero Elementary",93960
"15845",27,75440,6118756,5,2012,31,61.3333333333333,"Rose Ferrero Elementary",93960
"15846",27,75440,6118756,6,2012,31,46.5284552845528,"Rose Ferrero Elementary",93960
"15847",27,75473,2730885,9,2012,31,26.7534791252485,"Gonzales High",93926
"15848",27,75473,2730885,9,2012,111,73.5,"Gonzales High",93926
"15849",27,75473,2730885,10,2012,31,16.1560196560197,"Gonzales High",93926
"15850",27,75473,2730885,10,2012,111,32.6916666666667,"Gonzales High",93926
"15851",27,75473,2730885,11,2012,31,23.5443037974684,"Gonzales High",93926
"15852",27,75473,2730885,11,2012,111,29.253164556962,"Gonzales High",93926
"15853",27,75473,6026090,5,2012,31,34.6666666666667,"Fairview Middle",93926
"15854",27,75473,6026090,5,2012,111,55,"Fairview Middle",93926
"15855",27,75473,6026090,6,2012,31,37,"Fairview Middle",93926
"15856",27,75473,6026090,6,2012,111,66.5,"Fairview Middle",93926
"15857",27,75473,6026090,7,2012,31,31,"Fairview Middle",93926
"15858",27,75473,6026090,7,2012,111,35.5,"Fairview Middle",93926
"15859",27,75473,6026090,8,2012,31,28.8628571428571,"Fairview Middle",93926
"15860",27,75473,6026090,8,2012,111,71.3506493506493,"Fairview Middle",93926
"15861",27,75473,6066955,2,2012,31,41,"La Gloria Elementary",93926
"15862",27,75473,6066955,2,2012,111,56,"La Gloria Elementary",93926
"15863",27,75473,6066955,3,2012,31,44.0875,"La Gloria Elementary",93926
"15864",27,75473,6066955,3,2012,111,53,"La Gloria Elementary",93926
"15865",27,75473,6066955,4,2012,31,53.5088339222615,"La Gloria Elementary",93926
"15866",28,10280,2830099,8,2012,31,6.12244897959184,"Napa County Community",94559
"15867",28,10280,2830099,9,2012,31,9.60975609756098,"Napa County Community",94559
"15868",28,10280,2830099,10,2012,31,2.5,"Napa County Community",94559
"15869",28,10280,2830099,11,2012,31,15.6341463414634,"Napa County Community",94559
"15870",28,66241,6026744,2,2012,31,66,"Calistoga Elementary",94515
"15871",28,66241,6026744,2,2012,111,66.5,"Calistoga Elementary",94515
"15872",28,66241,6026744,3,2012,31,59.5,"Calistoga Elementary",94515
"15873",28,66241,6026744,4,2012,31,40.7142857142857,"Calistoga Elementary",94515
"15874",28,66241,6026744,5,2012,31,52.3789473684211,"Calistoga Elementary",94515
"15875",28,66241,6026744,5,2012,111,95,"Calistoga Elementary",94515
"15876",28,66241,6026744,6,2012,31,44,"Calistoga Elementary",94515
"15877",28,66258,6026751,3,2012,111,73,"Howell Mountain Elementary",94508
"15878",28,66266,101568,6,2012,31,32.5070422535211,"Harvest Middle",94558
"15879",28,66266,101568,6,2012,111,73.48,"Harvest Middle",94558
"15880",28,66266,101568,7,2012,31,42,"Harvest Middle",94558
"15881",28,66266,101568,7,2012,111,82.5177664974619,"Harvest Middle",94558
"15882",28,66266,101568,8,2012,31,34.1884057971015,"Harvest Middle",94558
"15883",28,66266,101568,8,2012,111,65.9977876106195,"Harvest Middle",94558
"15884",28,66266,108605,2,2012,111,48.5,"Stone Bridge",94558
"15885",28,66266,108605,3,2012,111,50,"Stone Bridge",94558
"15886",28,66266,108605,4,2012,111,78,"Stone Bridge",94558
"15887",28,66266,108605,5,2012,111,77,"Stone Bridge",94558
"15888",28,66266,108605,6,2012,111,81.5,"Stone Bridge",94558
"15889",28,66266,108605,7,2012,111,85.7959183673469,"Stone Bridge",94558
"15890",28,66266,108605,8,2012,111,61.8426966292135,"Stone Bridge",94558
"15891",28,66266,109140,2,2012,31,35.5,"Canyon Oaks Elementary",94503
"15892",28,66266,109140,2,2012,111,63.5,"Canyon Oaks Elementary",94503
"15893",28,66266,109140,3,2012,31,53.5,"Canyon Oaks Elementary",94503
"15894",28,66266,109140,3,2012,111,75.5,"Canyon Oaks Elementary",94503
"15895",28,66266,109140,4,2012,31,58,"Canyon Oaks Elementary",94503
"15896",28,66266,109140,4,2012,111,89,"Canyon Oaks Elementary",94503
"15897",28,66266,109140,5,2012,31,64,"Canyon Oaks Elementary",94503
"15898",28,66266,109140,5,2012,111,88,"Canyon Oaks Elementary",94503
"15899",28,66266,121087,9,2012,31,26.9035087719298,"American Canyon High",94503
"15900",28,66266,121087,9,2012,111,54.5421875,"American Canyon High",94503
"15901",28,66266,121087,10,2012,31,22.5854922279793,"American Canyon High",94503
"15902",28,66266,121087,10,2012,111,43.1039755351682,"American Canyon High",94503
"15903",28,66266,121087,11,2012,31,23.6,"American Canyon High",94503
"15904",28,66266,121087,11,2012,111,43.1595615103532,"American Canyon High",94503
"15905",28,66266,2830016,9,2012,31,31.0673400673401,"Vintage High",94558
"15906",28,66266,2830016,9,2012,111,54.7144927536232,"Vintage High",94558
"15907",28,66266,2830016,10,2012,31,26.1448497854077,"Vintage High",94558
"15908",28,66266,2830016,10,2012,111,50.3029839326702,"Vintage High",94558
"15909",28,66266,2830016,11,2012,31,31.499001996008,"Vintage High",94558
"15910",28,66266,2830016,11,2012,111,44.7316129032258,"Vintage High",94558
"15911",28,66266,2830115,9,2012,31,56.1808510638298,"New Technology High",94559
"15912",28,66266,2830115,9,2012,111,66.5025125628141,"New Technology High",94559
"15913",28,66266,2830115,10,2012,31,37.7884615384615,"New Technology High",94559
"15914",28,66266,2830115,10,2012,111,61.9756097560976,"New Technology High",94559
"15915",28,66266,2830115,11,2012,31,68.5,"New Technology High",94559
"15916",28,66266,2830115,11,2012,111,62.7391304347826,"New Technology High",94559
"15917",28,66266,2830149,10,2012,31,3.86206896551724,"Valley Oak High",94558
"15918",28,66266,2830149,11,2012,31,7.78048780487805,"Valley Oak High",94558
"15919",28,66266,2830149,11,2012,111,11.9661016949153,"Valley Oak High",94558
"15920",28,66266,2835601,9,2012,31,35.5416666666667,"Napa High",94558
"15921",28,66266,2835601,9,2012,111,67.3689167974882,"Napa High",94558
"15922",28,66266,2835601,10,2012,31,29.0339302544769,"Napa High",94558
"15923",28,66266,2835601,10,2012,111,63.5440084835631,"Napa High",94558
"15924",28,66266,2835601,11,2012,31,23.651795429815,"Napa High",94558
"15925",28,66266,2835601,11,2012,111,51.2275390625,"Napa High",94558
"15926",28,66266,6026769,2,2012,31,39,"Alta Heights Elementary",94559
"15927",28,66266,6026769,2,2012,111,73.5,"Alta Heights Elementary",94559
"15928",28,66266,6026769,3,2012,31,32,"Alta Heights Elementary",94559
"15929",28,66266,6026769,3,2012,111,55,"Alta Heights Elementary",94559
"15930",28,66266,6026769,4,2012,31,44.9411764705882,"Alta Heights Elementary",94559
"15931",28,66266,6026769,4,2012,111,70,"Alta Heights Elementary",94559
"15932",28,66266,6026769,5,2012,31,50.6666666666667,"Alta Heights Elementary",94559
"15933",28,66266,6026769,5,2012,111,73,"Alta Heights Elementary",94559
"15934",28,66266,6026777,2,2012,31,68.5,"Bel Aire Park Elementary",94558
"15935",28,66266,6026777,2,2012,111,85,"Bel Aire Park Elementary",94558
"15936",28,66266,6026777,3,2012,31,58,"Bel Aire Park Elementary",94558
"15937",28,66266,6026777,3,2012,111,80,"Bel Aire Park Elementary",94558
"15938",28,66266,6026777,4,2012,31,65,"Bel Aire Park Elementary",94558
"15939",28,66266,6026777,4,2012,111,81.5,"Bel Aire Park Elementary",94558
"15940",28,66266,6026777,5,2012,31,56.6666666666667,"Bel Aire Park Elementary",94558
"15941",28,66266,6026777,5,2012,111,80.1428571428571,"Bel Aire Park Elementary",94558
"15942",28,66266,6026785,2,2012,31,28,"Browns Valley Elementary",94558
"15943",28,66266,6026785,2,2012,111,69,"Browns Valley Elementary",94558
"15944",28,66266,6026785,3,2012,31,27,"Browns Valley Elementary",94558
"15945",28,66266,6026785,3,2012,111,70.0792079207921,"Browns Valley Elementary",94558
"15946",28,66266,6026785,4,2012,31,64,"Browns Valley Elementary",94558
"15947",28,66266,6026785,4,2012,111,87,"Browns Valley Elementary",94558
"15948",28,66266,6026785,5,2012,31,38.5769230769231,"Browns Valley Elementary",94558
"15949",28,66266,6026785,5,2012,111,80.9709302325581,"Browns Valley Elementary",94558
"15950",28,66266,6026827,2,2012,31,61.5,"Donaldson Way Elementary",94589
"15951",28,66266,6026827,2,2012,111,75.5,"Donaldson Way Elementary",94589
"15952",28,66266,6026827,3,2012,31,59,"Donaldson Way Elementary",94589
"15953",28,66266,6026827,3,2012,111,74.5,"Donaldson Way Elementary",94589
"15954",28,66266,6026827,4,2012,31,52.5,"Donaldson Way Elementary",94589
"15955",28,66266,6026827,4,2012,111,68.5,"Donaldson Way Elementary",94589
"15956",28,66266,6026827,5,2012,31,68.3333333333333,"Donaldson Way Elementary",94589
"15957",28,66266,6026827,5,2012,111,78.3333333333333,"Donaldson Way Elementary",94589
"15958",28,66266,6026850,2,2012,31,46,"McPherson Elementary",94558
"15959",28,66266,6026850,2,2012,111,46,"McPherson Elementary",94558
"15960",28,66266,6026850,3,2012,31,50.7931034482759,"McPherson Elementary",94558
"15961",28,66266,6026850,4,2012,31,54.6,"McPherson Elementary",94558
"15962",28,66266,6026850,5,2012,31,56.640625,"McPherson Elementary",94558
"15963",28,66266,6026892,2,2012,31,28,"Northwood Elementary",94558
"15964",28,66266,6026892,2,2012,111,69.5,"Northwood Elementary",94558
"15965",28,66266,6026892,3,2012,31,43.6545454545455,"Northwood Elementary",94558
"15966",28,66266,6026892,3,2012,111,74.5,"Northwood Elementary",94558
"15967",28,66266,6026892,4,2012,31,72.5,"Northwood Elementary",94558
"15968",28,66266,6026892,4,2012,111,87.0952380952381,"Northwood Elementary",94558
"15969",28,66266,6026892,5,2012,31,61,"Northwood Elementary",94558
"15970",28,66266,6026892,5,2012,111,83.3652173913043,"Northwood Elementary",94558
"15971",28,66266,6026918,2,2012,31,42.5,"Pueblo Vista Elementary",94558
"15972",28,66266,6026918,2,2012,111,68.5,"Pueblo Vista Elementary",94558
"15973",28,66266,6026918,3,2012,31,31.1754385964912,"Pueblo Vista Elementary",94558
"15974",28,66266,6026918,4,2012,31,35.6271186440678,"Pueblo Vista Elementary",94558
"15975",28,66266,6026918,5,2012,31,27.0842105263158,"Pueblo Vista Elementary",94558
"15976",28,66266,6026918,5,2012,111,38.3333333333333,"Pueblo Vista Elementary",94558
"15977",28,66266,6026942,2,2012,31,48,"Snow Elementary",94558
"15978",28,66266,6026942,2,2012,111,55,"Snow Elementary",94558
"15979",28,66266,6026942,3,2012,31,46.5,"Snow Elementary",94558
"15980",28,66266,6026942,3,2012,111,39,"Snow Elementary",94558
"15981",28,66266,6026942,4,2012,31,42.5,"Snow Elementary",94558
"15982",28,66266,6026942,4,2012,111,56.5,"Snow Elementary",94558
"15983",28,66266,6026942,5,2012,31,27,"Snow Elementary",94558
"15984",28,66266,6026967,2,2012,111,76.5,"Vichy Elementary",94558
"15985",28,66266,6026967,3,2012,111,79.9357798165138,"Vichy Elementary",94558
"15986",28,66266,6026967,4,2012,31,67,"Vichy Elementary",94558
"15987",28,66266,6026967,4,2012,111,91.0176991150443,"Vichy Elementary",94558
"15988",28,66266,6026967,5,2012,111,76.3333333333333,"Vichy Elementary",94558
"15989",28,66266,6026975,2,2012,31,53.5,"West Park Elementary",94558
"15990",28,66266,6026975,2,2012,111,76.5,"West Park Elementary",94558
"15991",28,66266,6026975,3,2012,31,75,"West Park Elementary",94558
"15992",28,66266,6026975,3,2012,111,77.5,"West Park Elementary",94558
"15993",28,66266,6026975,4,2012,31,33.5,"West Park Elementary",94558
"15994",28,66266,6026975,4,2012,111,71,"West Park Elementary",94558
"15995",28,66266,6026975,5,2012,111,59.6880733944954,"West Park Elementary",94558
"15996",28,66266,6058788,6,2012,31,53.0210526315789,"Redwood Middle",94558
"15997",28,66266,6058788,6,2012,111,75,"Redwood Middle",94558
"15998",28,66266,6058788,7,2012,31,47.4911764705882,"Redwood Middle",94558
"15999",28,66266,6058788,7,2012,111,79.5142857142857,"Redwood Middle",94558
"16000",28,66266,6058788,8,2012,31,37.8202247191011,"Redwood Middle",94558
"16001",28,66266,6058788,8,2012,111,67.166095890411,"Redwood Middle",94558
"16002",28,66266,6058796,6,2012,31,32.4682926829268,"Silverado Middle",94558
"16003",28,66266,6058796,6,2012,111,79.9951219512195,"Silverado Middle",94558
"16004",28,66266,6058796,7,2012,31,44.5075987841945,"Silverado Middle",94558
"16005",28,66266,6058796,7,2012,111,83.0281690140845,"Silverado Middle",94558
"16006",28,66266,6058796,8,2012,31,38.2482993197279,"Silverado Middle",94558
"16007",28,66266,6058796,8,2012,111,71.606936416185,"Silverado Middle",94558
"16008",28,66266,6115240,6,2012,31,40.9920634920635,"American Canyon Middle",94589
"16009",28,66266,6115240,6,2012,111,67.5,"American Canyon Middle",94589
"16010",28,66266,6115240,7,2012,31,54.3672566371681,"American Canyon Middle",94589
"16011",28,66266,6115240,7,2012,111,76.6197183098592,"American Canyon Middle",94589
"16012",28,66266,6115240,8,2012,31,36.5807050092764,"American Canyon Middle",94589
"16013",28,66266,6115240,8,2012,111,61.5201421800948,"American Canyon Middle",94589
"16014",28,66290,2837102,9,2012,31,44.5524475524476,"Saint Helena High",94574
"16015",28,66290,2837102,9,2012,111,66.9086294416244,"Saint Helena High",94574
"16016",28,66290,2837102,10,2012,31,42.7017543859649,"Saint Helena High",94574
"16017",28,66290,2837102,10,2012,111,59.9888268156425,"Saint Helena High",94574
"16018",28,66290,2837102,11,2012,31,40.1011235955056,"Saint Helena High",94574
"16019",28,66290,2837102,11,2012,111,61.7216494845361,"Saint Helena High",94574
"16020",28,66290,6027049,3,2012,31,40.2307692307692,"Saint Helena Elementary",94574
"16021",28,66290,6027049,3,2012,111,86.5,"Saint Helena Elementary",94574
"16022",28,66290,6027049,4,2012,31,48.5,"Saint Helena Elementary",94574
"16023",28,66290,6027049,4,2012,111,83.9462365591398,"Saint Helena Elementary",94574
"16024",28,66290,6027049,5,2012,31,48.3298969072165,"Saint Helena Elementary",94574
"16025",28,66290,6027049,5,2012,111,78.6196319018405,"Saint Helena Elementary",94574
"16026",28,66290,6117964,2,2012,31,37,"Saint Helena Primary",94574
"16027",28,66290,6117964,2,2012,111,66.5,"Saint Helena Primary",94574
"16028",29,10298,114306,2,2012,111,25,"Forest Charter",95959
"16029",29,10298,114306,3,2012,111,32.5,"Forest Charter",95959
"16030",29,10298,114306,4,2012,31,46,"Forest Charter",95959
"16031",29,10298,114306,4,2012,111,62,"Forest Charter",95959
"16032",29,10298,114306,5,2012,31,29,"Forest Charter",95959
"16033",29,10298,114306,5,2012,111,56.6666666666667,"Forest Charter",95959
"16034",29,10298,114306,6,2012,31,22.5,"Forest Charter",95959
"16035",29,10298,114306,6,2012,111,58,"Forest Charter",95959
"16036",29,10298,114306,7,2012,31,48,"Forest Charter",95959
"16037",29,10298,114306,7,2012,111,46.0677966101695,"Forest Charter",95959
"16038",29,10298,114306,8,2012,31,28.2470588235294,"Forest Charter",95959
"16039",29,10298,114306,8,2012,111,54.71875,"Forest Charter",95959
"16040",29,10298,114306,9,2012,31,22.2040816326531,"Forest Charter",95959
"16041",29,10298,114306,9,2012,111,45.7666666666667,"Forest Charter",95959
"16042",29,10298,114306,10,2012,31,30.5739130434783,"Forest Charter",95959
"16043",29,10298,114306,10,2012,111,51.4117647058824,"Forest Charter",95959
"16044",29,10298,114306,11,2012,31,17.6544117647059,"Forest Charter",95959
"16045",29,10298,114306,11,2012,111,32.5247524752475,"Forest Charter",95959
"16046",29,10298,114322,2,2012,31,39,"Yuba River Charter",95945
"16047",29,10298,114322,2,2012,111,32,"Yuba River Charter",95945
"16048",29,10298,114322,3,2012,31,36,"Yuba River Charter",95945
"16049",29,10298,114322,3,2012,111,34.5,"Yuba River Charter",95945
"16050",29,10298,114322,4,2012,31,32,"Yuba River Charter",95945
"16051",29,10298,114322,4,2012,111,44.5,"Yuba River Charter",95945
"16052",29,10298,114322,5,2012,111,37,"Yuba River Charter",95945
"16053",29,10298,114322,6,2012,31,45.5,"Yuba River Charter",95945
"16054",29,10298,114322,6,2012,111,47,"Yuba River Charter",95945
"16055",29,10298,114322,7,2012,31,72.5,"Yuba River Charter",95945
"16056",29,10298,114322,8,2012,111,64.9090909090909,"Yuba River Charter",95945
"16057",29,66316,6027080,7,2012,111,83,"Chicago Park Elementary",95945
"16058",29,66324,6027098,2,2012,111,73,"Clear Creek Elementary",95949
"16059",29,66324,6027098,5,2012,111,66.6666666666667,"Clear Creek Elementary",95949
"16060",29,66324,6027098,6,2012,111,81,"Clear Creek Elementary",95949
"16061",29,66324,6027098,7,2012,111,56,"Clear Creek Elementary",95949
"16062",29,66332,6027122,6,2012,31,51.52,"Lyman Gilmore Middle",95945
"16063",29,66332,6027122,6,2012,111,52.5,"Lyman Gilmore Middle",95945
"16064",29,66332,6027122,7,2012,31,42.1410256410256,"Lyman Gilmore Middle",95945
"16065",29,66332,6027122,7,2012,111,63.962962962963,"Lyman Gilmore Middle",95945
"16066",29,66332,6027122,8,2012,31,46.0051813471503,"Lyman Gilmore Middle",95945
"16067",29,66332,6027122,8,2012,111,59.9197860962567,"Lyman Gilmore Middle",95945
"16068",29,66340,6027148,5,2012,31,57.9263157894737,"Seven Hills Intermediate",95959
"16069",29,66340,6027148,5,2012,111,73.0396475770925,"Seven Hills Intermediate",95959
"16070",29,66340,6027148,6,2012,31,51.8591549295775,"Seven Hills Intermediate",95959
"16071",29,66340,6027148,6,2012,111,67,"Seven Hills Intermediate",95959
"16072",29,66340,6027148,7,2012,31,50,"Seven Hills Intermediate",95959
"16073",29,66340,6027148,7,2012,111,71.9645390070922,"Seven Hills Intermediate",95959
"16074",29,66340,6027148,8,2012,31,53.8059701492537,"Seven Hills Intermediate",95959
"16075",29,66340,6027148,8,2012,111,69.7769423558897,"Seven Hills Intermediate",95959
"16076",29,66340,6097315,2,2012,31,49,"Deer Creek Elementary",95959
"16077",29,66340,6097315,2,2012,111,80,"Deer Creek Elementary",95959
"16078",29,66340,6097315,3,2012,31,46.5254237288136,"Deer Creek Elementary",95959
"16079",29,66340,6097315,3,2012,111,66.5,"Deer Creek Elementary",95959
"16080",29,66340,6097315,4,2012,31,75.3623188405797,"Deer Creek Elementary",95959
"16081",29,66340,6097315,4,2012,111,90.4786324786325,"Deer Creek Elementary",95959
"16082",29,66357,2930048,9,2012,111,47.2721649484536,"Bear River High",95949
"16083",29,66357,2930048,10,2012,31,29.126213592233,"Bear River High",95949
"16084",29,66357,2930048,10,2012,111,57.3521126760563,"Bear River High",95949
"16085",29,66357,2930048,11,2012,31,57.5,"Bear River High",95949
"16086",29,66357,2930048,11,2012,111,61.0227642276423,"Bear River High",95949
"16087",29,66357,2935500,9,2012,31,35.2558139534884,"Nevada Union High",95945
"16088",29,66357,2935500,9,2012,111,53.9036496350365,"Nevada Union High",95945
"16089",29,66357,2935500,10,2012,31,43.2530303030303,"Nevada Union High",95945
"16090",29,66357,2935500,10,2012,111,61.1429408318688,"Nevada Union High",95945
"16091",29,66357,2935500,11,2012,31,38.1855072463768,"Nevada Union High",95945
"16092",29,66357,2935500,11,2012,111,55.0404709345107,"Nevada Union High",95945
"16093",29,66373,6094981,6,2012,31,60.5,"Magnolia Intermediate",95949
"16094",29,66373,6094981,6,2012,111,78.5235849056604,"Magnolia Intermediate",95949
"16095",29,66373,6094981,7,2012,31,48.7964601769912,"Magnolia Intermediate",95949
"16096",29,66373,6094981,7,2012,111,70.8905660377359,"Magnolia Intermediate",95949
"16097",29,66373,6094981,8,2012,31,63.8762886597938,"Magnolia Intermediate",95949
"16098",29,66373,6094981,8,2012,111,73.6109625668449,"Magnolia Intermediate",95949
"16099",29,66373,6101018,2,2012,31,68.5,"Cottage Hill Elementary",95949
"16100",29,66373,6101018,2,2012,111,65,"Cottage Hill Elementary",95949
"16101",29,66373,6101018,3,2012,31,54.1428571428571,"Cottage Hill Elementary",95949
"16102",29,66373,6101018,3,2012,111,65.0701754385965,"Cottage Hill Elementary",95949
"16103",29,66373,6101018,4,2012,31,79.978021978022,"Cottage Hill Elementary",95949
"16104",29,66373,6101018,4,2012,111,92.5,"Cottage Hill Elementary",95949
"16105",29,66373,6101018,5,2012,31,63.8454545454545,"Cottage Hill Elementary",95949
"16106",29,66373,6101018,5,2012,111,73.9911894273128,"Cottage Hill Elementary",95949
"16107",29,66373,6105811,2,2012,31,50,"Alta Sierra Elementary",95949
"16108",29,66373,6105811,2,2012,111,79,"Alta Sierra Elementary",95949
"16109",29,66373,6105811,3,2012,31,62,"Alta Sierra Elementary",95949
"16110",29,66373,6105811,3,2012,111,86.5573770491803,"Alta Sierra Elementary",95949
"16111",29,66373,6105811,4,2012,31,86,"Alta Sierra Elementary",95949
"16112",29,66373,6105811,4,2012,111,90,"Alta Sierra Elementary",95949
"16113",29,66373,6105811,5,2012,31,59.9714285714286,"Alta Sierra Elementary",95949
"16114",29,66373,6105811,5,2012,111,76.1084337349398,"Alta Sierra Elementary",95949
"16115",29,66381,6110746,2,2012,31,36,"Williams Ranch Elementary",95946
"16116",29,66381,6110746,2,2012,111,58.5,"Williams Ranch Elementary",95946
"16117",29,66381,6110746,3,2012,31,36.3333333333333,"Williams Ranch Elementary",95946
"16118",29,66381,6110746,3,2012,111,84,"Williams Ranch Elementary",95946
"16119",29,66399,6027189,2,2012,31,27,"Ready Springs Elementary",95946
"16120",29,66399,6027189,3,2012,31,32.5,"Ready Springs Elementary",95946
"16121",29,66399,6027189,4,2012,31,81,"Ready Springs Elementary",95946
"16122",29,66399,6027189,5,2012,31,37.4464285714286,"Ready Springs Elementary",95946
"16123",29,66399,6027189,6,2012,31,32.5,"Ready Springs Elementary",95946
"16124",29,66399,6027189,7,2012,31,56.08,"Ready Springs Elementary",95946
"16125",29,66399,6027189,8,2012,31,55.5857142857143,"Ready Springs Elementary",95946
"16126",29,66407,6027197,2,2012,31,81,"Union Hill Elementary",95945
"16127",29,66407,6027197,2,2012,111,82.5,"Union Hill Elementary",95945
"16128",29,66407,6027197,3,2012,31,80.5,"Union Hill Elementary",95945
"16129",29,66407,6027197,3,2012,111,72.1860465116279,"Union Hill Elementary",95945
"16130",29,66407,6027197,4,2012,31,86.6,"Union Hill Elementary",95945
"16131",29,66407,6027197,4,2012,111,70.7209302325581,"Union Hill Elementary",95945
"16132",29,66407,6027197,5,2012,31,58.3448275862069,"Union Hill Elementary",95945
"16133",29,66407,6027197,5,2012,111,86,"Union Hill Elementary",95945
"16134",29,66407,6027197,6,2012,31,39.1388888888889,"Union Hill Elementary",95945
"16135",29,66407,6027197,6,2012,111,60,"Union Hill Elementary",95945
"16136",29,66407,6027197,7,2012,31,59.8,"Union Hill Elementary",95945
"16137",29,66407,6027197,7,2012,111,64.1443298969072,"Union Hill Elementary",95945
"16138",29,66407,6027197,8,2012,31,40.71875,"Union Hill Elementary",95945
"16139",29,66407,6027197,8,2012,111,69.004,"Union Hill Elementary",95945
"16140",30,66423,113712,2,2012,31,48.4590163934426,"Orange Grove Elementary",92805
"16141",30,66423,113712,3,2012,31,39.5,"Orange Grove Elementary",92805
"16142",30,66423,113712,4,2012,31,60.5485232067511,"Orange Grove Elementary",92805
"16143",30,66423,113712,5,2012,31,55.2811387900356,"Orange Grove Elementary",92805
"16144",30,66423,113712,6,2012,31,50.9247311827957,"Orange Grove Elementary",92805
"16145",30,66423,121053,2,2012,31,54.5,"Ponderosa Elementary",92802
"16146",30,66423,121053,3,2012,31,41.5646258503401,"Ponderosa Elementary",92802
"16147",30,66423,121053,4,2012,31,54.6688741721854,"Ponderosa Elementary",92802
"16148",30,66423,121053,5,2012,31,39.750656167979,"Ponderosa Elementary",92802
"16149",30,66423,121053,5,2012,111,36,"Ponderosa Elementary",92802
"16150",30,66423,121053,6,2012,31,52.0035587188612,"Ponderosa Elementary",92802
"16151",30,66423,121053,6,2012,111,68.04,"Ponderosa Elementary",92802
"16152",30,66423,6027254,2,2012,31,48,"Juarez (Benito) Elementary",92806
"16153",30,66423,6027254,2,2012,111,60.5,"Juarez (Benito) Elementary",92806
"16154",30,66423,6027254,3,2012,31,60,"Juarez (Benito) Elementary",92806
"16155",30,66423,6027254,3,2012,111,77,"Juarez (Benito) Elementary",92806
"16156",30,66423,6027254,4,2012,31,58.0225563909774,"Juarez (Benito) Elementary",92806
"16157",30,66423,6027254,4,2012,111,76.5,"Juarez (Benito) Elementary",92806
"16158",30,66423,6027254,5,2012,31,49.3846153846154,"Juarez (Benito) Elementary",92806
"16159",30,66423,6027254,5,2012,111,76.3333333333333,"Juarez (Benito) Elementary",92806
"16160",30,66423,6027254,6,2012,31,53.5,"Juarez (Benito) Elementary",92806
"16161",30,66423,6027254,6,2012,111,71.5,"Juarez (Benito) Elementary",92806
"16162",30,66423,6027353,2,2012,31,61.5,"Loara Elementary",92802
"16163",30,66423,6027353,2,2012,111,53,"Loara Elementary",92802
"16164",30,66423,6027353,3,2012,31,41.6238532110092,"Loara Elementary",92802
"16165",30,66423,6027353,3,2012,111,56.04,"Loara Elementary",92802
"16166",30,66423,6027353,4,2012,31,74.5,"Loara Elementary",92802
"16167",30,66423,6027353,4,2012,111,97.5,"Loara Elementary",92802
"16168",30,66423,6027353,5,2012,31,58.2645502645503,"Loara Elementary",92802
"16169",30,66423,6027353,5,2012,111,86,"Loara Elementary",92802
"16170",30,66423,6027353,6,2012,31,51.5,"Loara Elementary",92802
"16171",30,66423,6027353,6,2012,111,81,"Loara Elementary",92802
"16172",30,66423,6027387,2,2012,31,31,"Henry (Patrick) Elementary",92801
"16173",30,66423,6027387,3,2012,31,32,"Henry (Patrick) Elementary",92801
"16174",30,66423,6027387,4,2012,31,40.3728813559322,"Henry (Patrick) Elementary",92801
"16175",30,66423,6027387,5,2012,31,53.6666666666667,"Henry (Patrick) Elementary",92801
"16176",30,66423,6027387,6,2012,31,65.5159817351598,"Henry (Patrick) Elementary",92801
"16177",30,66423,6027395,2,2012,31,44.5,"Revere (Paul) Elementary",92805
"16178",30,66423,6027395,3,2012,31,49.125,"Revere (Paul) Elementary",92805
"16179",30,66423,6027395,4,2012,31,64.0987654320988,"Revere (Paul) Elementary",92805
"16180",30,66423,6027395,5,2012,31,59.2333333333333,"Revere (Paul) Elementary",92805
"16181",30,66423,6027395,6,2012,31,47.4688796680498,"Revere (Paul) Elementary",92805
"16182",30,66423,6027395,6,2012,111,73,"Revere (Paul) Elementary",92805
"16183",30,66423,6027403,2,2012,31,43.5,"Sunkist Elementary",92806
"16184",30,66423,6027403,2,2012,111,66,"Sunkist Elementary",92806
"16185",30,66423,6027403,3,2012,31,49.5,"Sunkist Elementary",92806
"16186",30,66423,6027403,3,2012,111,83,"Sunkist Elementary",92806
"16187",30,66423,6027403,4,2012,31,44.5549738219895,"Sunkist Elementary",92806
"16188",30,66423,6027403,4,2012,111,52.5,"Sunkist Elementary",92806
"16189",30,66423,6027403,5,2012,31,37.0221518987342,"Sunkist Elementary",92806
"16190",30,66423,6027403,5,2012,111,86,"Sunkist Elementary",92806
"16191",30,66423,6027403,6,2012,31,32.488038277512,"Sunkist Elementary",92806
"16192",30,66423,6027403,6,2012,111,44,"Sunkist Elementary",92806
"16193",30,66423,6113393,2,2012,31,44.5,"Olive Street Elementary",92805
"16194",30,66423,6113393,3,2012,31,42.5,"Olive Street Elementary",92805
"16195",30,66423,6113393,4,2012,31,56.6153846153846,"Olive Street Elementary",92805
"16196",30,66423,6113393,5,2012,31,54.6192307692308,"Olive Street Elementary",92805
"16197",30,66423,6113393,6,2012,31,40,"Olive Street Elementary",92805
"16198",30,66423,6116123,2,2012,31,44,"Westmont Elementary",92801
"16199",30,66423,6116123,2,2012,111,78.5,"Westmont Elementary",92801
"16200",30,66423,6116123,3,2012,31,53.5789473684211,"Westmont Elementary",92801
"16201",30,66423,6116123,3,2012,111,77.5,"Westmont Elementary",92801
"16202",30,66423,6116123,4,2012,31,51.0804597701149,"Westmont Elementary",92801
"16203",30,66423,6116123,5,2012,31,39.6666666666667,"Westmont Elementary",92801
"16204",30,66423,6116123,5,2012,111,46.1081081081081,"Westmont Elementary",92801
"16205",30,66423,6116123,6,2012,31,40.5353535353535,"Westmont Elementary",92801
"16206",30,66423,6116123,6,2012,111,69.0222222222222,"Westmont Elementary",92801
"16207",30,66431,3030038,9,2012,31,73.775641025641,"Cypress High",90630
"16208",30,66431,3030038,9,2012,111,81.2995689655172,"Cypress High",90630
"16209",30,66431,3030038,10,2012,31,71.1179596174283,"Cypress High",90630
"16210",30,66431,3030038,10,2012,111,79.6442894507411,"Cypress High",90630
"16211",30,66431,3030038,11,2012,31,67.1357388316151,"Cypress High",90630
"16212",30,66431,3030038,11,2012,111,78.071098265896,"Cypress High",90630
"16213",30,66431,3030228,9,2012,31,38.1370262390671,"Anaheim High",92805
"16214",30,66431,3030228,9,2012,111,39,"Anaheim High",92805
"16215",30,66431,3030228,10,2012,31,39.371570344425,"Anaheim High",92805
"16216",30,66431,3030228,10,2012,111,44.3861386138614,"Anaheim High",92805
"16217",30,66431,3030228,11,2012,31,36.4929844520288,"Anaheim High",92805
"16218",30,66431,3030228,11,2012,111,38.8130841121495,"Anaheim High",92805
"16219",30,66431,3030616,7,2012,31,99,"Oxford Academy",90630
"16220",30,66431,3030616,7,2012,111,100,"Oxford Academy",90630
"16221",30,66431,3030616,8,2012,31,98.6762589928058,"Oxford Academy",90630
"16222",30,66431,3030616,8,2012,111,99.1878557874763,"Oxford Academy",90630
"16223",30,66431,3030616,9,2012,31,99.5450236966825,"Oxford Academy",90630
"16224",30,66431,3030616,9,2012,111,99.7820512820513,"Oxford Academy",90630
"16225",30,66431,3030616,10,2012,31,94.5890410958904,"Oxford Academy",90630
"16226",30,66431,3030616,10,2012,111,97.7033333333333,"Oxford Academy",90630
"16227",30,66431,3030616,11,2012,31,92.8666666666667,"Oxford Academy",90630
"16228",30,66431,3030616,11,2012,111,96.1384976525822,"Oxford Academy",90630
"16229",30,66431,3033057,9,2012,31,39.0932456664674,"Katella High",92806
"16230",30,66431,3033057,9,2012,111,49.5529010238908,"Katella High",92806
"16231",30,66431,3033057,10,2012,31,37.0553757641136,"Katella High",92806
"16232",30,66431,3033057,10,2012,111,54.4401408450704,"Katella High",92806
"16233",30,66431,3033057,11,2012,31,36.8175824175824,"Katella High",92806
"16234",30,66431,3033057,11,2012,111,46.7123595505618,"Katella High",92806
"16235",30,66431,3033115,9,2012,31,62.2853881278539,"John F. Kennedy High",90623
"16236",30,66431,3033115,9,2012,111,74.1330685203575,"John F. Kennedy High",90623
"16237",30,66431,3033115,10,2012,31,56.2337662337662,"John F. Kennedy High",90623
"16238",30,66431,3033115,10,2012,111,71.9681712962963,"John F. Kennedy High",90623
"16239",30,66431,3033115,11,2012,31,59.3125,"John F. Kennedy High",90623
"16240",30,66431,3033115,11,2012,111,70.3170731707317,"John F. Kennedy High",90623
"16241",30,66431,3033784,9,2012,31,36.5277777777778,"Loara High",92804
"16242",30,66431,3033784,9,2012,111,52.0165745856354,"Loara High",92804
"16243",30,66431,3033784,10,2012,31,35.6593543046358,"Loara High",92804
"16244",30,66431,3033784,10,2012,111,49.3319209039548,"Loara High",92804
"16245",30,66431,3033784,11,2012,31,31.619825708061,"Loara High",92804
"16246",30,66431,3033784,11,2012,111,44.95756718529,"Loara High",92804
"16247",30,66431,3034204,9,2012,31,33.6448311156602,"Magnolia High",92804
"16248",30,66431,3034204,9,2012,111,44.5945945945946,"Magnolia High",92804
"16249",30,66431,3034204,10,2012,31,29.4470198675497,"Magnolia High",92804
"16250",30,66431,3034204,10,2012,111,43.6171875,"Magnolia High",92804
"16251",30,66431,3034204,11,2012,31,25.1560283687943,"Magnolia High",92804
"16252",30,66431,3034204,11,2012,111,36.212543554007,"Magnolia High",92804
"16253",30,66431,3036712,9,2012,31,30.2087832973362,"Savanna High",92801
"16254",30,66431,3036712,9,2012,111,42.7538940809969,"Savanna High",92801
"16255",30,66431,3036712,10,2012,31,33.575263662512,"Savanna High",92801
"16256",30,66431,3036712,10,2012,111,46.5433070866142,"Savanna High",92801
"16257",30,66431,3036712,11,2012,31,29.7076411960133,"Savanna High",92801
"16258",30,66431,3036712,11,2012,111,42.831013916501,"Savanna High",92801
"16259",30,66431,3038239,9,2012,31,44.5760065735415,"Western High",92804
"16260",30,66431,3038239,9,2012,111,52.6498422712934,"Western High",92804
"16261",30,66431,3038239,10,2012,31,43.1329949238579,"Western High",92804
"16262",30,66431,3038239,10,2012,111,56.5740025740026,"Western High",92804
"16263",30,66431,3038239,11,2012,31,45.4827338129496,"Western High",92804
"16264",30,66431,3038239,11,2012,111,50.2437888198758,"Western High",92804
"16265",30,66431,6058812,7,2012,31,42.2918604651163,"Brookhurst Junior High",92801
"16266",30,66431,6058812,7,2012,111,60.2817679558011,"Brookhurst Junior High",92801
"16267",30,66431,6058812,8,2012,31,42.0721911540417,"Brookhurst Junior High",92801
"16268",30,66431,6058812,8,2012,111,67.5910290237467,"Brookhurst Junior High",92801
"16269",30,66431,6058820,7,2012,31,44.3149606299213,"Dale Junior High",92804
"16270",30,66431,6058820,7,2012,111,60.2122448979592,"Dale Junior High",92804
"16271",30,66431,6058820,8,2012,31,45.4745116722249,"Dale Junior High",92804
"16272",30,66431,6058820,8,2012,111,62.3317073170732,"Dale Junior High",92804
"16273",30,66431,6058861,7,2012,31,47.7020979020979,"Orangeview Junior High",92804
"16274",30,66431,6058861,7,2012,111,60.9739583333333,"Orangeview Junior High",92804
"16275",30,66431,6058861,8,2012,31,52.3265306122449,"Orangeview Junior High",92804
"16276",30,66431,6058861,8,2012,111,72.7071240105541,"Orangeview Junior High",92804
"16277",30,66431,6058887,7,2012,31,37,"South Junior High",92806
"16278",30,66431,6058887,7,2012,111,56.5,"South Junior High",92806
"16279",30,66431,6058887,8,2012,31,35.6439157566303,"South Junior High",92806
"16280",30,66431,6058887,8,2012,111,51.1280276816609,"South Junior High",92806
"16281",30,66431,6058895,7,2012,31,46.2410041841004,"Sycamore Junior High",92805
"16282",30,66431,6058895,7,2012,111,52.5157894736842,"Sycamore Junior High",92805
"16283",30,66431,6058895,8,2012,31,45.4039301310044,"Sycamore Junior High",92805
"16284",30,66431,6058895,8,2012,111,54.812865497076,"Sycamore Junior High",92805
"16285",30,66431,6058903,7,2012,31,57.6658536585366,"Walker Junior High",90623
"16286",30,66431,6058903,7,2012,111,73.0507692307692,"Walker Junior High",90623
"16287",30,66431,6058903,8,2012,31,49.1144781144781,"Walker Junior High",90623
"16288",30,66431,6058903,8,2012,111,68.3367537313433,"Walker Junior High",90623
"16289",30,66431,6061683,7,2012,31,35.3160733549083,"Ball Junior High",92802
"16290",30,66431,6061683,7,2012,111,60.1666666666667,"Ball Junior High",92802
"16291",30,66431,6061683,8,2012,31,39.2565036420395,"Ball Junior High",92802
"16292",30,66431,6061683,8,2012,111,57.9450171821306,"Ball Junior High",92802
"16293",30,66431,6085260,7,2012,31,62.8279883381924,"Lexington Junior High",90630
"16294",30,66431,6085260,7,2012,111,76.5244755244755,"Lexington Junior High",90630
"16295",30,66431,6085260,8,2012,31,64.4176646706587,"Lexington Junior High",90630
"16296",30,66431,6085260,8,2012,111,77.5917297612114,"Lexington Junior High",90630
"16297",30,66449,6027445,2,2012,31,55,"Arovista Elementary",92821
"16298",30,66449,6027445,2,2012,111,76.5,"Arovista Elementary",92821
"16299",30,66449,6027445,3,2012,31,54.271186440678,"Arovista Elementary",92821
"16300",30,66449,6027445,3,2012,111,82.5736434108527,"Arovista Elementary",92821
"16301",30,66449,6027445,4,2012,31,73.5510204081633,"Arovista Elementary",92821
"16302",30,66449,6027445,4,2012,111,82.5411764705882,"Arovista Elementary",92821
"16303",30,66449,6027445,5,2012,31,64,"Arovista Elementary",92821
"16304",30,66449,6027445,5,2012,111,96.6517857142857,"Arovista Elementary",92821
"16305",30,66449,6027445,6,2012,31,56.6,"Arovista Elementary",92821
"16306",30,66449,6027445,6,2012,111,75.5,"Arovista Elementary",92821
"16307",30,66449,6027460,2,2012,31,65,"Mariposa Elementary",92821
"16308",30,66449,6027460,2,2012,111,92,"Mariposa Elementary",92821
"16309",30,66449,6027460,3,2012,31,79,"Mariposa Elementary",92821
"16310",30,66449,6027460,3,2012,111,86,"Mariposa Elementary",92821
"16311",30,66449,6027460,4,2012,31,72.551724137931,"Mariposa Elementary",92821
"16312",30,66449,6027460,4,2012,111,98.9818181818182,"Mariposa Elementary",92821
"16313",30,66449,6027460,5,2012,31,79.6666666666667,"Mariposa Elementary",92821
"16314",30,66449,6027460,5,2012,111,90,"Mariposa Elementary",92821
"16315",30,66449,6027460,6,2012,31,64.5,"Mariposa Elementary",92821
"16316",30,66449,6027460,6,2012,111,90,"Mariposa Elementary",92821
"16317",30,66449,6058911,7,2012,31,57,"Brea Junior High",92821
"16318",30,66449,6058911,7,2012,111,82.837925445705,"Brea Junior High",92821
"16319",30,66449,6058911,8,2012,31,55.213849287169,"Brea Junior High",92821
"16320",30,66449,6058911,8,2012,111,78.9808963997061,"Brea Junior High",92821
"16321",30,66456,6027577,2,2012,31,27,"Mabel L. Pendleton Elementary",90621
"16322",30,66456,6027577,2,2012,111,42,"Mabel L. Pendleton Elementary",90621
"16323",30,66456,6027577,3,2012,31,45.6148148148148,"Mabel L. Pendleton Elementary",90621
"16324",30,66456,6027577,3,2012,111,41,"Mabel L. Pendleton Elementary",90621
"16325",30,66456,6027577,4,2012,31,50.5151515151515,"Mabel L. Pendleton Elementary",90621
"16326",30,66456,6027577,4,2012,111,85,"Mabel L. Pendleton Elementary",90621
"16327",30,66456,6027577,5,2012,31,39.9548387096774,"Mabel L. Pendleton Elementary",90621
"16328",30,66456,6027577,6,2012,31,44.7073170731707,"Mabel L. Pendleton Elementary",90621
"16329",30,66456,6027577,6,2012,111,51.4848484848485,"Mabel L. Pendleton Elementary",90621
"16330",30,66464,100735,2,2012,111,81.5058823529412,"Canyon Vista Elementary",92656
"16331",30,66464,100735,3,2012,31,72.551724137931,"Canyon Vista Elementary",92656
"16332",30,66464,100735,3,2012,111,82.5,"Canyon Vista Elementary",92656
"16333",30,66464,100735,4,2012,111,88.9830508474576,"Canyon Vista Elementary",92656
"16334",30,66464,100735,5,2012,111,91.3257142857143,"Canyon Vista Elementary",92656
"16335",30,66464,100883,2,2012,31,77.5,"Vista del Mar Elementary",92673
"16336",30,66464,100883,2,2012,111,89,"Vista del Mar Elementary",92673
"16337",30,66464,100883,3,2012,31,47.5,"Vista del Mar Elementary",92673
"16338",30,66464,100883,3,2012,111,78,"Vista del Mar Elementary",92673
"16339",30,66464,100883,4,2012,31,66.5,"Vista del Mar Elementary",92673
"16340",30,66464,100883,4,2012,111,89.5,"Vista del Mar Elementary",92673
"16341",30,66464,100883,5,2012,31,77.6666666666667,"Vista del Mar Elementary",92673
"16342",30,66464,100883,5,2012,111,94.6666666666667,"Vista del Mar Elementary",92673
"16343",30,66464,100891,6,2012,31,45,"Vista del Mar Middle",92673
"16344",30,66464,100891,6,2012,111,80.5454545454545,"Vista del Mar Middle",92673
"16345",30,66464,100891,7,2012,31,61.8333333333333,"Vista del Mar Middle",92673
"16346",30,66464,100891,7,2012,111,90.2060606060606,"Vista del Mar Middle",92673
"16347",30,66464,100891,8,2012,31,65.2222222222222,"Vista del Mar Middle",92673
"16348",30,66464,100891,8,2012,111,90.5938628158845,"Vista del Mar Middle",92673
"16349",30,66464,100909,2,2012,31,43.5,"Ladera Ranch Elementary",92694
"16350",30,66464,100909,2,2012,111,87.5,"Ladera Ranch Elementary",92694
"16351",30,66464,100909,3,2012,31,68,"Ladera Ranch Elementary",92694
"16352",30,66464,100909,3,2012,111,85.5477941176471,"Ladera Ranch Elementary",92694
"16353",30,66464,100909,4,2012,31,74.3225806451613,"Ladera Ranch Elementary",92694
"16354",30,66464,100909,4,2012,111,93.987012987013,"Ladera Ranch Elementary",92694
"16355",30,66464,100909,5,2012,31,73.3333333333333,"Ladera Ranch Elementary",92694
"16356",30,66464,100909,5,2012,111,91.3333333333333,"Ladera Ranch Elementary",92694
"16357",30,66464,100917,6,2012,31,72.9550561797753,"Ladera Ranch Middle",92694
"16358",30,66464,100917,6,2012,111,89.4968233799238,"Ladera Ranch Middle",92694
"16359",30,66464,100917,7,2012,31,84.5,"Ladera Ranch Middle",92694
"16360",30,66464,100917,7,2012,111,89.9538670284939,"Ladera Ranch Middle",92694
"16361",30,66464,100917,8,2012,31,79.0709677419355,"Ladera Ranch Middle",92694
"16362",30,66464,100917,8,2012,111,89.4486983154671,"Ladera Ranch Middle",92694
"16363",30,66464,108704,2,2012,111,85.5,"Oso Grande Elementary",92694
"16364",30,66464,108704,3,2012,111,85.991643454039,"Oso Grande Elementary",92694
"16365",30,66464,108704,4,2012,111,86.5,"Oso Grande Elementary",92694
"16366",30,66464,108704,5,2012,111,81.6794258373206,"Oso Grande Elementary",92694
"16367",30,66464,111914,6,2012,31,56,"Arroyo Vista Middle",92688
"16368",30,66464,111914,6,2012,111,81.5169082125604,"Arroyo Vista Middle",92688
"16369",30,66464,111914,7,2012,31,70.8333333333333,"Arroyo Vista Middle",92688
"16370",30,66464,111914,7,2012,111,88.5646551724138,"Arroyo Vista Middle",92688
"16371",30,66464,111914,8,2012,31,85.1111111111111,"Arroyo Vista Middle",92688
"16372",30,66464,111914,8,2012,111,88.0663900414938,"Arroyo Vista Middle",92688
"16373",30,66464,113381,9,2012,31,46.5348837209302,"San Juan Hills High",92675
"16374",30,66464,113381,9,2012,111,81.0200873362445,"San Juan Hills High",92675
"16375",30,66464,113381,10,2012,31,43.265306122449,"San Juan Hills High",92675
"16376",30,66464,113381,10,2012,111,72.282637075718,"San Juan Hills High",92675
"16377",30,66464,113381,11,2012,31,43.4862385321101,"San Juan Hills High",92675
"16378",30,66464,113381,11,2012,111,69.7517802644964,"San Juan Hills High",92675
"16379",30,66464,115501,6,2012,31,43.1219512195122,"Carl Hankey Middle",92692
"16380",30,66464,115501,6,2012,111,74,"Carl Hankey Middle",92692
"16381",30,66464,115501,7,2012,31,59.1960784313725,"Carl Hankey Middle",92692
"16382",30,66464,115501,7,2012,111,84.6216216216216,"Carl Hankey Middle",92692
"16383",30,66464,115501,8,2012,31,61.0932203389831,"Carl Hankey Middle",92692
"16384",30,66464,115501,8,2012,111,85.5770925110132,"Carl Hankey Middle",92692
"16385",30,66464,3030210,9,2012,31,41.5678571428571,"Capistrano Valley High",92692
"16386",30,66464,3030210,9,2012,111,75.5222295952223,"Capistrano Valley High",92692
"16387",30,66464,3030210,10,2012,31,35.1485294117647,"Capistrano Valley High",92692
"16388",30,66464,3030210,10,2012,111,64.6592526690391,"Capistrano Valley High",92692
"16389",30,66464,3030210,11,2012,31,43.4508196721311,"Capistrano Valley High",92692
"16390",30,66464,3030210,11,2012,111,65.2497387669801,"Capistrano Valley High",92692
"16391",30,66464,3030574,9,2012,31,61.3510324483776,"Aliso Niguel High",92656
"16392",30,66464,3030574,9,2012,111,84.6898973527823,"Aliso Niguel High",92656
"16393",30,66464,3030574,10,2012,31,58.2535496957404,"Aliso Niguel High",92656
"16394",30,66464,3030574,10,2012,111,75.8914285714286,"Aliso Niguel High",92656
"16395",30,66464,3030574,11,2012,31,56.1040892193309,"Aliso Niguel High",92656
"16396",30,66464,3030574,11,2012,111,72.2153846153846,"Aliso Niguel High",92656
"16397",30,66464,3036001,9,2012,31,57.742125984252,"San Clemente High",92673
"16398",30,66464,3036001,9,2012,111,81.7933227344992,"San Clemente High",92673
"16399",30,66464,3036001,10,2012,31,44.026825633383,"San Clemente High",92673
"16400",30,66464,3036001,10,2012,111,67.0689520841449,"San Clemente High",92673
"16401",30,66464,3036001,11,2012,31,44.6625310173697,"San Clemente High",92673
"16402",30,66464,3036001,11,2012,111,63.1658341658342,"San Clemente High",92673
"16403",30,66464,3038569,9,2012,31,52.5661157024793,"Dana Hills High",92629
"16404",30,66464,3038569,9,2012,111,82.1729559748428,"Dana Hills High",92629
"16405",30,66464,3038569,10,2012,31,43.1568322981366,"Dana Hills High",92629
"16406",30,66464,3038569,10,2012,111,76.4166998011928,"Dana Hills High",92629
"16407",30,66464,3038569,11,2012,31,42.3047210300429,"Dana Hills High",92629
"16408",30,66464,3038569,11,2012,111,67.3665893271462,"Dana Hills High",92629
"16409",30,66464,6027585,2,2012,31,39.5,"Concordia Elementary",92672
"16410",30,66464,6027585,2,2012,111,77.5,"Concordia Elementary",92672
"16411",30,66464,6027585,3,2012,31,48.5,"Concordia Elementary",92672
"16412",30,66464,6027585,3,2012,111,72.5,"Concordia Elementary",92672
"16413",30,66464,6027585,4,2012,31,69.5,"Concordia Elementary",92672
"16414",30,66464,6027585,4,2012,111,90.5037037037037,"Concordia Elementary",92672
"16415",30,66464,6027585,5,2012,31,53.3698630136986,"Concordia Elementary",92672
"16416",30,66464,6027585,5,2012,111,88.6666666666667,"Concordia Elementary",92672
"16417",30,66464,6027601,2,2012,31,27,"Las Palmas Elementary",92672
"16418",30,66464,6027601,2,2012,111,72,"Las Palmas Elementary",92672
"16419",30,66464,6027601,3,2012,31,31.5,"Las Palmas Elementary",92672
"16420",30,66464,6027601,3,2012,111,85,"Las Palmas Elementary",92672
"16421",30,66464,6027601,4,2012,31,42.5,"Las Palmas Elementary",92672
"16422",30,66464,6027601,4,2012,111,87.5,"Las Palmas Elementary",92672
"16423",30,66464,6027601,5,2012,31,43.8064516129032,"Las Palmas Elementary",92672
"16424",30,66464,6027601,5,2012,111,95.3333333333333,"Las Palmas Elementary",92672
"16425",30,66464,6027627,2,2012,31,44,"Palisades Elementary",92624
"16426",30,66464,6027627,2,2012,111,71,"Palisades Elementary",92624
"16427",30,66464,6027627,3,2012,31,69,"Palisades Elementary",92624
"16428",30,66464,6027627,3,2012,111,73,"Palisades Elementary",92624
"16429",30,66464,6027627,4,2012,31,68.2739726027397,"Palisades Elementary",92624
"16430",30,66464,6027627,4,2012,111,85.0183486238532,"Palisades Elementary",92624
"16431",30,66464,6027627,5,2012,31,60.6666666666667,"Palisades Elementary",92624
"16432",30,66464,6027627,5,2012,111,81.585798816568,"Palisades Elementary",92624
"16433",30,66464,6027635,2,2012,31,63.5,"Richard Henry Dana Elementary",92629
"16434",30,66464,6027635,2,2012,111,83,"Richard Henry Dana Elementary",92629
"16435",30,66464,6027635,3,2012,31,54.5,"Richard Henry Dana Elementary",92629
"16436",30,66464,6027635,4,2012,31,53,"Richard Henry Dana Elementary",92629
"16437",30,66464,6027643,2,2012,31,36,"San Juan Elementary",92675
"16438",30,66464,6027643,2,2012,111,75.5,"San Juan Elementary",92675
"16439",30,66464,6027643,3,2012,31,35,"San Juan Elementary",92675
"16440",30,66464,6027643,3,2012,111,82.5,"San Juan Elementary",92675
"16441",30,66464,6027643,4,2012,31,72.5947712418301,"San Juan Elementary",92675
"16442",30,66464,6027643,4,2012,111,98.5,"San Juan Elementary",92675
"16443",30,66464,6027643,5,2012,31,54.2658959537572,"San Juan Elementary",92675
"16444",30,66464,6027643,5,2012,111,96,"San Juan Elementary",92675
"16445",30,66464,6068589,2,2012,31,46.5,"Viejo Elementary",92691
"16446",30,66464,6068589,2,2012,111,82.5,"Viejo Elementary",92691
"16447",30,66464,6068589,3,2012,31,26.9587628865979,"Viejo Elementary",92691
"16448",30,66464,6068589,4,2012,31,43.2696629213483,"Viejo Elementary",92691
"16449",30,66464,6068589,4,2012,111,80.2,"Viejo Elementary",92691
"16450",30,66464,6068589,5,2012,31,47.1686746987952,"Viejo Elementary",92691
"16451",30,66464,6068589,5,2012,111,65,"Viejo Elementary",92691
"16452",30,66464,6089452,2,2012,111,87,"Castille Elementary",92691
"16453",30,66464,6089452,3,2012,31,40.5,"Castille Elementary",92691
"16454",30,66464,6089452,3,2012,111,81.5,"Castille Elementary",92691
"16455",30,66464,6089452,4,2012,31,61.6896551724138,"Castille Elementary",92691
"16456",30,66464,6089452,4,2012,111,89.4731707317073,"Castille Elementary",92691
"16457",30,66464,6089452,5,2012,31,57.8837209302326,"Castille Elementary",92691
"16458",30,66464,6089452,5,2012,111,81.9573770491803,"Castille Elementary",92691
"16459",30,66464,6094619,2,2012,31,40,"Del Obispo Elementary",92675
"16460",30,66464,6094619,2,2012,111,75,"Del Obispo Elementary",92675
"16461",30,66464,6094619,3,2012,31,48.1818181818182,"Del Obispo Elementary",92675
"16462",30,66464,6094619,3,2012,111,65.5,"Del Obispo Elementary",92675
"16463",30,66464,6094619,4,2012,31,60.6349206349206,"Del Obispo Elementary",92675
"16464",30,66464,6094619,4,2012,111,81.9722222222222,"Del Obispo Elementary",92675
"16465",30,66464,6094619,5,2012,31,69.3937007874016,"Del Obispo Elementary",92675
"16466",30,66464,6094619,5,2012,111,95.6610169491525,"Del Obispo Elementary",92675
"16467",30,66464,6095087,2,2012,31,47,"Moulton Elementary",92677
"16468",30,66464,6095087,2,2012,111,87.5,"Moulton Elementary",92677
"16469",30,66464,6095087,3,2012,31,57,"Moulton Elementary",92677
"16470",30,66464,6095087,3,2012,111,80.5489130434783,"Moulton Elementary",92677
"16471",30,66464,6095087,4,2012,31,70.2592592592593,"Moulton Elementary",92677
"16472",30,66464,6095087,4,2012,111,90.4934497816594,"Moulton Elementary",92677
"16473",30,66464,6095087,5,2012,31,72.2093023255814,"Moulton Elementary",92677
"16474",30,66464,6095087,5,2012,111,89.3142857142857,"Moulton Elementary",92677
"16475",30,66464,6095095,6,2012,31,48.5355191256831,"Niguel Hills Middle",92677
"16476",30,66464,6095095,6,2012,111,81.0059523809524,"Niguel Hills Middle",92677
"16477",30,66464,6095095,7,2012,31,59.2941176470588,"Niguel Hills Middle",92677
"16478",30,66464,6095095,7,2012,111,84.5391432791728,"Niguel Hills Middle",92677
"16479",30,66464,6095095,8,2012,31,59.3411764705882,"Niguel Hills Middle",92677
"16480",30,66464,6095095,8,2012,111,87.8638783269962,"Niguel Hills Middle",92677
"16481",30,66464,6097398,2,2012,31,56.5,"Harold Ambuehl Elementary",92675
"16482",30,66464,6097398,2,2012,111,86,"Harold Ambuehl Elementary",92675
"16483",30,66464,6097398,3,2012,31,40.5,"Harold Ambuehl Elementary",92675
"16484",30,66464,6097398,3,2012,111,65.5,"Harold Ambuehl Elementary",92675
"16485",30,66464,6097398,4,2012,31,61.5,"Harold Ambuehl Elementary",92675
"16486",30,66464,6097398,4,2012,111,84.5,"Harold Ambuehl Elementary",92675
"16487",30,66464,6097398,5,2012,31,46.98,"Harold Ambuehl Elementary",92675
"16488",30,66464,6097398,5,2012,111,80.3757961783439,"Harold Ambuehl Elementary",92675
"16489",30,66464,6097406,6,2012,31,34.4419642857143,"Shorecliffs Middle",92672
"16490",30,66464,6097406,6,2012,111,72.5,"Shorecliffs Middle",92672
"16491",30,66464,6097406,7,2012,31,39.027027027027,"Shorecliffs Middle",92672
"16492",30,66464,6097406,7,2012,111,77.3235294117647,"Shorecliffs Middle",92672
"16493",30,66464,6097406,8,2012,31,54.1277173913044,"Shorecliffs Middle",92672
"16494",30,66464,6097406,8,2012,111,86.3609653725079,"Shorecliffs Middle",92672
"16495",30,66464,6098495,2,2012,31,33,"Carl Hankey Elementary",92692
"16496",30,66464,6098495,2,2012,111,69,"Carl Hankey Elementary",92692
"16497",30,66464,6098495,3,2012,31,35,"Carl Hankey Elementary",92692
"16498",30,66464,6098495,3,2012,111,83,"Carl Hankey Elementary",92692
"16499",30,66464,6098495,4,2012,31,47.5,"Carl Hankey Elementary",92692
"16500",30,66464,6098495,4,2012,111,81.5,"Carl Hankey Elementary",92692
"16501",30,66464,6098495,5,2012,31,60.3333333333333,"Carl Hankey Elementary",92692
"16502",30,66464,6098495,5,2012,111,91,"Carl Hankey Elementary",92692
"16503",30,66464,6101125,6,2012,31,53.4662576687117,"Newhart Middle",92692
"16504",30,66464,6101125,6,2012,111,80.4916540212443,"Newhart Middle",92692
"16505",30,66464,6101125,7,2012,31,53.0823529411765,"Newhart Middle",92692
"16506",30,66464,6101125,7,2012,111,81.8688085676038,"Newhart Middle",92692
"16507",30,66464,6101125,8,2012,31,67.4756446991404,"Newhart Middle",92692
"16508",30,66464,6101125,8,2012,111,89.052988293284,"Newhart Middle",92692
"16509",30,66464,6106819,2,2012,31,50,"Truman Benedict Elementary",92673
"16510",30,66464,6106819,2,2012,111,84.5,"Truman Benedict Elementary",92673
"16511",30,66464,6106819,3,2012,111,74,"Truman Benedict Elementary",92673
"16512",30,66464,6106819,4,2012,31,39.92,"Truman Benedict Elementary",92673
"16513",30,66464,6106819,4,2012,111,82.9723756906077,"Truman Benedict Elementary",92673
"16514",30,66464,6106819,5,2012,111,87,"Truman Benedict Elementary",92673
"16515",30,66464,6110852,2,2012,31,71,"Arroyo Vista Elementary",92688
"16516",30,66464,6110852,2,2012,111,88,"Arroyo Vista Elementary",92688
"16517",30,66464,6110852,3,2012,111,88.5175879396985,"Arroyo Vista Elementary",92688
"16518",30,66464,6110852,4,2012,111,96.9944134078212,"Arroyo Vista Elementary",92688
"16519",30,66464,6110852,5,2012,31,87.88,"Arroyo Vista Elementary",92688
"16520",30,66464,6110852,5,2012,111,87.7046263345196,"Arroyo Vista Elementary",92688
"16521",30,66464,6111397,6,2012,31,55,"Aliso Viejo Middle",92656
"16522",30,66464,6111397,6,2012,111,79.9927927927928,"Aliso Viejo Middle",92656
"16523",30,66464,6111397,7,2012,31,71.4444444444444,"Aliso Viejo Middle",92656
"16524",30,66464,6111397,7,2012,111,84.7070707070707,"Aliso Viejo Middle",92656
"16525",30,66464,6111397,8,2012,31,77.2719298245614,"Aliso Viejo Middle",92656
"16526",30,66464,6111397,8,2012,111,90.1690376569038,"Aliso Viejo Middle",92656
"16527",30,66464,6111793,2,2012,111,85,"Bathgate Elementary",92692
"16528",30,66464,6111793,3,2012,111,87,"Bathgate Elementary",92692
"16529",30,66464,6111793,4,2012,111,90.4642857142857,"Bathgate Elementary",92692
"16530",30,66464,6111793,5,2012,111,82.6666666666667,"Bathgate Elementary",92692
"16531",30,66464,6111801,2,2012,31,53,"Hidden Hills Elementary",92677
"16532",30,66464,6111801,2,2012,111,85,"Hidden Hills Elementary",92677
"16533",30,66464,6111801,3,2012,31,45,"Hidden Hills Elementary",92677
"16534",30,66464,6111801,3,2012,111,68.2933333333333,"Hidden Hills Elementary",92677
"16535",30,66464,6111801,4,2012,31,51,"Hidden Hills Elementary",92677
"16536",30,66464,6111801,4,2012,111,79.9367088607595,"Hidden Hills Elementary",92677
"16537",30,66464,6111801,5,2012,31,57.3333333333333,"Hidden Hills Elementary",92677
"16538",30,66464,6111801,5,2012,111,76.6666666666667,"Hidden Hills Elementary",92677
"16539",30,66464,6111819,2,2012,31,39,"Clarence Lobo Elementary",92672
"16540",30,66464,6111819,2,2012,111,68,"Clarence Lobo Elementary",92672
"16541",30,66464,6111819,3,2012,31,52,"Clarence Lobo Elementary",92672
"16542",30,66464,6111819,3,2012,111,73,"Clarence Lobo Elementary",92672
"16543",30,66464,6111819,4,2012,31,64,"Clarence Lobo Elementary",92672
"16544",30,66464,6111819,4,2012,111,79,"Clarence Lobo Elementary",92672
"16545",30,66464,6111819,5,2012,31,62.3333333333333,"Clarence Lobo Elementary",92672
"16546",30,66464,6111819,5,2012,111,85.3333333333333,"Clarence Lobo Elementary",92672
"16547",30,66464,6111835,2,2012,31,48,"Wood Canyon Elementary",92656
"16548",30,66464,6111835,2,2012,111,80,"Wood Canyon Elementary",92656
"16549",30,66464,6111835,3,2012,31,30,"Wood Canyon Elementary",92656
"16550",30,66464,6111835,3,2012,111,62.5,"Wood Canyon Elementary",92656
"16551",30,66464,6111835,4,2012,31,50,"Wood Canyon Elementary",92656
"16552",30,66464,6111835,4,2012,111,67,"Wood Canyon Elementary",92656
"16553",30,66464,6111835,5,2012,31,39.3333333333333,"Wood Canyon Elementary",92656
"16554",30,66464,6111835,5,2012,111,68.728476821192,"Wood Canyon Elementary",92656
"16555",30,66464,6113344,2,2012,31,59.5,"Oak Grove Elementary",92656
"16556",30,66464,6113344,2,2012,111,77,"Oak Grove Elementary",92656
"16557",30,66464,6113344,3,2012,31,60.8780487804878,"Oak Grove Elementary",92656
"16558",30,66464,6113344,3,2012,111,76.5714285714286,"Oak Grove Elementary",92656
"16559",30,66464,6113344,4,2012,31,72.5,"Oak Grove Elementary",92656
"16560",30,66464,6113344,4,2012,111,84,"Oak Grove Elementary",92656
"16561",30,66464,6113344,5,2012,31,53.3333333333333,"Oak Grove Elementary",92656
"16562",30,66464,6113344,5,2012,111,80.9625850340136,"Oak Grove Elementary",92656
"16563",30,66464,6114516,2,2012,111,84.5,"Las Flores Elementary",92688
"16564",30,66464,6114516,3,2012,31,34.5,"Las Flores Elementary",92688
"16565",30,66464,6114516,3,2012,111,85.0282485875706,"Las Flores Elementary",92688
"16566",30,66464,6114516,4,2012,31,79,"Las Flores Elementary",92688
"16567",30,66464,6114516,4,2012,111,89.4597701149425,"Las Flores Elementary",92688
"16568",30,66464,6114516,5,2012,111,81.3132911392405,"Las Flores Elementary",92688
"16569",30,66464,6114524,2,2012,111,83,"Wagon Wheel Elementary",92679
"16570",30,66464,6114524,3,2012,111,84.5,"Wagon Wheel Elementary",92679
"16571",30,66464,6114524,4,2012,111,94,"Wagon Wheel Elementary",92679
"16572",30,66464,6114524,5,2012,111,84.3333333333333,"Wagon Wheel Elementary",92679
"16573",30,66464,6117725,6,2012,31,63,"Las Flores Middle",92688
"16574",30,66464,6117725,6,2012,111,86,"Las Flores Middle",92688
"16575",30,66464,6117725,7,2012,31,84.5862068965517,"Las Flores Middle",92688
"16576",30,66464,6117725,7,2012,111,82.8581560283688,"Las Flores Middle",92688
"16577",30,66464,6117725,8,2012,31,68.3298969072165,"Las Flores Middle",92688
"16578",30,66464,6117725,8,2012,111,87.8726868985936,"Las Flores Middle",92688
"16579",30,66464,6117733,2,2012,31,41,"Kinoshita Elementary",92675
"16580",30,66464,6117733,3,2012,31,64.9463414634146,"Kinoshita Elementary",92675
"16581",30,66464,6117733,4,2012,31,50.9815950920245,"Kinoshita Elementary",92675
"16582",30,66464,6117733,5,2012,31,40.6666666666667,"Kinoshita Elementary",92675
"16583",30,66464,6117741,2,2012,111,94,"Tijeras Creek Elementary",92688
"16584",30,66464,6117741,3,2012,111,83,"Tijeras Creek Elementary",92688
"16585",30,66464,6117741,4,2012,111,84.5,"Tijeras Creek Elementary",92688
"16586",30,66464,6117741,5,2012,111,89.6549520766773,"Tijeras Creek Elementary",92688
"16587",30,66464,6117758,2,2012,111,51.2553191489362,"Journey",92656
"16588",30,66464,6117758,3,2012,111,83.0555555555556,"Journey",92656
"16589",30,66464,6117758,4,2012,111,54.5,"Journey",92656
"16590",30,66464,6117758,5,2012,111,93,"Journey",92656
"16591",30,66464,6117758,6,2012,111,88,"Journey",92656
"16592",30,66464,6117758,7,2012,111,63,"Journey",92656
"16593",30,66464,6117758,8,2012,111,66.25,"Journey",92656
"16594",30,66464,6118947,2,2012,31,75,"Chaparral Elementary",92694
"16595",30,66464,6118947,2,2012,111,88.5,"Chaparral Elementary",92694
"16596",30,66464,6118947,3,2012,111,90,"Chaparral Elementary",92694
"16597",30,66464,6118947,4,2012,111,90.5,"Chaparral Elementary",92694
"16598",30,66464,6118947,5,2012,31,77.6666666666667,"Chaparral Elementary",92694
"16599",30,66464,6118947,5,2012,111,85,"Chaparral Elementary",92694
"16600",30,66472,6027668,2,2012,31,53,"Buena Terra Elementary",90620
"16601",30,66472,6027668,2,2012,111,78.5,"Buena Terra Elementary",90620
"16602",30,66472,6027668,3,2012,31,50.5,"Buena Terra Elementary",90620
"16603",30,66472,6027668,3,2012,111,78.5,"Buena Terra Elementary",90620
"16604",30,66472,6027668,4,2012,31,85,"Buena Terra Elementary",90620
"16605",30,66472,6027668,4,2012,111,88.5287356321839,"Buena Terra Elementary",90620
"16606",30,66472,6027668,5,2012,31,53.0283018867925,"Buena Terra Elementary",90620
"16607",30,66472,6027668,5,2012,111,80.3333333333333,"Buena Terra Elementary",90620
"16608",30,66472,6027668,6,2012,31,61.4237288135593,"Buena Terra Elementary",90620
"16609",30,66472,6027668,6,2012,111,82,"Buena Terra Elementary",90620
"16610",30,66472,6027676,2,2012,31,55,"Centralia Elementary",92801
"16611",30,66472,6027676,2,2012,111,73,"Centralia Elementary",92801
"16612",30,66472,6027676,3,2012,31,74,"Centralia Elementary",92801
"16613",30,66472,6027676,4,2012,31,84.078125,"Centralia Elementary",92801
"16614",30,66472,6027676,5,2012,31,48.3333333333333,"Centralia Elementary",92801
"16615",30,66472,6027676,5,2012,111,64.3333333333333,"Centralia Elementary",92801
"16616",30,66472,6027676,6,2012,31,66.0091743119266,"Centralia Elementary",92801
"16617",30,66472,6027676,6,2012,111,92.5,"Centralia Elementary",92801
"16618",30,66472,6027684,2,2012,31,67,"Danbrook Elementary",92804
"16619",30,66472,6027684,3,2012,31,51.136690647482,"Danbrook Elementary",92804
"16620",30,66472,6027684,4,2012,31,83,"Danbrook Elementary",92804
"16621",30,66472,6027684,4,2012,111,64,"Danbrook Elementary",92804
"16622",30,66472,6027684,5,2012,31,70.3333333333333,"Danbrook Elementary",92804
"16623",30,66472,6027684,6,2012,31,64.0063694267516,"Danbrook Elementary",92804
"16624",30,66472,6027742,2,2012,31,57.5,"San Marino Elementary",90620
"16625",30,66472,6027742,2,2012,111,73.5,"San Marino Elementary",90620
"16626",30,66472,6027742,3,2012,31,58.3333333333333,"San Marino Elementary",90620
"16627",30,66472,6027742,3,2012,111,77.5,"San Marino Elementary",90620
"16628",30,66472,6027742,4,2012,31,64.9879518072289,"San Marino Elementary",90620
"16629",30,66472,6027742,4,2012,111,96,"San Marino Elementary",90620
"16630",30,66472,6027742,5,2012,31,76.3333333333333,"San Marino Elementary",90620
"16631",30,66472,6027742,5,2012,111,83.3333333333333,"San Marino Elementary",90620
"16632",30,66472,6027742,6,2012,31,75.4457831325301,"San Marino Elementary",90620
"16633",30,66472,6027742,6,2012,111,88.0533333333333,"San Marino Elementary",90620
"16634",30,66472,6066823,2,2012,31,87,"Los Coyotes Elementary",90623
"16635",30,66472,6066823,2,2012,111,97,"Los Coyotes Elementary",90623
"16636",30,66472,6066823,3,2012,31,82,"Los Coyotes Elementary",90623
"16637",30,66472,6066823,3,2012,111,88,"Los Coyotes Elementary",90623
"16638",30,66472,6066823,4,2012,31,90,"Los Coyotes Elementary",90623
"16639",30,66472,6066823,4,2012,111,97,"Los Coyotes Elementary",90623
"16640",30,66472,6066823,5,2012,111,96,"Los Coyotes Elementary",90623
"16641",30,66472,6066823,6,2012,31,81.5,"Los Coyotes Elementary",90623
"16642",30,66472,6066823,6,2012,111,93.5,"Los Coyotes Elementary",90623
"16643",30,66480,6027874,2,2012,31,33,"Steve Luther Elementary",90623
"16644",30,66480,6027874,2,2012,111,79,"Steve Luther Elementary",90623
"16645",30,66480,6027874,3,2012,31,50,"Steve Luther Elementary",90623
"16646",30,66480,6027874,3,2012,111,79.5,"Steve Luther Elementary",90623
"16647",30,66480,6027874,4,2012,31,52.9411764705882,"Steve Luther Elementary",90623
"16648",30,66480,6027874,4,2012,111,80.5,"Steve Luther Elementary",90623
"16649",30,66480,6027874,5,2012,31,56.6666666666667,"Steve Luther Elementary",90623
"16650",30,66480,6027874,5,2012,111,78.3333333333333,"Steve Luther Elementary",90623
"16651",30,66480,6027874,6,2012,31,58,"Steve Luther Elementary",90623
"16652",30,66480,6027874,6,2012,111,88,"Steve Luther Elementary",90623
"16653",30,66498,6027916,6,2012,31,81,"Fulton (Harry C.) Middle",92708
"16654",30,66498,6027916,6,2012,111,84.4947589098532,"Fulton (Harry C.) Middle",92708
"16655",30,66498,6027916,7,2012,31,71.5714285714286,"Fulton (Harry C.) Middle",92708
"16656",30,66498,6027916,7,2012,111,85.5233050847458,"Fulton (Harry C.) Middle",92708
"16657",30,66498,6027916,8,2012,31,70.9559748427673,"Fulton (Harry C.) Middle",92708
"16658",30,66498,6027916,8,2012,111,84.7080610021787,"Fulton (Harry C.) Middle",92708
"16659",30,66498,6027924,2,2012,31,90,"Tamura (Hisamatsu) Elementary",92708
"16660",30,66498,6027924,2,2012,111,96.5,"Tamura (Hisamatsu) Elementary",92708
"16661",30,66498,6027924,3,2012,31,80.5,"Tamura (Hisamatsu) Elementary",92708
"16662",30,66498,6027924,3,2012,111,86.5547445255474,"Tamura (Hisamatsu) Elementary",92708
"16663",30,66498,6027924,4,2012,31,89.5,"Tamura (Hisamatsu) Elementary",92708
"16664",30,66498,6027924,4,2012,111,89,"Tamura (Hisamatsu) Elementary",92708
"16665",30,66498,6027924,5,2012,31,87.3333333333333,"Tamura (Hisamatsu) Elementary",92708
"16666",30,66498,6027924,5,2012,111,91,"Tamura (Hisamatsu) Elementary",92708
"16667",30,66498,6027973,2,2012,31,42,"Gisler (Robert) Elementary",92708
"16668",30,66498,6027973,2,2012,111,83,"Gisler (Robert) Elementary",92708
"16669",30,66498,6027973,3,2012,31,73.5,"Gisler (Robert) Elementary",92708
"16670",30,66498,6027973,3,2012,111,84.4609929078014,"Gisler (Robert) Elementary",92708
"16671",30,66498,6027973,4,2012,31,73,"Gisler (Robert) Elementary",92708
"16672",30,66498,6027973,4,2012,111,85.4375,"Gisler (Robert) Elementary",92708
"16673",30,66498,6027973,5,2012,31,83,"Gisler (Robert) Elementary",92708
"16674",30,66498,6027973,5,2012,111,82.3409090909091,"Gisler (Robert) Elementary",92708
"16675",30,66498,6066922,2,2012,31,80.5,"Cox (James H.) Elementary",92708
"16676",30,66498,6066922,2,2012,111,85.4924623115578,"Cox (James H.) Elementary",92708
"16677",30,66498,6066922,3,2012,31,67.3764705882353,"Cox (James H.) Elementary",92708
"16678",30,66498,6066922,3,2012,111,84.4834437086093,"Cox (James H.) Elementary",92708
"16679",30,66498,6066922,4,2012,31,77.5,"Cox (James H.) Elementary",92708
"16680",30,66498,6066922,4,2012,111,88,"Cox (James H.) Elementary",92708
"16681",30,66498,6066922,5,2012,31,73,"Cox (James H.) Elementary",92708
"16682",30,66498,6066922,5,2012,111,81.377358490566,"Cox (James H.) Elementary",92708
"16683",30,66498,6068605,2,2012,31,80.5,"Oka (Isojiro) Elementary",92646
"16684",30,66498,6068605,2,2012,111,88,"Oka (Isojiro) Elementary",92646
"16685",30,66498,6068605,3,2012,31,76.5,"Oka (Isojiro) Elementary",92646
"16686",30,66498,6068605,3,2012,111,84.5,"Oka (Isojiro) Elementary",92646
"16687",30,66498,6068605,4,2012,31,85.4285714285714,"Oka (Isojiro) Elementary",92646
"16688",30,66498,6068605,4,2012,111,87.0505050505051,"Oka (Isojiro) Elementary",92646
"16689",30,66498,6068605,5,2012,31,79.1746031746032,"Oka (Isojiro) Elementary",92646
"16690",30,66498,6068605,5,2012,111,93,"Oka (Isojiro) Elementary",92646
"16691",30,66498,6071096,6,2012,31,70.5,"Talbert (Samuel E.) Middle",92646
"16692",30,66498,6071096,6,2012,111,84.0622406639004,"Talbert (Samuel E.) Middle",92646
"16693",30,66498,6071096,7,2012,31,63.0845070422535,"Talbert (Samuel E.) Middle",92646
"16694",30,66498,6071096,7,2012,111,71,"Talbert (Samuel E.) Middle",92646
"16695",30,66498,6071096,8,2012,31,67.2795698924731,"Talbert (Samuel E.) Middle",92646
"16696",30,66498,6071096,8,2012,111,78.875486381323,"Talbert (Samuel E.) Middle",92646
"16697",30,66498,6085278,2,2012,31,85,"Plavan (Urbain H.) Elementary",92708
"16698",30,66498,6085278,2,2012,111,91,"Plavan (Urbain H.) Elementary",92708
"16699",30,66498,6085278,3,2012,31,85,"Plavan (Urbain H.) Elementary",92708
"16700",30,66498,6085278,3,2012,111,80.0476190476191,"Plavan (Urbain H.) Elementary",92708
"16701",30,66498,6085278,4,2012,31,78,"Plavan (Urbain H.) Elementary",92708
"16702",30,66498,6085278,4,2012,111,87.4504504504504,"Plavan (Urbain H.) Elementary",92708
"16703",30,66498,6085278,5,2012,111,96,"Plavan (Urbain H.) Elementary",92708
"16704",30,66498,6094627,6,2012,31,59.5054945054945,"Masuda (Kazuo) Middle",92708
"16705",30,66498,6094627,6,2012,111,78,"Masuda (Kazuo) Middle",92708
"16706",30,66498,6094627,7,2012,31,72.1851851851852,"Masuda (Kazuo) Middle",92708
"16707",30,66498,6094627,7,2012,111,84.7397959183673,"Masuda (Kazuo) Middle",92708
"16708",30,66498,6094627,8,2012,31,71.963687150838,"Masuda (Kazuo) Middle",92708
"16709",30,66498,6094627,8,2012,111,83.0321384425216,"Masuda (Kazuo) Middle",92708
"16710",30,66506,102582,2,2012,111,100,"Robert C. Fisler Elementary",92833
"16711",30,66506,102582,3,2012,31,64,"Robert C. Fisler Elementary",92833
"16712",30,66506,102582,3,2012,111,96,"Robert C. Fisler Elementary",92833
"16713",30,66506,102582,4,2012,111,99.5,"Robert C. Fisler Elementary",92833
"16714",30,66506,102582,5,2012,111,92.3333333333333,"Robert C. Fisler Elementary",92833
"16715",30,66506,102582,6,2012,31,86.5,"Robert C. Fisler Elementary",92833
"16716",30,66506,102582,6,2012,111,95.9957805907173,"Robert C. Fisler Elementary",92833
"16717",30,66506,102582,7,2012,111,89.4306220095694,"Robert C. Fisler Elementary",92833
"16718",30,66506,102582,8,2012,111,93.9887005649718,"Robert C. Fisler Elementary",92833
"16719",30,66506,6028005,2,2012,31,88.5,"Acacia Elementary",92831
"16720",30,66506,6028005,2,2012,111,91,"Acacia Elementary",92831
"16721",30,66506,6028005,3,2012,31,70,"Acacia Elementary",92831
"16722",30,66506,6028005,3,2012,111,84.0612244897959,"Acacia Elementary",92831
"16723",30,66506,6028005,4,2012,31,78,"Acacia Elementary",92831
"16724",30,66506,6028005,4,2012,111,93,"Acacia Elementary",92831
"16725",30,66506,6028005,5,2012,31,89.6724137931034,"Acacia Elementary",92831
"16726",30,66506,6028005,5,2012,111,93.6666666666667,"Acacia Elementary",92831
"16727",30,66506,6028005,6,2012,31,68,"Acacia Elementary",92831
"16728",30,66506,6028005,6,2012,111,92.9815950920245,"Acacia Elementary",92831
"16729",30,66506,6028013,2,2012,111,88.5,"Beechwood Elementary",92835
"16730",30,66506,6028013,3,2012,111,87.5,"Beechwood Elementary",92835
"16731",30,66506,6028013,4,2012,111,91.9942196531792,"Beechwood Elementary",92835
"16732",30,66506,6028013,5,2012,111,94.3460076045627,"Beechwood Elementary",92835
"16733",30,66506,6028013,6,2012,111,96.5,"Beechwood Elementary",92835
"16734",30,66506,6028013,7,2012,111,92.3350785340314,"Beechwood Elementary",92835
"16735",30,66506,6028013,8,2012,111,93.4810126582279,"Beechwood Elementary",92835
"16736",30,66506,6028021,2,2012,31,44.5,"Commonwealth Elementary",92831
"16737",30,66506,6028021,3,2012,31,39.78,"Commonwealth Elementary",92831
"16738",30,66506,6028021,5,2012,31,43.1627906976744,"Commonwealth Elementary",92831
"16739",30,66506,6028021,6,2012,31,52.5,"Commonwealth Elementary",92831
"16740",30,66506,6028021,6,2012,111,81,"Commonwealth Elementary",92831
"16741",30,66506,6028039,2,2012,31,58.5,"Fern Drive Elementary",92833
"16742",30,66506,6028039,2,2012,111,79.5,"Fern Drive Elementary",92833
"16743",30,66506,6028039,3,2012,31,45.125,"Fern Drive Elementary",92833
"16744",30,66506,6028039,3,2012,111,70.5,"Fern Drive Elementary",92833
"16745",30,66506,6028039,4,2012,31,73.7894736842105,"Fern Drive Elementary",92833
"16746",30,66506,6028039,4,2012,111,83,"Fern Drive Elementary",92833
"16747",30,66506,6028039,5,2012,31,79,"Fern Drive Elementary",92833
"16748",30,66506,6028039,5,2012,111,75.3313253012048,"Fern Drive Elementary",92833
"16749",30,66506,6028039,6,2012,31,68.0322580645161,"Fern Drive Elementary",92833
"16750",30,66506,6028039,6,2012,111,69.4929577464789,"Fern Drive Elementary",92833
"16751",30,66506,6028054,2,2012,31,57.5,"Golden Hill Elementary",92832
"16752",30,66506,6028054,2,2012,111,77.5,"Golden Hill Elementary",92832
"16753",30,66506,6028054,3,2012,31,82.5,"Golden Hill Elementary",92832
"16754",30,66506,6028054,3,2012,111,80.5,"Golden Hill Elementary",92832
"16755",30,66506,6028054,4,2012,31,53,"Golden Hill Elementary",92832
"16756",30,66506,6028054,4,2012,111,89.5146198830409,"Golden Hill Elementary",92832
"16757",30,66506,6028054,5,2012,31,72.7123287671233,"Golden Hill Elementary",92832
"16758",30,66506,6028054,5,2012,111,89.9792531120332,"Golden Hill Elementary",92832
"16759",30,66506,6028054,6,2012,31,38.7391304347826,"Golden Hill Elementary",92832
"16760",30,66506,6028054,6,2012,111,72.9497206703911,"Golden Hill Elementary",92832
"16761",30,66506,6028062,2,2012,31,34,"Hermosa Drive Elementary",92835
"16762",30,66506,6028062,2,2012,111,83.5,"Hermosa Drive Elementary",92835
"16763",30,66506,6028062,3,2012,31,25.5428571428571,"Hermosa Drive Elementary",92835
"16764",30,66506,6028062,3,2012,111,82.5,"Hermosa Drive Elementary",92835
"16765",30,66506,6028062,4,2012,31,50,"Hermosa Drive Elementary",92835
"16766",30,66506,6028062,4,2012,111,88.5,"Hermosa Drive Elementary",92835
"16767",30,66506,6028062,5,2012,31,53.6279069767442,"Hermosa Drive Elementary",92835
"16768",30,66506,6028062,5,2012,111,95.622641509434,"Hermosa Drive Elementary",92835
"16769",30,66506,6028062,6,2012,31,55.4222222222222,"Hermosa Drive Elementary",92835
"16770",30,66506,6028062,6,2012,111,90.0280373831776,"Hermosa Drive Elementary",92835
"16771",30,66506,6028088,2,2012,111,90,"Laguna Road Elementary",92835
"16772",30,66506,6028088,3,2012,111,91.5,"Laguna Road Elementary",92835
"16773",30,66506,6028088,4,2012,111,95.5290697674419,"Laguna Road Elementary",92835
"16774",30,66506,6028088,5,2012,111,95.3237410071942,"Laguna Road Elementary",92835
"16775",30,66506,6028088,6,2012,111,90.9781420765027,"Laguna Road Elementary",92835
"16776",30,66506,6028104,7,2012,31,45.4781906300485,"Nicolas Junior High",92833
"16777",30,66506,6028104,7,2012,111,58,"Nicolas Junior High",92833
"16778",30,66506,6028104,8,2012,31,48.5040577096483,"Nicolas Junior High",92833
"16779",30,66506,6028104,8,2012,111,60.9553903345725,"Nicolas Junior High",92833
"16780",30,66506,6028112,2,2012,31,50,"Orangethorpe Elementary",92833
"16781",30,66506,6028112,2,2012,111,76.3898305084746,"Orangethorpe Elementary",92833
"16782",30,66506,6028112,3,2012,31,35.7635135135135,"Orangethorpe Elementary",92833
"16783",30,66506,6028112,3,2012,111,63,"Orangethorpe Elementary",92833
"16784",30,66506,6028112,4,2012,31,60.0729927007299,"Orangethorpe Elementary",92833
"16785",30,66506,6028112,4,2012,111,69.469387755102,"Orangethorpe Elementary",92833
"16786",30,66506,6028112,5,2012,31,38.7052631578947,"Orangethorpe Elementary",92833
"16787",30,66506,6028112,5,2012,111,53.9578947368421,"Orangethorpe Elementary",92833
"16788",30,66506,6028112,6,2012,31,40.9203539823009,"Orangethorpe Elementary",92833
"16789",30,66506,6028112,6,2012,111,55,"Orangethorpe Elementary",92833
"16790",30,66506,6028120,2,2012,31,56.5,"Pacific Drive Elementary",92833
"16791",30,66506,6028120,2,2012,111,66.5,"Pacific Drive Elementary",92833
"16792",30,66506,6028120,3,2012,31,46,"Pacific Drive Elementary",92833
"16793",30,66506,6028120,3,2012,111,69,"Pacific Drive Elementary",92833
"16794",30,66506,6028120,4,2012,31,61.5,"Pacific Drive Elementary",92833
"16795",30,66506,6028120,4,2012,111,42.3333333333333,"Pacific Drive Elementary",92833
"16796",30,66506,6028120,5,2012,31,48.3333333333333,"Pacific Drive Elementary",92833
"16797",30,66506,6028120,5,2012,111,66.6666666666667,"Pacific Drive Elementary",92833
"16798",30,66506,6028120,6,2012,31,49.9842519685039,"Pacific Drive Elementary",92833
"16799",30,66506,6028120,6,2012,111,54.5849056603774,"Pacific Drive Elementary",92833
"16800",30,66506,6028138,2,2012,31,47.5,"Raymond Elementary",92831
"16801",30,66506,6028138,2,2012,111,78,"Raymond Elementary",92831
"16802",30,66506,6028138,3,2012,31,52,"Raymond Elementary",92831
"16803",30,66506,6028138,3,2012,111,76.5,"Raymond Elementary",92831
"16804",30,66506,6028138,4,2012,31,69,"Raymond Elementary",92831
"16805",30,66506,6028138,4,2012,111,89.5,"Raymond Elementary",92831
"16806",30,66506,6028138,5,2012,31,66.9026548672566,"Raymond Elementary",92831
"16807",30,66506,6028138,5,2012,111,82.6551724137931,"Raymond Elementary",92831
"16808",30,66506,6028138,6,2012,31,67.5168539325843,"Raymond Elementary",92831
"16809",30,66506,6028138,6,2012,111,84,"Raymond Elementary",92831
"16810",30,66506,6028146,2,2012,31,70,"Richman Elementary",92832
"16811",30,66506,6028146,3,2012,31,57.0725388601036,"Richman Elementary",92832
"16812",30,66506,6028146,4,2012,31,74,"Richman Elementary",92832
"16813",30,66506,6028146,5,2012,31,71,"Richman Elementary",92832
"16814",30,66506,6028146,5,2012,111,88,"Richman Elementary",92832
"16815",30,66506,6028146,6,2012,31,56.9770114942529,"Richman Elementary",92832
"16816",30,66506,6028146,6,2012,111,60.5,"Richman Elementary",92832
"16817",30,66506,6028153,2,2012,31,47,"Rolling Hills Elementary",92835
"16818",30,66506,6028153,2,2012,111,78.4569536423841,"Rolling Hills Elementary",92835
"16819",30,66506,6028153,3,2012,31,51.5,"Rolling Hills Elementary",92835
"16820",30,66506,6028153,3,2012,111,71.5,"Rolling Hills Elementary",92835
"16821",30,66506,6028153,4,2012,31,56.5,"Rolling Hills Elementary",92835
"16822",30,66506,6028153,4,2012,111,75,"Rolling Hills Elementary",92835
"16823",30,66506,6028153,5,2012,31,66.6666666666667,"Rolling Hills Elementary",92835
"16824",30,66506,6028153,5,2012,111,80.6588235294118,"Rolling Hills Elementary",92835
"16825",30,66506,6028153,6,2012,31,65,"Rolling Hills Elementary",92835
"16826",30,66506,6028153,6,2012,111,78.5,"Rolling Hills Elementary",92835
"16827",30,66506,6028161,2,2012,31,61.5,"Sunset Lane Elementary",92833
"16828",30,66506,6028161,2,2012,111,83.5,"Sunset Lane Elementary",92833
"16829",30,66506,6028161,3,2012,31,66,"Sunset Lane Elementary",92833
"16830",30,66506,6028161,3,2012,111,85,"Sunset Lane Elementary",92833
"16831",30,66506,6028161,4,2012,31,84.6410256410256,"Sunset Lane Elementary",92833
"16832",30,66506,6028161,4,2012,111,91.5174825174825,"Sunset Lane Elementary",92833
"16833",30,66506,6028161,5,2012,31,64.2428571428571,"Sunset Lane Elementary",92833
"16834",30,66506,6028161,5,2012,111,90.6666666666667,"Sunset Lane Elementary",92833
"16835",30,66506,6028161,6,2012,31,69,"Sunset Lane Elementary",92833
"16836",30,66506,6028161,6,2012,111,87.5,"Sunset Lane Elementary",92833
"16837",30,66506,6028179,2,2012,31,57.5,"Valencia Park Elementary",92833
"16838",30,66506,6028179,3,2012,31,63.8545454545455,"Valencia Park Elementary",92833
"16839",30,66506,6028179,3,2012,111,82,"Valencia Park Elementary",92833
"16840",30,66506,6028179,4,2012,31,75.5968992248062,"Valencia Park Elementary",92833
"16841",30,66506,6028179,5,2012,31,64.3466135458167,"Valencia Park Elementary",92833
"16842",30,66506,6028179,6,2012,31,48,"Valencia Park Elementary",92833
"16843",30,66506,6028179,6,2012,111,34.5,"Valencia Park Elementary",92833
"16844",30,66506,6028195,2,2012,31,52,"Woodcrest Elementary",92832
"16845",30,66506,6028195,3,2012,31,36.289156626506,"Woodcrest Elementary",92832
"16846",30,66506,6028195,5,2012,31,46.0547945205479,"Woodcrest Elementary",92832
"16847",30,66506,6028195,6,2012,31,44.88,"Woodcrest Elementary",92832
"16848",30,66506,6028195,6,2012,111,50,"Woodcrest Elementary",92832
"16849",30,66506,6085286,7,2012,31,64.9944134078212,"D. Russell Parks Junior High",92833
"16850",30,66506,6085286,7,2012,111,83.7144790257104,"D. Russell Parks Junior High",92833
"16851",30,66506,6085286,8,2012,31,73.0847457627119,"D. Russell Parks Junior High",92833
"16852",30,66506,6085286,8,2012,111,86.9513657561626,"D. Russell Parks Junior High",92833
"16853",30,66506,6113617,2,2012,31,43,"Maple Elementary",92832
"16854",30,66506,6113617,3,2012,31,42.4791666666667,"Maple Elementary",92832
"16855",30,66506,6113617,4,2012,31,77.8787878787879,"Maple Elementary",92832
"16856",30,66506,6113617,5,2012,31,50.6904761904762,"Maple Elementary",92832
"16857",30,66506,6113617,6,2012,31,61.5,"Maple Elementary",92832
"16858",30,66514,3030855,9,2012,31,38.8390410958904,"Buena Park High",90621
"16859",30,66514,3030855,9,2012,111,54.0298013245033,"Buena Park High",90621
"16860",30,66514,3030855,10,2012,31,35.1912058627582,"Buena Park High",90621
"16861",30,66514,3030855,10,2012,111,44.8439716312057,"Buena Park High",90621
"16862",30,66514,3030855,11,2012,31,36.223315669947,"Buena Park High",90621
"16863",30,66514,3030855,11,2012,111,49.5877551020408,"Buena Park High",90621
"16864",30,66514,3033362,9,2012,31,36.9338028169014,"La Habra High",90631
"16865",30,66514,3033362,9,2012,111,53.3364389233954,"La Habra High",90631
"16866",30,66514,3033362,10,2012,31,29.832995951417,"La Habra High",90631
"16867",30,66514,3033362,10,2012,111,52.5667752442997,"La Habra High",90631
"16868",30,66514,3033362,11,2012,31,41.5782442748092,"La Habra High",90631
"16869",30,66514,3033362,11,2012,111,55.366269165247,"La Habra High",90631
"16870",30,66514,3037090,9,2012,31,32.7883096366509,"Sonora High",90631
"16871",30,66514,3037090,9,2012,111,61.4253164556962,"Sonora High",90631
"16872",30,66514,3037090,10,2012,31,40.6527643064985,"Sonora High",90631
"16873",30,66514,3037090,10,2012,111,65.2441860465116,"Sonora High",90631
"16874",30,66514,3037090,11,2012,31,39.070987654321,"Sonora High",90631
"16875",30,66514,3037090,11,2012,111,62.8591666666667,"Sonora High",90631
"16876",30,66514,3037348,9,2012,31,59.9448275862069,"Sunny Hills High",92833
"16877",30,66514,3037348,9,2012,111,80.7770511296076,"Sunny Hills High",92833
"16878",30,66514,3037348,10,2012,31,59.5303867403315,"Sunny Hills High",92833
"16879",30,66514,3037348,10,2012,111,77.5217831813576,"Sunny Hills High",92833
"16880",30,66514,3037348,11,2012,31,62.7437858508604,"Sunny Hills High",92833
"16881",30,66514,3037348,11,2012,111,75.9827586206897,"Sunny Hills High",92833
"16882",30,66514,3037496,9,2012,31,61.5830508474576,"Troy High",92831
"16883",30,66514,3037496,9,2012,111,86.3356133150935,"Troy High",92831
"16884",30,66514,3037496,10,2012,31,62.3492063492063,"Troy High",92831
"16885",30,66514,3037496,10,2012,111,89.3670127795527,"Troy High",92831
"16886",30,66514,3037496,11,2012,31,58.1103896103896,"Troy High",92831
"16887",30,66514,3037496,11,2012,111,81.5956926089085,"Troy High",92831
"16888",30,66522,3030434,9,2012,31,68.9806167400881,"Bolsa Grande High",92844
"16889",30,66522,3030434,9,2012,111,70.6325757575758,"Bolsa Grande High",92844
"16890",30,66522,3030434,10,2012,31,53.9622528460156,"Bolsa Grande High",92844
"16891",30,66522,3030434,10,2012,111,59.5591900311526,"Bolsa Grande High",92844
"16892",30,66522,3030434,11,2012,31,62,"Bolsa Grande High",92844
"16893",30,66522,3030434,11,2012,111,59.3482490272374,"Bolsa Grande High",92844
"16894",30,66522,3032752,9,2012,31,54.1868910540301,"Garden Grove High",92840
"16895",30,66522,3032752,9,2012,111,60.4129353233831,"Garden Grove High",92840
"16896",30,66522,3032752,10,2012,31,48.5017667844523,"Garden Grove High",92840
"16897",30,66522,3032752,10,2012,111,63.8021653543307,"Garden Grove High",92840
"16898",30,66522,3032752,11,2012,31,50.6686643835616,"Garden Grove High",92840
"16899",30,66522,3032752,11,2012,111,61.6035087719298,"Garden Grove High",92840
"16900",30,66522,3033578,9,2012,31,77.4667349027636,"La Quinta High",92683
"16901",30,66522,3033578,9,2012,111,82.4149305555556,"La Quinta High",92683
"16902",30,66522,3033578,10,2012,31,70.7697674418605,"La Quinta High",92683
"16903",30,66522,3033578,10,2012,111,80.5563549160671,"La Quinta High",92683
"16904",30,66522,3033578,11,2012,31,68.1550151975684,"La Quinta High",92683
"16905",30,66522,3033578,11,2012,111,74.5474576271186,"La Quinta High",92683
"16906",30,66522,3033933,9,2012,31,43.6220930232558,"Los Amigos High",92708
"16907",30,66522,3033933,9,2012,111,50.7509881422925,"Los Amigos High",92708
"16908",30,66522,3033933,10,2012,31,35.5723370429253,"Los Amigos High",92708
"16909",30,66522,3033933,10,2012,111,36.7720930232558,"Los Amigos High",92708
"16910",30,66522,3033933,11,2012,31,36.7430453879941,"Los Amigos High",92708
"16911",30,66522,3033933,11,2012,111,48.9059561128527,"Los Amigos High",92708
"16912",30,66522,3035581,9,2012,31,66.5619335347432,"Pacifica High",92845
"16913",30,66522,3035581,9,2012,111,78.1262862488307,"Pacifica High",92845
"16914",30,66522,3035581,10,2012,31,61.5086206896552,"Pacifica High",92845
"16915",30,66522,3035581,10,2012,111,64.4965986394558,"Pacifica High",92845
"16916",30,66522,3035581,11,2012,31,64.7878151260504,"Pacifica High",92845
"16917",30,66522,3035581,11,2012,111,67.8500414250207,"Pacifica High",92845
"16918",30,66522,3035706,9,2012,31,54.0868320610687,"Rancho Alamitos High",92841
"16919",30,66522,3035706,9,2012,111,56.2887596899225,"Rancho Alamitos High",92841
"16920",30,66522,3035706,10,2012,31,35.4022092267706,"Rancho Alamitos High",92841
"16921",30,66522,3035706,10,2012,111,50.1327683615819,"Rancho Alamitos High",92841
"16922",30,66522,3035706,11,2012,31,43.3534482758621,"Rancho Alamitos High",92841
"16923",30,66522,3035706,11,2012,111,50.8110882956879,"Rancho Alamitos High",92841
"16924",30,66522,3036555,9,2012,31,46.1148878314072,"Santiago High",92843
"16925",30,66522,3036555,9,2012,111,53.0056022408964,"Santiago High",92843
"16926",30,66522,3036555,10,2012,31,39.0425641025641,"Santiago High",92843
"16927",30,66522,3036555,10,2012,111,46.4509018036072,"Santiago High",92843
"16928",30,66522,3036555,11,2012,31,39.0322195704057,"Santiago High",92843
"16929",30,66522,3036555,11,2012,111,49.6133333333333,"Santiago High",92843
"16930",30,66522,6028237,7,2012,31,60.6114285714286,"Alamitos Intermediate",92841
"16931",30,66522,6028237,7,2012,111,63.5182186234818,"Alamitos Intermediate",92841
"16932",30,66522,6028237,8,2012,31,57.2439215686274,"Alamitos Intermediate",92841
"16933",30,66522,6028237,8,2012,111,69.3782051282051,"Alamitos Intermediate",92841
"16934",30,66522,6028252,2,2012,31,66,"Brookhurst Elementary",92841
"16935",30,66522,6028252,2,2012,111,77.625,"Brookhurst Elementary",92841
"16936",30,66522,6028252,3,2012,31,56,"Brookhurst Elementary",92841
"16937",30,66522,6028252,3,2012,111,73.1639344262295,"Brookhurst Elementary",92841
"16938",30,66522,6028252,4,2012,31,85.5,"Brookhurst Elementary",92841
"16939",30,66522,6028252,4,2012,111,91,"Brookhurst Elementary",92841
"16940",30,66522,6028252,5,2012,31,52.3333333333333,"Brookhurst Elementary",92841
"16941",30,66522,6028252,5,2012,111,76.3389830508475,"Brookhurst Elementary",92841
"16942",30,66522,6028252,6,2012,31,62,"Brookhurst Elementary",92841
"16943",30,66522,6028252,6,2012,111,62,"Brookhurst Elementary",92841
"16944",30,66522,6028260,2,2012,31,67.1327433628319,"Bryant Elementary",92841
"16945",30,66522,6028260,2,2012,111,60,"Bryant Elementary",92841
"16946",30,66522,6028260,3,2012,31,48.5,"Bryant Elementary",92841
"16947",30,66522,6028260,3,2012,111,36.9795918367347,"Bryant Elementary",92841
"16948",30,66522,6028260,4,2012,31,54,"Bryant Elementary",92841
"16949",30,66522,6028260,4,2012,111,66,"Bryant Elementary",92841
"16950",30,66522,6028260,5,2012,31,46.5060240963855,"Bryant Elementary",92841
"16951",30,66522,6028260,5,2012,111,50.6666666666667,"Bryant Elementary",92841
"16952",30,66522,6028260,6,2012,31,48,"Bryant Elementary",92841
"16953",30,66522,6028260,6,2012,111,54,"Bryant Elementary",92841
"16954",30,66522,6028385,2,2012,31,74,"Excelsior Elementary",92843
"16955",30,66522,6028385,2,2012,111,68.5,"Excelsior Elementary",92843
"16956",30,66522,6028385,3,2012,31,60,"Excelsior Elementary",92843
"16957",30,66522,6028385,3,2012,111,62.5,"Excelsior Elementary",92843
"16958",30,66522,6028385,4,2012,31,74.5,"Excelsior Elementary",92843
"16959",30,66522,6028385,4,2012,111,75,"Excelsior Elementary",92843
"16960",30,66522,6028385,5,2012,31,80.6666666666667,"Excelsior Elementary",92843
"16961",30,66522,6028385,5,2012,111,75.6666666666667,"Excelsior Elementary",92843
"16962",30,66522,6028385,6,2012,31,79.411214953271,"Excelsior Elementary",92843
"16963",30,66522,6028385,6,2012,111,77.5,"Excelsior Elementary",92843
"16964",30,66522,6028393,2,2012,31,56.5,"Faylane Elementary",92840
"16965",30,66522,6028393,2,2012,111,71,"Faylane Elementary",92840
"16966",30,66522,6028393,3,2012,31,41,"Faylane Elementary",92840
"16967",30,66522,6028393,3,2012,111,56.5,"Faylane Elementary",92840
"16968",30,66522,6028393,4,2012,31,60.7614678899083,"Faylane Elementary",92840
"16969",30,66522,6028393,4,2012,111,69.0422535211268,"Faylane Elementary",92840
"16970",30,66522,6028393,5,2012,31,65.3333333333333,"Faylane Elementary",92840
"16971",30,66522,6028393,5,2012,111,79.7247706422018,"Faylane Elementary",92840
"16972",30,66522,6028393,6,2012,31,71.5963302752294,"Faylane Elementary",92840
"16973",30,66522,6028393,6,2012,111,75,"Faylane Elementary",92840
"16974",30,66522,6028401,2,2012,111,88.5,"Garden Park Elementary",92845
"16975",30,66522,6028401,3,2012,111,61.1707317073171,"Garden Park Elementary",92845
"16976",30,66522,6028401,4,2012,111,94.5,"Garden Park Elementary",92845
"16977",30,66522,6028401,5,2012,111,79.3333333333333,"Garden Park Elementary",92845
"16978",30,66522,6028401,6,2012,111,86.5166666666667,"Garden Park Elementary",92845
"16979",30,66522,6028427,2,2012,31,88,"Patton Elementary",92845
"16980",30,66522,6028427,2,2012,111,83,"Patton Elementary",92845
"16981",30,66522,6028427,3,2012,31,67,"Patton Elementary",92845
"16982",30,66522,6028427,3,2012,111,77.5418502202643,"Patton Elementary",92845
"16983",30,66522,6028427,4,2012,31,83.9714285714286,"Patton Elementary",92845
"16984",30,66522,6028427,4,2012,111,94.5,"Patton Elementary",92845
"16985",30,66522,6028427,5,2012,31,91.6564885496183,"Patton Elementary",92845
"16986",30,66522,6028427,5,2012,111,95,"Patton Elementary",92845
"16987",30,66522,6028427,6,2012,31,87.0289855072464,"Patton Elementary",92845
"16988",30,66522,6028427,6,2012,111,82.9840637450199,"Patton Elementary",92845
"16989",30,66522,6028435,2,2012,31,59,"Gilbert Elementary",92841
"16990",30,66522,6028435,2,2012,111,76.5,"Gilbert Elementary",92841
"16991",30,66522,6028435,3,2012,31,61.3076923076923,"Gilbert Elementary",92841
"16992",30,66522,6028435,3,2012,111,77.5,"Gilbert Elementary",92841
"16993",30,66522,6028435,4,2012,31,79.5,"Gilbert Elementary",92841
"16994",30,66522,6028435,4,2012,111,85.5,"Gilbert Elementary",92841
"16995",30,66522,6028435,5,2012,31,52.3333333333333,"Gilbert Elementary",92841
"16996",30,66522,6028435,5,2012,111,62,"Gilbert Elementary",92841
"16997",30,66522,6028435,6,2012,31,52,"Gilbert Elementary",92841
"16998",30,66522,6028435,6,2012,111,66.56,"Gilbert Elementary",92841
"16999",30,66522,6028443,2,2012,31,52.5,"Heritage Elementary",92704
"17000",30,66522,6028443,2,2012,111,50,"Heritage Elementary",92704
"17001",30,66522,6028443,3,2012,31,49.8602941176471,"Heritage Elementary",92704
"17002",30,66522,6028443,4,2012,31,66.2290076335878,"Heritage Elementary",92704
"17003",30,66522,6028443,5,2012,31,66,"Heritage Elementary",92704
"17004",30,66522,6028443,6,2012,31,50,"Heritage Elementary",92704
"17005",30,66522,6028443,6,2012,111,46,"Heritage Elementary",92704
"17006",30,66522,6028500,2,2012,31,43.5,"Enders Elementary",92845
"17007",30,66522,6028500,2,2012,111,53,"Enders Elementary",92845
"17008",30,66522,6028500,3,2012,31,65,"Enders Elementary",92845
"17009",30,66522,6028500,3,2012,111,63.2205882352941,"Enders Elementary",92845
"17010",30,66522,6028500,4,2012,31,76.2380952380952,"Enders Elementary",92845
"17011",30,66522,6028500,4,2012,111,91.7363636363636,"Enders Elementary",92845
"17012",30,66522,6028500,5,2012,31,66.6666666666667,"Enders Elementary",92845
"17013",30,66522,6028500,5,2012,111,87.3333333333333,"Enders Elementary",92845
"17014",30,66522,6028500,6,2012,31,53,"Enders Elementary",92845
"17015",30,66522,6028500,6,2012,111,74,"Enders Elementary",92845
"17016",30,66522,6028658,2,2012,31,43.3333333333333,"Mitchell Elementary",92843
"17017",30,66522,6028658,2,2012,111,47.5,"Mitchell Elementary",92843
"17018",30,66522,6028658,3,2012,31,56.5,"Mitchell Elementary",92843
"17019",30,66522,6028658,3,2012,111,61,"Mitchell Elementary",92843
"17020",30,66522,6028658,4,2012,31,75.2291666666667,"Mitchell Elementary",92843
"17021",30,66522,6028658,4,2012,111,82.1111111111111,"Mitchell Elementary",92843
"17022",30,66522,6028658,5,2012,31,57.1292134831461,"Mitchell Elementary",92843
"17023",30,66522,6028658,5,2012,111,57.5342465753425,"Mitchell Elementary",92843
"17024",30,66522,6028658,6,2012,31,46.5675675675676,"Mitchell Elementary",92843
"17025",30,66522,6028658,6,2012,111,67,"Mitchell Elementary",92843
"17026",30,66522,6028666,2,2012,31,69,"Morningside Elementary",92843
"17027",30,66522,6028666,2,2012,111,74.3818181818182,"Morningside Elementary",92843
"17028",30,66522,6028666,3,2012,31,63.4545454545455,"Morningside Elementary",92843
"17029",30,66522,6028666,3,2012,111,62.5,"Morningside Elementary",92843
"17030",30,66522,6028666,4,2012,31,61.0752688172043,"Morningside Elementary",92843
"17031",30,66522,6028666,4,2012,111,77,"Morningside Elementary",92843
"17032",30,66522,6028666,5,2012,31,69.7913669064748,"Morningside Elementary",92843
"17033",30,66522,6028666,5,2012,111,74,"Morningside Elementary",92843
"17034",30,66522,6028666,6,2012,31,75,"Morningside Elementary",92843
"17035",30,66522,6028666,6,2012,111,73,"Morningside Elementary",92843
"17036",30,66522,6028674,2,2012,31,64.5,"Newhope Elementary",92704
"17037",30,66522,6028674,2,2012,111,68.5,"Newhope Elementary",92704
"17038",30,66522,6028674,3,2012,31,42,"Newhope Elementary",92704
"17039",30,66522,6028674,3,2012,111,30.4242424242424,"Newhope Elementary",92704
"17040",30,66522,6028674,4,2012,31,67,"Newhope Elementary",92704
"17041",30,66522,6028674,4,2012,111,63.5,"Newhope Elementary",92704
"17042",30,66522,6028674,5,2012,31,60.0714285714286,"Newhope Elementary",92704
"17043",30,66522,6028674,5,2012,111,66.6666666666667,"Newhope Elementary",92704
"17044",30,66522,6028674,6,2012,31,58,"Newhope Elementary",92704
"17045",30,66522,6028674,6,2012,111,80.5121951219512,"Newhope Elementary",92704
"17046",30,66522,6028690,2,2012,31,58.9587628865979,"Parkview Elementary",92840
"17047",30,66522,6028690,2,2012,111,66,"Parkview Elementary",92840
"17048",30,66522,6028690,3,2012,31,70.5,"Parkview Elementary",92840
"17049",30,66522,6028690,3,2012,111,76,"Parkview Elementary",92840
"17050",30,66522,6028690,4,2012,31,80.5,"Parkview Elementary",92840
"17051",30,66522,6028690,4,2012,111,81.5185185185185,"Parkview Elementary",92840
"17052",30,66522,6028690,5,2012,31,71.8691588785047,"Parkview Elementary",92840
"17053",30,66522,6028690,5,2012,111,88.3333333333333,"Parkview Elementary",92840
"17054",30,66522,6028690,6,2012,31,71.1139240506329,"Parkview Elementary",92840
"17055",30,66522,6028690,6,2012,111,76.36,"Parkview Elementary",92840
"17056",30,66522,6028708,2,2012,31,79,"Post Elementary",92683
"17057",30,66522,6028708,2,2012,111,85.5,"Post Elementary",92683
"17058",30,66522,6028708,3,2012,31,65.5,"Post Elementary",92683
"17059",30,66522,6028708,3,2012,111,79.6666666666667,"Post Elementary",92683
"17060",30,66522,6028708,4,2012,31,73,"Post Elementary",92683
"17061",30,66522,6028708,4,2012,111,85.5,"Post Elementary",92683
"17062",30,66522,6028708,5,2012,31,76.6666666666667,"Post Elementary",92683
"17063",30,66522,6028708,5,2012,111,69.3333333333333,"Post Elementary",92683
"17064",30,66522,6028708,6,2012,31,74.1858407079646,"Post Elementary",92683
"17065",30,66522,6028708,6,2012,111,81.5,"Post Elementary",92683
"17066",30,66522,6028724,2,2012,31,55,"Riverdale Elementary",92843
"17067",30,66522,6028724,2,2012,111,79,"Riverdale Elementary",92843
"17068",30,66522,6028724,3,2012,31,38.5,"Riverdale Elementary",92843
"17069",30,66522,6028724,3,2012,111,50,"Riverdale Elementary",92843
"17070",30,66522,6028724,4,2012,31,62,"Riverdale Elementary",92843
"17071",30,66522,6028724,4,2012,111,80.5161290322581,"Riverdale Elementary",92843
"17072",30,66522,6028724,5,2012,31,45.6666666666667,"Riverdale Elementary",92843
"17073",30,66522,6028724,5,2012,111,49.1147540983607,"Riverdale Elementary",92843
"17074",30,66522,6028724,6,2012,31,49,"Riverdale Elementary",92843
"17075",30,66522,6028724,6,2012,111,50,"Riverdale Elementary",92843
"17076",30,66522,6028732,2,2012,31,53,"Rosita Elementary",92703
"17077",30,66522,6028732,2,2012,111,57.5,"Rosita Elementary",92703
"17078",30,66522,6028732,3,2012,31,52.5,"Rosita Elementary",92703
"17079",30,66522,6028732,3,2012,111,62,"Rosita Elementary",92703
"17080",30,66522,6028732,4,2012,31,68.5862068965517,"Rosita Elementary",92703
"17081",30,66522,6028732,5,2012,31,74.6666666666667,"Rosita Elementary",92703
"17082",30,66522,6028732,5,2012,111,76,"Rosita Elementary",92703
"17083",30,66522,6028732,6,2012,31,51.04,"Rosita Elementary",92703
"17084",30,66522,6028732,6,2012,111,58.5818181818182,"Rosita Elementary",92703
"17085",30,66522,6028765,2,2012,31,66.5,"Stanford Elementary",92841
"17086",30,66522,6028765,2,2012,111,77.5,"Stanford Elementary",92841
"17087",30,66522,6028765,3,2012,31,60.1681415929204,"Stanford Elementary",92841
"17088",30,66522,6028765,3,2012,111,75,"Stanford Elementary",92841
"17089",30,66522,6028765,4,2012,31,67,"Stanford Elementary",92841
"17090",30,66522,6028765,4,2012,111,71,"Stanford Elementary",92841
"17091",30,66522,6028765,5,2012,31,66.7159763313609,"Stanford Elementary",92841
"17092",30,66522,6028765,5,2012,111,61,"Stanford Elementary",92841
"17093",30,66522,6028765,6,2012,31,78.5,"Stanford Elementary",92841
"17094",30,66522,6028765,6,2012,111,80.5,"Stanford Elementary",92841
"17095",30,66522,6028781,2,2012,31,75,"Sunnyside Elementary",92844
"17096",30,66522,6028781,2,2012,111,81,"Sunnyside Elementary",92844
"17097",30,66522,6028781,3,2012,31,77.5,"Sunnyside Elementary",92844
"17098",30,66522,6028781,3,2012,111,75.1075268817204,"Sunnyside Elementary",92844
"17099",30,66522,6028781,4,2012,31,89,"Sunnyside Elementary",92844
"17100",30,66522,6028781,4,2012,111,91.1578947368421,"Sunnyside Elementary",92844
"17101",30,66522,6028781,5,2012,31,71.979020979021,"Sunnyside Elementary",92844
"17102",30,66522,6028781,5,2012,111,72.6666666666667,"Sunnyside Elementary",92844
"17103",30,66522,6028781,6,2012,31,64.5,"Sunnyside Elementary",92844
"17104",30,66522,6028781,6,2012,111,78.5090909090909,"Sunnyside Elementary",92844
"17105",30,66522,6028815,2,2012,31,51,"Wakeham Elementary",92841
"17106",30,66522,6028815,2,2012,111,44,"Wakeham Elementary",92841
"17107",30,66522,6028815,3,2012,31,47.5,"Wakeham Elementary",92841
"17108",30,66522,6028815,3,2012,111,40,"Wakeham Elementary",92841
"17109",30,66522,6028815,4,2012,31,54,"Wakeham Elementary",92841
"17110",30,66522,6028815,4,2012,111,72,"Wakeham Elementary",92841
"17111",30,66522,6028815,5,2012,31,37.3614457831325,"Wakeham Elementary",92841
"17112",30,66522,6028815,5,2012,111,38,"Wakeham Elementary",92841
"17113",30,66522,6028815,6,2012,31,36,"Wakeham Elementary",92841
"17114",30,66522,6028815,6,2012,111,36.5,"Wakeham Elementary",92841
"17115",30,66522,6028823,2,2012,31,63,"Woodbury Elementary",92843
"17116",30,66522,6028823,2,2012,111,68,"Woodbury Elementary",92843
"17117",30,66522,6028823,3,2012,31,41.2769230769231,"Woodbury Elementary",92843
"17118",30,66522,6028823,3,2012,111,64,"Woodbury Elementary",92843
"17119",30,66522,6028823,4,2012,31,62.5,"Woodbury Elementary",92843
"17120",30,66522,6028823,5,2012,31,57.6666666666667,"Woodbury Elementary",92843
"17121",30,66522,6028823,6,2012,31,62,"Woodbury Elementary",92843
"17122",30,66522,6028823,6,2012,111,84.5,"Woodbury Elementary",92843
"17123",30,66530,6116065,2,2012,111,97,"Huntington Seacliff Elementary",92648
"17124",30,66530,6116065,3,2012,111,90.5102040816327,"Huntington Seacliff Elementary",92648
"17125",30,66530,6116065,4,2012,111,98.4974358974359,"Huntington Seacliff Elementary",92648
"17126",30,66530,6116065,5,2012,111,91.6859504132231,"Huntington Seacliff Elementary",92648
"17127",30,66548,3030145,9,2012,31,32.8551587301587,"Ocean View High",92647
"17128",30,66548,3030145,9,2012,111,55.891797556719,"Ocean View High",92647
"17129",30,66548,3030145,10,2012,31,36.7922912205567,"Ocean View High",92647
"17130",30,66548,3030145,10,2012,111,56.5811455847255,"Ocean View High",92647
"17131",30,66548,3030145,11,2012,31,30.7957166392092,"Ocean View High",92647
"17132",30,66548,3030145,11,2012,111,53.2373540856031,"Ocean View High",92647
"17133",30,66548,3030368,9,2012,111,55.3793103448276,"Coast High",92647
"17134",30,66548,3030368,10,2012,111,37.8333333333333,"Coast High",92647
"17135",30,66548,3030368,11,2012,111,30.4864864864865,"Coast High",92647
"17136",30,66548,3031895,9,2012,31,63.4912280701754,"Edison High",92646
"17137",30,66548,3031895,9,2012,111,77.485559566787,"Edison High",92646
"17138",30,66548,3031895,10,2012,31,59.2611940298507,"Edison High",92646
"17139",30,66548,3031895,10,2012,111,73.0735674676525,"Edison High",92646
"17140",30,66548,3031895,11,2012,31,60.3636363636364,"Edison High",92646
"17141",30,66548,3031895,11,2012,111,67.0221105527638,"Edison High",92646
"17142",30,66548,3032158,9,2012,31,69.896,"Fountain Valley High",92708
"17143",30,66548,3032158,9,2012,111,72.0118667275217,"Fountain Valley High",92708
"17144",30,66548,3032158,10,2012,31,73.136312849162,"Fountain Valley High",92708
"17145",30,66548,3032158,10,2012,111,79.186255259467,"Fountain Valley High",92708
"17146",30,66548,3032158,11,2012,31,65.6857142857143,"Fountain Valley High",92708
"17147",30,66548,3032158,11,2012,111,70.3085106382979,"Fountain Valley High",92708
"17148",30,66548,3032943,9,2012,31,49.2326388888889,"Huntington Beach High",92648
"17149",30,66548,3032943,9,2012,111,70.2141327623126,"Huntington Beach High",92648
"17150",30,66548,3032943,10,2012,31,56.4029850746269,"Huntington Beach High",92648
"17151",30,66548,3032943,10,2012,111,72.63663003663,"Huntington Beach High",92648
"17152",30,66548,3032943,11,2012,31,37.0932475884244,"Huntington Beach High",92648
"17153",30,66548,3032943,11,2012,111,63.4964253798034,"Huntington Beach High",92648
"17154",30,66548,3034410,9,2012,31,52.058064516129,"Marina High",92649
"17155",30,66548,3034410,9,2012,111,66.995218579235,"Marina High",92649
"17156",30,66548,3034410,10,2012,31,58.4105431309904,"Marina High",92649
"17157",30,66548,3034410,10,2012,111,69.9466618287373,"Marina High",92649
"17158",30,66548,3034410,11,2012,31,55.0230769230769,"Marina High",92649
"17159",30,66548,3034410,11,2012,111,60.9221789883268,"Marina High",92649
"17160",30,66548,3038445,9,2012,31,48.5143056524773,"Westminster High",92683
"17161",30,66548,3038445,9,2012,111,47.8004073319756,"Westminster High",92683
"17162",30,66548,3038445,10,2012,31,50.2182055749129,"Westminster High",92683
"17163",30,66548,3038445,10,2012,111,55.9098039215686,"Westminster High",92683
"17164",30,66548,3038445,11,2012,31,52.3175937904269,"Westminster High",92683
"17165",30,66548,3038445,11,2012,111,51.7248322147651,"Westminster High",92683
"17166",30,66555,3033206,9,2012,31,57.0454545454545,"Laguna Beach High",92651
"17167",30,66555,3033206,9,2012,111,85.0558375634518,"Laguna Beach High",92651
"17168",30,66555,3033206,10,2012,31,80.6304347826087,"Laguna Beach High",92651
"17169",30,66555,3033206,10,2012,111,80.4904513888889,"Laguna Beach High",92651
"17170",30,66555,3033206,11,2012,31,77.0769230769231,"Laguna Beach High",92651
"17171",30,66555,3033206,11,2012,111,69.4695051783659,"Laguna Beach High",92651
"17172",30,66555,6028906,2,2012,111,85.5,"El Morro Elementary",92651
"17173",30,66555,6028906,3,2012,111,84.5,"El Morro Elementary",92651
"17174",30,66555,6028906,4,2012,31,66.4074074074074,"El Morro Elementary",92651
"17175",30,66555,6028906,4,2012,111,87.5,"El Morro Elementary",92651
"17176",30,66555,6028906,5,2012,31,66.6666666666667,"El Morro Elementary",92651
"17177",30,66555,6028906,5,2012,111,91.3311475409836,"El Morro Elementary",92651
"17178",30,66555,6028914,6,2012,31,74.3921568627451,"Thurston Middle",92651
"17179",30,66555,6028914,6,2012,111,88.0046296296296,"Thurston Middle",92651
"17180",30,66555,6028914,7,2012,31,73.7647058823529,"Thurston Middle",92651
"17181",30,66555,6028914,7,2012,111,89.3488943488943,"Thurston Middle",92651
"17182",30,66555,6028914,8,2012,31,81.5744680851064,"Thurston Middle",92651
"17183",30,66555,6028914,8,2012,111,91.4165666266507,"Thurston Middle",92651
"17184",30,66555,6028922,2,2012,111,86.5,"Top of the World Elementary",92651
"17185",30,66555,6028922,3,2012,111,85.4912280701754,"Top of the World Elementary",92651
"17186",30,66555,6028922,4,2012,111,92.0093896713615,"Top of the World Elementary",92651
"17187",30,66555,6028922,5,2012,111,85,"Top of the World Elementary",92651
"17188",30,66597,111666,9,2012,31,70.6434782608696,"Early College High",92626
"17189",30,66597,111666,9,2012,111,95.88,"Early College High",92626
"17190",30,66597,111666,10,2012,31,77.7037037037037,"Early College High",92626
"17191",30,66597,111666,10,2012,111,89.6666666666667,"Early College High",92626
"17192",30,66597,111666,11,2012,31,65.6338028169014,"Early College High",92626
"17193",30,66597,111666,11,2012,111,84.1304347826087,"Early College High",92626
"17194",30,66597,3031853,7,2012,31,55.962962962963,"Costa Mesa High",92626
"17195",30,66597,3031853,7,2012,111,84,"Costa Mesa High",92626
"17196",30,66597,3031853,8,2012,31,47.5864928909953,"Costa Mesa High",92626
"17197",30,66597,3031853,8,2012,111,80.7926267281106,"Costa Mesa High",92626
"17198",30,66597,3031853,9,2012,31,37.8372943327239,"Costa Mesa High",92626
"17199",30,66597,3031853,9,2012,111,67.2914798206278,"Costa Mesa High",92626
"17200",30,66597,3031853,10,2012,31,42.1980413492927,"Costa Mesa High",92626
"17201",30,66597,3031853,10,2012,111,59.0415335463259,"Costa Mesa High",92626
"17202",30,66597,3031853,11,2012,31,38.0697278911565,"Costa Mesa High",92626
"17203",30,66597,3031853,11,2012,111,55.131914893617,"Costa Mesa High",92626
"17204",30,66597,6029227,2,2012,31,52,"Adams Elementary",92626
"17205",30,66597,6029227,2,2012,111,87.5,"Adams Elementary",92626
"17206",30,66597,6029227,3,2012,31,40,"Adams Elementary",92626
"17207",30,66597,6029227,3,2012,111,82,"Adams Elementary",92626
"17208",30,66597,6029227,4,2012,31,32,"Adams Elementary",92626
"17209",30,66597,6029227,5,2012,31,54.6666666666667,"Adams Elementary",92626
"17210",30,66597,6029227,6,2012,31,48,"Adams Elementary",92626
"17211",30,66597,6029227,6,2012,111,87.5,"Adams Elementary",92626
"17212",30,66597,6029268,2,2012,31,45,"California Elementary",92626
"17213",30,66597,6029268,2,2012,111,76,"California Elementary",92626
"17214",30,66597,6029268,3,2012,31,58.5,"California Elementary",92626
"17215",30,66597,6029268,3,2012,111,82.5,"California Elementary",92626
"17216",30,66597,6029268,4,2012,31,61.5,"California Elementary",92626
"17217",30,66597,6029268,4,2012,111,94,"California Elementary",92626
"17218",30,66597,6029268,5,2012,31,41.6666666666667,"California Elementary",92626
"17219",30,66597,6029268,5,2012,111,75.5529411764706,"California Elementary",92626
"17220",30,66597,6029268,6,2012,31,56.6376811594203,"California Elementary",92626
"17221",30,66597,6029268,6,2012,111,82,"California Elementary",92626
"17222",30,66597,6029284,7,2012,31,41.5,"Charles W. Tewinkle Middle",92626
"17223",30,66597,6029284,7,2012,111,83.5193798449612,"Charles W. Tewinkle Middle",92626
"17224",30,66597,6029284,8,2012,31,56.8,"Charles W. Tewinkle Middle",92626
"17225",30,66597,6029284,8,2012,111,76.4394904458599,"Charles W. Tewinkle Middle",92626
"17226",30,66597,6029300,2,2012,31,65,"College Park Elementary",92626
"17227",30,66597,6029300,3,2012,31,35.6985294117647,"College Park Elementary",92626
"17228",30,66597,6029300,4,2012,31,48.9638554216867,"College Park Elementary",92626
"17229",30,66597,6029300,5,2012,31,53.3366336633663,"College Park Elementary",92626
"17230",30,66597,6029300,5,2012,111,64,"College Park Elementary",92626
"17231",30,66597,6029300,6,2012,31,22.8484848484848,"College Park Elementary",92626
"17232",30,66597,6029300,6,2012,111,39.1304347826087,"College Park Elementary",92626
"17233",30,66597,6029375,2,2012,31,72.5,"Killybrooke Elementary",92626
"17234",30,66597,6029375,2,2012,111,78,"Killybrooke Elementary",92626
"17235",30,66597,6029375,3,2012,31,48.7738095238095,"Killybrooke Elementary",92626
"17236",30,66597,6029375,3,2012,111,87,"Killybrooke Elementary",92626
"17237",30,66597,6029375,4,2012,31,84.593220338983,"Killybrooke Elementary",92626
"17238",30,66597,6029375,4,2012,111,86.5,"Killybrooke Elementary",92626
"17239",30,66597,6029375,5,2012,31,66,"Killybrooke Elementary",92626
"17240",30,66597,6029375,5,2012,111,74.3333333333333,"Killybrooke Elementary",92626
"17241",30,66597,6029375,6,2012,31,48.5,"Killybrooke Elementary",92626
"17242",30,66597,6029409,2,2012,31,78.5,"Maude B. Davis Elementary",92626
"17243",30,66597,6029409,2,2012,111,95,"Maude B. Davis Elementary",92626
"17244",30,66597,6029409,3,2012,31,75,"Maude B. Davis Elementary",92626
"17245",30,66597,6029409,3,2012,111,87.5,"Maude B. Davis Elementary",92626
"17246",30,66597,6029409,4,2012,31,95,"Maude B. Davis Elementary",92626
"17247",30,66597,6029409,4,2012,111,100,"Maude B. Davis Elementary",92626
"17248",30,66597,6029409,5,2012,31,85,"Maude B. Davis Elementary",92626
"17249",30,66597,6029409,5,2012,111,93.7363636363636,"Maude B. Davis Elementary",92626
"17250",30,66597,6029409,6,2012,31,67.5,"Maude B. Davis Elementary",92626
"17251",30,66597,6029409,6,2012,111,98.5,"Maude B. Davis Elementary",92626
"17252",30,66597,6029458,2,2012,31,43,"Paularino Elementary",92626
"17253",30,66597,6029458,2,2012,111,67,"Paularino Elementary",92626
"17254",30,66597,6029458,3,2012,31,59,"Paularino Elementary",92626
"17255",30,66597,6029458,3,2012,111,63,"Paularino Elementary",92626
"17256",30,66597,6029458,4,2012,31,55.5,"Paularino Elementary",92626
"17257",30,66597,6029458,4,2012,111,84.6060606060606,"Paularino Elementary",92626
"17258",30,66597,6029458,5,2012,31,53.7355371900826,"Paularino Elementary",92626
"17259",30,66597,6029458,5,2012,111,66.6666666666667,"Paularino Elementary",92626
"17260",30,66597,6029458,6,2012,31,38.5,"Paularino Elementary",92626
"17261",30,66597,6029458,6,2012,111,66.6923076923077,"Paularino Elementary",92626
"17262",30,66597,6029482,2,2012,31,58.5,"Sonora Elementary",92626
"17263",30,66597,6029482,3,2012,31,53.8532110091743,"Sonora Elementary",92626
"17264",30,66597,6029482,3,2012,111,84,"Sonora Elementary",92626
"17265",30,66597,6029482,4,2012,31,67,"Sonora Elementary",92626
"17266",30,66597,6029482,4,2012,111,91,"Sonora Elementary",92626
"17267",30,66597,6029482,5,2012,31,63.3734939759036,"Sonora Elementary",92626
"17268",30,66597,6029482,5,2012,111,92,"Sonora Elementary",92626
"17269",30,66613,6029540,2,2012,31,64,"Circle View Elementary",92647
"17270",30,66613,6029540,2,2012,111,83,"Circle View Elementary",92647
"17271",30,66613,6029540,3,2012,31,70.0697674418605,"Circle View Elementary",92647
"17272",30,66613,6029540,3,2012,111,93.5,"Circle View Elementary",92647
"17273",30,66613,6029540,4,2012,111,87,"Circle View Elementary",92647
"17274",30,66613,6029540,5,2012,31,73,"Circle View Elementary",92647
"17275",30,66613,6029540,5,2012,111,89.3342541436464,"Circle View Elementary",92647
"17276",30,66613,6029557,2,2012,31,57,"College View Elementary",92647
"17277",30,66613,6029557,2,2012,111,84.5,"College View Elementary",92647
"17278",30,66613,6029557,3,2012,31,49.1758241758242,"College View Elementary",92647
"17279",30,66613,6029557,3,2012,111,69,"College View Elementary",92647
"17280",30,66613,6029557,4,2012,31,59.8461538461538,"College View Elementary",92647
"17281",30,66613,6029557,4,2012,111,84,"College View Elementary",92647
"17282",30,66613,6029557,5,2012,31,42.9905660377358,"College View Elementary",92647
"17283",30,66613,6029557,5,2012,111,65,"College View Elementary",92647
"17284",30,66613,6029581,2,2012,31,67.5,"Harbour View Elementary",92649
"17285",30,66613,6029581,2,2012,111,87.5,"Harbour View Elementary",92649
"17286",30,66613,6029581,3,2012,31,48.3076923076923,"Harbour View Elementary",92649
"17287",30,66613,6029581,3,2012,111,83.5,"Harbour View Elementary",92649
"17288",30,66613,6029581,4,2012,31,60.5,"Harbour View Elementary",92649
"17289",30,66613,6029581,4,2012,111,91.9896373056995,"Harbour View Elementary",92649
"17290",30,66613,6029581,5,2012,31,78.978021978022,"Harbour View Elementary",92649
"17291",30,66613,6029581,5,2012,111,89,"Harbour View Elementary",92649
"17292",30,66613,6029607,2,2012,31,70.5,"Hope View Elementary",92647
"17293",30,66613,6029607,2,2012,111,83.5,"Hope View Elementary",92647
"17294",30,66613,6029607,3,2012,111,88.0179372197309,"Hope View Elementary",92647
"17295",30,66613,6029607,4,2012,31,91.5,"Hope View Elementary",92647
"17296",30,66613,6029607,4,2012,111,93,"Hope View Elementary",92647
"17297",30,66613,6029607,5,2012,111,90.6666666666667,"Hope View Elementary",92647
"17298",30,66613,6029615,2,2012,31,41.5,"Lake View Elementary",92647
"17299",30,66613,6029615,2,2012,111,52.5,"Lake View Elementary",92647
"17300",30,66613,6029615,3,2012,31,57,"Lake View Elementary",92647
"17301",30,66613,6029615,3,2012,111,63.609756097561,"Lake View Elementary",92647
"17302",30,66613,6029615,5,2012,31,40.6292134831461,"Lake View Elementary",92647
"17303",30,66613,6029615,5,2012,111,73,"Lake View Elementary",92647
"17304",30,66613,6029631,6,2012,31,45,"Marine View Middle",92649
"17305",30,66613,6029631,6,2012,111,82.5,"Marine View Middle",92649
"17306",30,66613,6029631,7,2012,31,40.5167785234899,"Marine View Middle",92649
"17307",30,66613,6029631,7,2012,111,84.5109489051095,"Marine View Middle",92649
"17308",30,66613,6029631,8,2012,31,40.3605015673981,"Marine View Middle",92649
"17309",30,66613,6029631,8,2012,111,75.4638157894737,"Marine View Middle",92649
"17310",30,66613,6029656,2,2012,31,39,"Oak View Elementary",92647
"17311",30,66613,6029656,2,2012,111,54,"Oak View Elementary",92647
"17312",30,66613,6029656,3,2012,31,44.3467336683417,"Oak View Elementary",92647
"17313",30,66613,6029656,4,2012,31,70.1553398058252,"Oak View Elementary",92647
"17314",30,66613,6029656,4,2012,111,70.037037037037,"Oak View Elementary",92647
"17315",30,66613,6029656,5,2012,31,49.7162629757785,"Oak View Elementary",92647
"17316",30,66613,6029698,6,2012,31,52.9580838323353,"Spring View Middle",92647
"17317",30,66613,6029698,6,2012,111,74.4786885245902,"Spring View Middle",92647
"17318",30,66613,6029698,7,2012,31,67,"Spring View Middle",92647
"17319",30,66613,6029698,7,2012,111,75,"Spring View Middle",92647
"17320",30,66613,6029698,8,2012,31,46.1696658097686,"Spring View Middle",92647
"17321",30,66613,6029698,8,2012,111,72.497520661157,"Spring View Middle",92647
"17322",30,66613,6029706,2,2012,31,79.5,"Star View Elementary",92655
"17323",30,66613,6029706,2,2012,111,80,"Star View Elementary",92655
"17324",30,66613,6029706,3,2012,31,58.5,"Star View Elementary",92655
"17325",30,66613,6029706,3,2012,111,75.5,"Star View Elementary",92655
"17326",30,66613,6029706,4,2012,31,74,"Star View Elementary",92655
"17327",30,66613,6029706,4,2012,111,86.4862385321101,"Star View Elementary",92655
"17328",30,66613,6029706,5,2012,31,53.3620689655172,"Star View Elementary",92655
"17329",30,66613,6029706,5,2012,111,84.6666666666667,"Star View Elementary",92655
"17330",30,66613,6029722,2,2012,31,75,"Village View Elementary",92649
"17331",30,66613,6029722,2,2012,111,91,"Village View Elementary",92649
"17332",30,66613,6029722,3,2012,31,56.24,"Village View Elementary",92649
"17333",30,66613,6029722,3,2012,111,73,"Village View Elementary",92649
"17334",30,66613,6029722,4,2012,31,87.5,"Village View Elementary",92649
"17335",30,66613,6029722,4,2012,111,73,"Village View Elementary",92649
"17336",30,66613,6029722,5,2012,111,87.9896373056995,"Village View Elementary",92649
"17337",30,66613,6029730,2,2012,31,36,"Westmont Elementary",92683
"17338",30,66613,6029730,2,2012,111,61.5,"Westmont Elementary",92683
"17339",30,66613,6029730,3,2012,31,51.5346534653465,"Westmont Elementary",92683
"17340",30,66613,6029730,3,2012,111,90.5,"Westmont Elementary",92683
"17341",30,66613,6029730,4,2012,31,59.88,"Westmont Elementary",92683
"17342",30,66613,6029730,4,2012,111,87.5,"Westmont Elementary",92683
"17343",30,66613,6029730,5,2012,31,69.5833333333333,"Westmont Elementary",92683
"17344",30,66613,6029730,5,2012,111,87.6666666666667,"Westmont Elementary",92683
"17345",30,66613,6066849,6,2012,31,52.5,"Mesa View Middle",92647
"17346",30,66613,6066849,6,2012,111,83.0053050397878,"Mesa View Middle",92647
"17347",30,66613,6066849,7,2012,31,46.6779661016949,"Mesa View Middle",92647
"17348",30,66613,6066849,7,2012,111,84.9201183431953,"Mesa View Middle",92647
"17349",30,66613,6066849,8,2012,31,53.0941176470588,"Mesa View Middle",92647
"17350",30,66613,6066849,8,2012,111,84.0972222222222,"Mesa View Middle",92647
"17351",30,66613,6068613,6,2012,31,65.5415019762846,"Vista View Middle",92708
"17352",30,66613,6068613,6,2012,111,82,"Vista View Middle",92708
"17353",30,66613,6068613,7,2012,31,60.5035714285714,"Vista View Middle",92708
"17354",30,66613,6068613,7,2012,111,81,"Vista View Middle",92708
"17355",30,66613,6068613,8,2012,31,53.0258302583026,"Vista View Middle",92708
"17356",30,66613,6068613,8,2012,111,75.2436974789916,"Vista View Middle",92708
"17357",30,66613,6071104,2,2012,31,54.5,"Golden View Elementary",92647
"17358",30,66613,6071104,2,2012,111,72,"Golden View Elementary",92647
"17359",30,66613,6071104,3,2012,31,60.0666666666667,"Golden View Elementary",92647
"17360",30,66613,6071104,3,2012,111,76,"Golden View Elementary",92647
"17361",30,66613,6071104,4,2012,31,63.5,"Golden View Elementary",92647
"17362",30,66613,6071104,4,2012,111,88.4262295081967,"Golden View Elementary",92647
"17363",30,66613,6071104,5,2012,31,54.044776119403,"Golden View Elementary",92647
"17364",30,66613,6071104,5,2012,111,92.2993630573248,"Golden View Elementary",92647
"17365",30,66621,114769,8,2012,31,6.25,"OUSD Community Day",92869
"17366",30,66621,118174,9,2012,111,39.72,"OUSD Home Sch",92869
"17367",30,66621,3030046,9,2012,31,59.0127659574468,"Canyon High",92807
"17368",30,66621,3030046,9,2012,111,72.3702445652174,"Canyon High",92807
"17369",30,66621,3030046,10,2012,31,45.2994011976048,"Canyon High",92807
"17370",30,66621,3030046,10,2012,111,66.2295338817078,"Canyon High",92807
"17371",30,66621,3030046,11,2012,31,36.7802197802198,"Canyon High",92807
"17372",30,66621,3030046,11,2012,111,53.2002002002002,"Canyon High",92807
"17373",30,66621,3031952,9,2012,31,45.5394242803504,"El Modena High",92869
"17374",30,66621,3031952,9,2012,111,75.9,"El Modena High",92869
"17375",30,66621,3031952,10,2012,31,40.1095334685598,"El Modena High",92869
"17376",30,66621,3031952,10,2012,111,69.7567760342368,"El Modena High",92869
"17377",30,66621,3031952,11,2012,31,42.3515715948778,"El Modena High",92869
"17378",30,66621,3031952,11,2012,111,64.6076721883174,"El Modena High",92869
"17379",30,66621,3035409,9,2012,31,38.4019370460048,"Orange High",92867
"17380",30,66621,3035409,9,2012,111,55.6450216450216,"Orange High",92867
"17381",30,66621,3035409,10,2012,31,36.6992437463642,"Orange High",92867
"17382",30,66621,3035409,10,2012,111,53.726582278481,"Orange High",92867
"17383",30,66621,3035409,11,2012,31,36.4560975609756,"Orange High",92867
"17384",30,66621,3035409,11,2012,111,45.575,"Orange High",92867
"17385",30,66621,3035748,11,2012,31,6.50429184549356,"Richland Continuation High",92867
"17386",30,66621,3035748,11,2012,111,13.5495495495495,"Richland Continuation High",92867
"17387",30,66621,3038098,9,2012,31,35.048473967684,"Villa Park High",92861
"17388",30,66621,3038098,9,2012,111,63.1068635968723,"Villa Park High",92861
"17389",30,66621,3038098,10,2012,31,42.2593548387097,"Villa Park High",92861
"17390",30,66621,3038098,10,2012,111,71.5429292929293,"Villa Park High",92861
"17391",30,66621,3038098,11,2012,31,38.2716346153846,"Villa Park High",92861
"17392",30,66621,3038098,11,2012,111,61.887443438914,"Villa Park High",92861
"17393",30,66621,6029755,2,2012,31,39.5,"Cambridge Elementary",92866
"17394",30,66621,6029755,2,2012,111,60.5,"Cambridge Elementary",92866
"17395",30,66621,6029755,3,2012,31,50,"Cambridge Elementary",92866
"17396",30,66621,6029755,3,2012,111,50,"Cambridge Elementary",92866
"17397",30,66621,6029755,4,2012,31,48.4432989690722,"Cambridge Elementary",92866
"17398",30,66621,6029755,4,2012,111,79,"Cambridge Elementary",92866
"17399",30,66621,6029755,5,2012,31,52.7425149700599,"Cambridge Elementary",92866
"17400",30,66621,6029755,5,2012,111,76,"Cambridge Elementary",92866
"17401",30,66621,6029755,6,2012,31,45,"Cambridge Elementary",92866
"17402",30,66621,6029755,6,2012,111,63,"Cambridge Elementary",92866
"17403",30,66621,6029763,2,2012,31,56,"Crescent Elementary",92807
"17404",30,66621,6029763,2,2012,111,75,"Crescent Elementary",92807
"17405",30,66621,6029763,3,2012,31,54.6363636363636,"Crescent Elementary",92807
"17406",30,66621,6029763,3,2012,111,81.5,"Crescent Elementary",92807
"17407",30,66621,6029763,4,2012,31,56.5,"Crescent Elementary",92807
"17408",30,66621,6029763,4,2012,111,88.5,"Crescent Elementary",92807
"17409",30,66621,6029763,5,2012,31,67.8666666666667,"Crescent Elementary",92807
"17410",30,66621,6029763,5,2012,111,91.339378238342,"Crescent Elementary",92807
"17411",30,66621,6029763,6,2012,31,65.5,"Crescent Elementary",92807
"17412",30,66621,6029763,6,2012,111,87.4939271255061,"Crescent Elementary",92807
"17413",30,66621,6029771,2,2012,31,62.5,"Esplanade Elementary",92869
"17414",30,66621,6029771,3,2012,31,39,"Esplanade Elementary",92869
"17415",30,66621,6029771,4,2012,31,80,"Esplanade Elementary",92869
"17416",30,66621,6029771,5,2012,31,76.3333333333333,"Esplanade Elementary",92869
"17417",30,66621,6029771,6,2012,31,55.4554455445545,"Esplanade Elementary",92869
"17418",30,66621,6029789,2,2012,31,49,"Fairhaven Elementary",92705
"17419",30,66621,6029789,3,2012,31,60.1682242990654,"Fairhaven Elementary",92705
"17420",30,66621,6029789,4,2012,31,66.632,"Fairhaven Elementary",92705
"17421",30,66621,6029789,5,2012,31,60.6666666666667,"Fairhaven Elementary",92705
"17422",30,66621,6029789,6,2012,31,59,"Fairhaven Elementary",92705
"17423",30,66621,6029797,2,2012,31,44,"Fletcher Elementary",92865
"17424",30,66621,6029797,2,2012,111,75,"Fletcher Elementary",92865
"17425",30,66621,6029797,3,2012,31,48,"Fletcher Elementary",92865
"17426",30,66621,6029797,3,2012,111,82,"Fletcher Elementary",92865
"17427",30,66621,6029797,4,2012,31,61,"Fletcher Elementary",92865
"17428",30,66621,6029797,4,2012,111,75,"Fletcher Elementary",92865
"17429",30,66621,6029797,5,2012,31,30.6907216494845,"Fletcher Elementary",92865
"17430",30,66621,6029797,6,2012,31,21,"Fletcher Elementary",92865
"17431",30,66621,6029797,6,2012,111,59.5,"Fletcher Elementary",92865
"17432",30,66621,6029805,2,2012,31,46,"Handy Elementary",92867
"17433",30,66621,6029805,3,2012,31,55.5,"Handy Elementary",92867
"17434",30,66621,6029805,4,2012,31,73.7543859649123,"Handy Elementary",92867
"17435",30,66621,6029805,5,2012,31,65.0178571428571,"Handy Elementary",92867
"17436",30,66621,6029805,6,2012,31,51,"Handy Elementary",92867
"17437",30,66621,6029854,2,2012,31,48,"Lampson Elementary",92840
"17438",30,66621,6029854,3,2012,31,42.4358974358974,"Lampson Elementary",92840
"17439",30,66621,6029854,3,2012,111,57,"Lampson Elementary",92840
"17440",30,66621,6029854,4,2012,31,49.0530973451327,"Lampson Elementary",92840
"17441",30,66621,6029854,4,2012,111,67.5,"Lampson Elementary",92840
"17442",30,66621,6029854,5,2012,31,42.0194174757282,"Lampson Elementary",92840
"17443",30,66621,6029854,5,2012,111,79.3488372093023,"Lampson Elementary",92840
"17444",30,66621,6029862,2,2012,31,34,"La Veta Elementary",92869
"17445",30,66621,6029862,2,2012,111,78,"La Veta Elementary",92869
"17446",30,66621,6029862,3,2012,31,40.1616161616162,"La Veta Elementary",92869
"17447",30,66621,6029862,3,2012,111,70.3809523809524,"La Veta Elementary",92869
"17448",30,66621,6029862,4,2012,31,51.4672897196262,"La Veta Elementary",92869
"17449",30,66621,6029862,4,2012,111,70,"La Veta Elementary",92869
"17450",30,66621,6029862,5,2012,31,44,"La Veta Elementary",92869
"17451",30,66621,6029862,5,2012,111,74,"La Veta Elementary",92869
"17452",30,66621,6029862,6,2012,31,44.5,"La Veta Elementary",92869
"17453",30,66621,6029862,6,2012,111,80.5,"La Veta Elementary",92869
"17454",30,66621,6029870,2,2012,31,30.5,"Olive Elementary",92865
"17455",30,66621,6029870,2,2012,111,75.5,"Olive Elementary",92865
"17456",30,66621,6029870,3,2012,31,42.5,"Olive Elementary",92865
"17457",30,66621,6029870,3,2012,111,57.4255319148936,"Olive Elementary",92865
"17458",30,66621,6029870,4,2012,31,60,"Olive Elementary",92865
"17459",30,66621,6029870,4,2012,111,74,"Olive Elementary",92865
"17460",30,66621,6029870,5,2012,31,49.7671232876712,"Olive Elementary",92865
"17461",30,66621,6029870,5,2012,111,54.6666666666667,"Olive Elementary",92865
"17462",30,66621,6029870,6,2012,31,43,"Olive Elementary",92865
"17463",30,66621,6029870,6,2012,111,68.5,"Olive Elementary",92865
"17464",30,66621,6029888,2,2012,31,53.5,"Palmyra Elementary",92866
"17465",30,66621,6029888,2,2012,111,88,"Palmyra Elementary",92866
"17466",30,66621,6029888,3,2012,31,53.1504424778761,"Palmyra Elementary",92866
"17467",30,66621,6029888,3,2012,111,59,"Palmyra Elementary",92866
"17468",30,66621,6029888,4,2012,31,44.5,"Palmyra Elementary",92866
"17469",30,66621,6029888,4,2012,111,88,"Palmyra Elementary",92866
"17470",30,66621,6029888,5,2012,31,50.2721893491124,"Palmyra Elementary",92866
"17471",30,66621,6029888,5,2012,111,70.6666666666667,"Palmyra Elementary",92866
"17472",30,66621,6029888,6,2012,31,54,"Palmyra Elementary",92866
"17473",30,66621,6029888,6,2012,111,76.9016393442623,"Palmyra Elementary",92866
"17474",30,66621,6029896,2,2012,111,88.5,"Panorama Elementary",92705
"17475",30,66621,6029896,3,2012,31,59,"Panorama Elementary",92705
"17476",30,66621,6029896,3,2012,111,84.5,"Panorama Elementary",92705
"17477",30,66621,6029896,4,2012,111,91.5,"Panorama Elementary",92705
"17478",30,66621,6029896,5,2012,111,94,"Panorama Elementary",92705
"17479",30,66621,6029896,6,2012,111,86.5154639175258,"Panorama Elementary",92705
"17480",30,66621,6029912,2,2012,31,67,"Prospect Elementary",92869
"17481",30,66621,6029912,3,2012,31,41.5825242718447,"Prospect Elementary",92869
"17482",30,66621,6029912,4,2012,31,55.08,"Prospect Elementary",92869
"17483",30,66621,6029938,2,2012,31,62.5,"Serrano Elementary",92861
"17484",30,66621,6029938,2,2012,111,85.5,"Serrano Elementary",92861
"17485",30,66621,6029938,3,2012,31,50,"Serrano Elementary",92861
"17486",30,66621,6029938,3,2012,111,85,"Serrano Elementary",92861
"17487",30,66621,6029938,4,2012,31,69,"Serrano Elementary",92861
"17488",30,66621,6029938,4,2012,111,87.5,"Serrano Elementary",92861
"17489",30,66621,6029938,5,2012,31,66.6666666666667,"Serrano Elementary",92861
"17490",30,66621,6029938,5,2012,111,82.3362068965517,"Serrano Elementary",92861
"17491",30,66621,6029938,6,2012,31,52,"Serrano Elementary",92861
"17492",30,66621,6029938,6,2012,111,78.2605042016807,"Serrano Elementary",92861
"17493",30,66621,6029953,2,2012,31,37.5,"Sycamore Elementary",92868
"17494",30,66621,6029953,3,2012,31,53.2553191489362,"Sycamore Elementary",92868
"17495",30,66621,6029953,4,2012,31,70.5,"Sycamore Elementary",92868
"17496",30,66621,6029953,5,2012,31,71.3333333333333,"Sycamore Elementary",92868
"17497",30,66621,6029953,6,2012,31,56.88,"Sycamore Elementary",92868
"17498",30,66621,6029961,2,2012,31,38,"Taft Elementary",92865
"17499",30,66621,6029961,3,2012,31,52,"Taft Elementary",92865
"17500",30,66621,6029961,4,2012,31,61,"Taft Elementary",92865
"17501",30,66621,6029961,5,2012,31,50.4153846153846,"Taft Elementary",92865
"17502",30,66621,6029961,5,2012,111,83,"Taft Elementary",92865
"17503",30,66621,6029961,6,2012,31,59.4848484848485,"Taft Elementary",92865
"17504",30,66621,6029961,6,2012,111,93,"Taft Elementary",92865
"17505",30,66621,6029979,2,2012,111,97.5,"Villa Park Elementary",92861
"17506",30,66621,6029979,3,2012,111,96,"Villa Park Elementary",92861
"17507",30,66621,6029979,4,2012,31,84.5,"Villa Park Elementary",92861
"17508",30,66621,6029979,4,2012,111,97.986577181208,"Villa Park Elementary",92861
"17509",30,66621,6029979,5,2012,111,91,"Villa Park Elementary",92861
"17510",30,66621,6029979,6,2012,111,96.4910179640719,"Villa Park Elementary",92861
"17511",30,66621,6029987,2,2012,31,43.5,"West Orange Elementary",92868
"17512",30,66621,6029987,2,2012,111,67.5,"West Orange Elementary",92868
"17513",30,66621,6029987,3,2012,31,55,"West Orange Elementary",92868
"17514",30,66621,6029987,3,2012,111,70.5,"West Orange Elementary",92868
"17515",30,66621,6029987,4,2012,31,60.5,"West Orange Elementary",92868
"17516",30,66621,6029987,4,2012,111,62,"West Orange Elementary",92868
"17517",30,66621,6029987,5,2012,31,60.6666666666667,"West Orange Elementary",92868
"17518",30,66621,6029987,5,2012,111,70.6666666666667,"West Orange Elementary",92868
"17519",30,66621,6058937,7,2012,31,49.5395894428152,"Cerro Villa Middle",92861
"17520",30,66621,6058937,7,2012,111,80.3841166936791,"Cerro Villa Middle",92861
"17521",30,66621,6058937,8,2012,31,49.5872781065089,"Cerro Villa Middle",92861
"17522",30,66621,6058937,8,2012,111,79.1037313432836,"Cerro Villa Middle",92861
"17523",30,66621,6061725,6,2012,31,41.5,"Portola Middle",92868
"17524",30,66621,6061725,6,2012,111,54.5,"Portola Middle",92868
"17525",30,66621,6061725,7,2012,31,41.0205761316872,"Portola Middle",92868
"17526",30,66621,6061725,7,2012,111,62.1509433962264,"Portola Middle",92868
"17527",30,66621,6061725,8,2012,31,52.7789473684211,"Portola Middle",92868
"17528",30,66621,6061725,8,2012,111,64.3742690058479,"Portola Middle",92868
"17529",30,66621,6061733,6,2012,31,38.5273631840796,"Yorba Middle",92867
"17530",30,66621,6061733,7,2012,31,46,"Yorba Middle",92867
"17531",30,66621,6061733,7,2012,111,57.7777777777778,"Yorba Middle",92867
"17532",30,66621,6061733,8,2012,31,47.258064516129,"Yorba Middle",92867
"17533",30,66621,6061733,8,2012,111,65.875,"Yorba Middle",92867
"17534",30,66621,6071112,2,2012,31,42,"Linda Vista Elementary",92869
"17535",30,66621,6071112,2,2012,111,85,"Linda Vista Elementary",92869
"17536",30,66621,6071112,3,2012,31,66.5,"Linda Vista Elementary",92869
"17537",30,66621,6071112,3,2012,111,78.9565217391304,"Linda Vista Elementary",92869
"17538",30,66621,6071112,4,2012,31,79.5,"Linda Vista Elementary",92869
"17539",30,66621,6071112,4,2012,111,77.4352941176471,"Linda Vista Elementary",92869
"17540",30,66621,6071112,5,2012,31,41,"Linda Vista Elementary",92869
"17541",30,66621,6071112,5,2012,111,89.6666666666667,"Linda Vista Elementary",92869
"17542",30,66621,6071112,6,2012,31,62.5,"Linda Vista Elementary",92869
"17543",30,66621,6071112,6,2012,111,81.0380952380952,"Linda Vista Elementary",92869
"17544",30,66621,6071120,2,2012,111,91.5,"Nohl Canyon Elementary",92807
"17545",30,66621,6071120,3,2012,111,87,"Nohl Canyon Elementary",92807
"17546",30,66621,6071120,4,2012,111,93.5028901734104,"Nohl Canyon Elementary",92807
"17547",30,66621,6071120,5,2012,111,92,"Nohl Canyon Elementary",92807
"17548",30,66621,6071120,6,2012,111,95.5,"Nohl Canyon Elementary",92807
"17549",30,66621,6085328,7,2012,31,48.4918699186992,"Santiago Middle",92869
"17550",30,66621,6085328,7,2012,111,76.1653944020356,"Santiago Middle",92869
"17551",30,66621,6085328,8,2012,31,53.0987903225806,"Santiago Middle",92869
"17552",30,66621,6085328,8,2012,111,75.6807228915663,"Santiago Middle",92869
"17553",30,66621,6094874,7,2012,31,67.4871794871795,"El Rancho Charter",92808
"17554",30,66621,6094874,7,2012,111,89.2736742424242,"El Rancho Charter",92808
"17555",30,66621,6094874,8,2012,31,75.3958333333333,"El Rancho Charter",92808
"17556",30,66621,6094874,8,2012,111,88.3508771929825,"El Rancho Charter",92808
"17557",30,66621,6096333,2,2012,111,72.5,"Imperial Elementary",92807
"17558",30,66621,6096333,3,2012,111,74.4054054054054,"Imperial Elementary",92807
"17559",30,66621,6096333,4,2012,111,95,"Imperial Elementary",92807
"17560",30,66621,6096333,5,2012,111,81.3333333333333,"Imperial Elementary",92807
"17561",30,66621,6096333,6,2012,111,77.5,"Imperial Elementary",92807
"17562",30,66621,6097364,2,2012,111,73,"Anaheim Hills Elementary",92807
"17563",30,66621,6097364,3,2012,111,71.5569620253165,"Anaheim Hills Elementary",92807
"17564",30,66621,6097364,4,2012,111,86,"Anaheim Hills Elementary",92807
"17565",30,66621,6097364,5,2012,111,78.6666666666667,"Anaheim Hills Elementary",92807
"17566",30,66621,6097364,6,2012,111,92,"Anaheim Hills Elementary",92807
"17567",30,66621,6107767,2,2012,111,71,"Chapman Hills Elementary",92869
"17568",30,66621,6107767,3,2012,111,83,"Chapman Hills Elementary",92869
"17569",30,66621,6107767,4,2012,111,88,"Chapman Hills Elementary",92869
"17570",30,66621,6107767,5,2012,111,89.6666666666667,"Chapman Hills Elementary",92869
"17571",30,66621,6107767,6,2012,111,78,"Chapman Hills Elementary",92869
"17572",30,66621,6114565,2,2012,111,85.5,"Canyon Rim Elementary",92808
"17573",30,66621,6114565,3,2012,31,71,"Canyon Rim Elementary",92808
"17574",30,66621,6114565,3,2012,111,74.6329787234042,"Canyon Rim Elementary",92808
"17575",30,66621,6114565,4,2012,111,92,"Canyon Rim Elementary",92808
"17576",30,66621,6114565,5,2012,31,57.625,"Canyon Rim Elementary",92808
"17577",30,66621,6114565,5,2012,111,76.8918918918919,"Canyon Rim Elementary",92808
"17578",30,66621,6114565,6,2012,111,80.4585635359116,"Canyon Rim Elementary",92808
"17579",30,66621,6116586,2,2012,31,68.5,"Running Springs Elementary",92808
"17580",30,66621,6116586,2,2012,111,76,"Running Springs Elementary",92808
"17581",30,66621,6116586,3,2012,31,64,"Running Springs Elementary",92808
"17582",30,66621,6116586,3,2012,111,78.6971428571429,"Running Springs Elementary",92808
"17583",30,66621,6116586,4,2012,111,88.5,"Running Springs Elementary",92808
"17584",30,66621,6116586,5,2012,31,88.4411764705882,"Running Springs Elementary",92808
"17585",30,66621,6116586,5,2012,111,90.6722972972973,"Running Springs Elementary",92808
"17586",30,66621,6116586,6,2012,111,72.4598214285714,"Running Springs Elementary",92808
"17587",30,66647,102897,2,2012,31,55.5,"Melrose Elementary",92870
"17588",30,66647,102897,3,2012,31,58.5,"Melrose Elementary",92870
"17589",30,66647,102897,4,2012,31,65,"Melrose Elementary",92870
"17590",30,66647,102897,5,2012,31,54.125,"Melrose Elementary",92870
"17591",30,66647,109678,2,2012,111,91,"Lakeview Elementary",92886
"17592",30,66647,109678,3,2012,111,91,"Lakeview Elementary",92886
"17593",30,66647,109678,4,2012,111,92.5,"Lakeview Elementary",92886
"17594",30,66647,109678,5,2012,111,89.6690909090909,"Lakeview Elementary",92886
"17595",30,66647,119404,9,2012,31,70.2,"Yorba Linda High",92886
"17596",30,66647,119404,9,2012,111,87.0348258706468,"Yorba Linda High",92886
"17597",30,66647,119404,10,2012,31,59.1676300578035,"Yorba Linda High",92886
"17598",30,66647,119404,10,2012,111,77.0388446215139,"Yorba Linda High",92886
"17599",30,66647,119404,11,2012,31,58.6470588235294,"Yorba Linda High",92886
"17600",30,66647,119404,11,2012,111,76.3095238095238,"Yorba Linda High",92886
"17601",30,66647,3031929,9,2012,31,49.787456445993,"El Dorado High",92870
"17602",30,66647,3031929,9,2012,111,73.1448412698413,"El Dorado High",92870
"17603",30,66647,3031929,10,2012,31,47.0207468879668,"El Dorado High",92870
"17604",30,66647,3031929,10,2012,111,71.2712952158693,"El Dorado High",92870
"17605",30,66647,3031929,11,2012,31,41.8354978354978,"El Dorado High",92870
"17606",30,66647,3031929,11,2012,111,67.9155844155844,"El Dorado High",92870
"17607",30,66647,3038023,9,2012,31,54.9559228650138,"Valencia High",92870
"17608",30,66647,3038023,9,2012,111,87.5719649561952,"Valencia High",92870
"17609",30,66647,3038023,10,2012,31,39.8473380372033,"Valencia High",92870
"17610",30,66647,3038023,10,2012,111,78.1757085020243,"Valencia High",92870
"17611",30,66647,3038023,11,2012,31,45.0167189132706,"Valencia High",92870
"17612",30,66647,3038023,11,2012,111,80.1348314606742,"Valencia High",92870
"17613",30,66647,6029995,2,2012,31,25,"Brookhaven Elementary",92870
"17614",30,66647,6029995,2,2012,111,89,"Brookhaven Elementary",92870
"17615",30,66647,6029995,3,2012,111,90.9256198347107,"Brookhaven Elementary",92870
"17616",30,66647,6029995,4,2012,111,91.75,"Brookhaven Elementary",92870
"17617",30,66647,6029995,5,2012,111,67.0258620689655,"Brookhaven Elementary",92870
"17618",30,66647,6029995,6,2012,111,96.4606741573034,"Brookhaven Elementary",92870
"17619",30,66647,6030035,2,2012,111,83.5,"Golden Elementary",92870
"17620",30,66647,6030035,3,2012,31,73,"Golden Elementary",92870
"17621",30,66647,6030035,3,2012,111,89.0246305418719,"Golden Elementary",92870
"17622",30,66647,6030035,4,2012,111,88,"Golden Elementary",92870
"17623",30,66647,6030035,5,2012,111,95.6657060518732,"Golden Elementary",92870
"17624",30,66647,6030035,6,2012,31,69.8695652173913,"Golden Elementary",92870
"17625",30,66647,6030035,6,2012,111,93,"Golden Elementary",92870
"17626",30,66647,6030043,7,2012,31,44.1298076923077,"Kraemer Middle",92870
"17627",30,66647,6030043,7,2012,111,86.2374727668845,"Kraemer Middle",92870
"17628",30,66647,6030043,8,2012,31,54.6110325318246,"Kraemer Middle",92870
"17629",30,66647,6030043,8,2012,111,86.8641840087623,"Kraemer Middle",92870
"17630",30,66647,6030084,2,2012,31,51.5,"Ruby Drive Elementary",92870
"17631",30,66647,6030084,3,2012,31,47.651376146789,"Ruby Drive Elementary",92870
"17632",30,66647,6030084,4,2012,31,57.9607843137255,"Ruby Drive Elementary",92870
"17633",30,66647,6030084,5,2012,31,46.7259615384615,"Ruby Drive Elementary",92870
"17634",30,66647,6030084,6,2012,31,44.9411764705882,"Ruby Drive Elementary",92870
"17635",30,66647,6030092,2,2012,31,50,"Sierra Vista Elementary",92870
"17636",30,66647,6030092,2,2012,111,74.5,"Sierra Vista Elementary",92870
"17637",30,66647,6030092,3,2012,31,52.4,"Sierra Vista Elementary",92870
"17638",30,66647,6030092,3,2012,111,88,"Sierra Vista Elementary",92870
"17639",30,66647,6030092,4,2012,31,60.5,"Sierra Vista Elementary",92870
"17640",30,66647,6030092,4,2012,111,88.5567010309278,"Sierra Vista Elementary",92870
"17641",30,66647,6030092,5,2012,31,61.3333333333333,"Sierra Vista Elementary",92870
"17642",30,66647,6030092,5,2012,111,82.6666666666667,"Sierra Vista Elementary",92870
"17643",30,66647,6030092,6,2012,31,75,"Sierra Vista Elementary",92870
"17644",30,66647,6030092,6,2012,111,90,"Sierra Vista Elementary",92870
"17645",30,66647,6030100,2,2012,31,73.5,"Van Buren Elementary",92870
"17646",30,66647,6030100,2,2012,111,90,"Van Buren Elementary",92870
"17647",30,66647,6030100,3,2012,31,62.5,"Van Buren Elementary",92870
"17648",30,66647,6030100,3,2012,111,84.5,"Van Buren Elementary",92870
"17649",30,66647,6030100,4,2012,31,40.4054054054054,"Van Buren Elementary",92870
"17650",30,66647,6030100,4,2012,111,86.984496124031,"Van Buren Elementary",92870
"17651",30,66647,6030100,5,2012,31,78.8947368421053,"Van Buren Elementary",92870
"17652",30,66647,6030100,5,2012,111,82.3421052631579,"Van Buren Elementary",92870
"17653",30,66647,6030100,6,2012,31,37.1851851851852,"Van Buren Elementary",92870
"17654",30,66647,6030100,6,2012,111,72.5,"Van Buren Elementary",92870
"17655",30,66647,6109102,2,2012,111,92,"Bryant Ranch Elementary",92887
"17656",30,66647,6109102,3,2012,111,84,"Bryant Ranch Elementary",92887
"17657",30,66647,6109102,4,2012,31,84.2,"Bryant Ranch Elementary",92887
"17658",30,66647,6109102,4,2012,111,92.979381443299,"Bryant Ranch Elementary",92887
"17659",30,66647,6109102,5,2012,111,84.6291390728477,"Bryant Ranch Elementary",92887
"17660",30,66647,6119556,2,2012,111,88.5,"Parkview",92870
"17661",30,66647,6119556,4,2012,111,65.5,"Parkview",92870
"17662",30,66647,6119556,5,2012,111,82.75,"Parkview",92870
"17663",30,66647,6119556,6,2012,111,54.8181818181818,"Parkview",92870
"17664",30,66647,6119556,7,2012,111,78.4594594594595,"Parkview",92870
"17665",30,66647,6119556,8,2012,111,66.6666666666667,"Parkview",92870
"17666",30,66647,6119556,9,2012,111,78,"Parkview",92870
"17667",30,66647,6119556,10,2012,111,50,"Parkview",92870
"17668",30,66647,6119556,11,2012,111,69.5,"Parkview",92870
"17669",30,66670,108365,9,2012,31,47.0125944584383,"Segerstrom High",92704
"17670",30,66670,108365,9,2012,111,69.807570977918,"Segerstrom High",92704
"17671",30,66670,108365,10,2012,31,45.702752293578,"Segerstrom High",92704
"17672",30,66670,108365,10,2012,111,57.7128987517337,"Segerstrom High",92704
"17673",30,66670,108365,11,2012,31,54.445,"Segerstrom High",92704
"17674",30,66670,108365,11,2012,111,61.4861407249467,"Segerstrom High",92704
"17675",30,66670,114736,9,2012,31,48.026044492675,"Hector G. Godinez",92704
"17676",30,66670,114736,9,2012,111,67.5886524822695,"Hector G. Godinez",92704
"17677",30,66670,114736,10,2012,31,52.7649204244032,"Hector G. Godinez",92704
"17678",30,66670,114736,10,2012,111,64.5429447852761,"Hector G. Godinez",92704
"17679",30,66670,114736,11,2012,31,48.3924989097252,"Hector G. Godinez",92704
"17680",30,66670,114736,11,2012,111,47.2882096069869,"Hector G. Godinez",92704
"17681",30,66670,116582,2,2012,31,47.5,"Heroes Elementary",92703
"17682",30,66670,116582,3,2012,31,49.6115384615385,"Heroes Elementary",92703
"17683",30,66670,116582,4,2012,31,56.5684210526316,"Heroes Elementary",92703
"17684",30,66670,116582,5,2012,31,29.0487804878049,"Heroes Elementary",92703
"17685",30,66670,3030491,9,2012,31,19.941493456505,"Century High",92705
"17686",30,66670,3030491,9,2012,111,45,"Century High",92705
"17687",30,66670,3030491,10,2012,31,18.8200445434298,"Century High",92705
"17688",30,66670,3030491,10,2012,111,22.7755102040816,"Century High",92705
"17689",30,66670,3030491,11,2012,31,22.0076972418217,"Century High",92705
"17690",30,66670,3030491,11,2012,111,24.8333333333333,"Century High",92705
"17691",30,66670,3030608,9,2012,31,72.6262626262626,"Middle College High",92706
"17692",30,66670,3030608,9,2012,111,78.5,"Middle College High",92706
"17693",30,66670,3030608,10,2012,31,77.7278911564626,"Middle College High",92706
"17694",30,66670,3030608,10,2012,111,79.8148148148148,"Middle College High",92706
"17695",30,66670,3030608,11,2012,31,63.3013100436681,"Middle College High",92706
"17696",30,66670,3030608,11,2012,111,77.6666666666667,"Middle College High",92706
"17697",30,66670,3034998,10,2012,31,7.40740740740741,"Lorin Griset Academy",92704
"17698",30,66670,3034998,11,2012,31,7.04854368932039,"Lorin Griset Academy",92704
"17699",30,66670,3034998,11,2012,111,6.75,"Lorin Griset Academy",92704
"17700",30,66670,3035821,9,2012,31,21.3712835387962,"Saddleback High",92707
"17701",30,66670,3035821,9,2012,111,17.9439252336449,"Saddleback High",92707
"17702",30,66670,3035821,10,2012,31,17.0453658536585,"Saddleback High",92707
"17703",30,66670,3035821,10,2012,111,23.6705202312139,"Saddleback High",92707
"17704",30,66670,3035821,11,2012,31,26.9953703703704,"Saddleback High",92707
"17705",30,66670,3035821,11,2012,111,31.3962264150943,"Saddleback High",92707
"17706",30,66670,3036357,9,2012,31,26.3701711491443,"Santa Ana High",92701
"17707",30,66670,3036357,9,2012,111,20.3428571428571,"Santa Ana High",92701
"17708",30,66670,3036357,10,2012,31,17.7689265536723,"Santa Ana High",92701
"17709",30,66670,3036357,10,2012,111,21,"Santa Ana High",92701
"17710",30,66670,3036357,11,2012,31,23.1951915240424,"Santa Ana High",92701
"17711",30,66670,3036357,11,2012,111,31.3456790123457,"Santa Ana High",92701
"17712",30,66670,3036456,9,2012,31,32.4629482071713,"Valley High",92704
"17713",30,66670,3036456,9,2012,111,48.8285714285714,"Valley High",92704
"17714",30,66670,3036456,10,2012,31,20.4217536071032,"Valley High",92704
"17715",30,66670,3036456,10,2012,111,19.2323232323232,"Valley High",92704
"17716",30,66670,3036456,11,2012,31,25.8518987341772,"Valley High",92704
"17717",30,66670,3036456,11,2012,111,25.6559139784946,"Valley High",92704
"17718",30,66670,6030209,2,2012,31,61.5,"Adams Elementary",92704
"17719",30,66670,6030209,3,2012,31,41.5384615384615,"Adams Elementary",92704
"17720",30,66670,6030209,4,2012,31,64.5698324022346,"Adams Elementary",92704
"17721",30,66670,6030209,5,2012,31,57.0450819672131,"Adams Elementary",92704
"17722",30,66670,6030233,2,2012,31,46.5,"Diamond Elementary",92704
"17723",30,66670,6030233,3,2012,31,45.1256830601093,"Diamond Elementary",92704
"17724",30,66670,6030233,4,2012,31,57.7218934911243,"Diamond Elementary",92704
"17725",30,66670,6030233,5,2012,31,63.1333333333333,"Diamond Elementary",92704
"17726",30,66670,6030266,2,2012,31,50.5,"Fremont Elementary",92703
"17727",30,66670,6030266,3,2012,31,47.2222222222222,"Fremont Elementary",92703
"17728",30,66670,6030266,4,2012,31,62.5673469387755,"Fremont Elementary",92703
"17729",30,66670,6030266,5,2012,31,51.2140845070423,"Fremont Elementary",92703
"17730",30,66670,6030274,2,2012,31,38,"Hoover Elementary",92706
"17731",30,66670,6030274,3,2012,31,45,"Hoover Elementary",92706
"17732",30,66670,6030274,4,2012,31,56,"Hoover Elementary",92706
"17733",30,66670,6030274,5,2012,31,43.3333333333333,"Hoover Elementary",92706
"17734",30,66670,6030282,2,2012,31,38,"Jefferson Elementary",92704
"17735",30,66670,6030282,2,2012,111,64.5,"Jefferson Elementary",92704
"17736",30,66670,6030282,3,2012,31,45.5,"Jefferson Elementary",92704
"17737",30,66670,6030282,3,2012,111,58.5,"Jefferson Elementary",92704
"17738",30,66670,6030282,4,2012,31,71.1037735849057,"Jefferson Elementary",92704
"17739",30,66670,6030282,4,2012,111,82.5,"Jefferson Elementary",92704
"17740",30,66670,6030282,5,2012,31,39.6666666666667,"Jefferson Elementary",92704
"17741",30,66670,6030282,6,2012,31,33.5,"Jefferson Elementary",92704
"17742",30,66670,6030316,2,2012,31,52,"Lowell Elementary",92703
"17743",30,66670,6030316,3,2012,31,41.7964601769912,"Lowell Elementary",92703
"17744",30,66670,6030316,4,2012,31,58.5402298850575,"Lowell Elementary",92703
"17745",30,66670,6030316,5,2012,31,48.0296127562642,"Lowell Elementary",92703
"17746",30,66670,6030324,2,2012,31,69.5,"Madison Elementary",92707
"17747",30,66670,6030324,3,2012,31,58.7647058823529,"Madison Elementary",92707
"17748",30,66670,6030324,4,2012,31,69.7333333333333,"Madison Elementary",92707
"17749",30,66670,6030324,5,2012,31,58.3966101694915,"Madison Elementary",92707
"17750",30,66670,6030324,6,2012,31,61.4961832061069,"Madison Elementary",92707
"17751",30,66670,6030332,2,2012,31,55,"Martin Elementary",92707
"17752",30,66670,6030332,3,2012,31,49.5,"Martin Elementary",92707
"17753",30,66670,6030332,4,2012,31,63.099173553719,"Martin Elementary",92707
"17754",30,66670,6030332,5,2012,31,68.4149253731343,"Martin Elementary",92707
"17755",30,66670,6030357,2,2012,31,65,"Monroe Elementary",92707
"17756",30,66670,6030357,3,2012,31,48.1565217391304,"Monroe Elementary",92707
"17757",30,66670,6030357,4,2012,31,70.078125,"Monroe Elementary",92707
"17758",30,66670,6030357,5,2012,31,71.1428571428571,"Monroe Elementary",92707
"17759",30,66670,6030365,2,2012,31,43.5,"Monte Vista Elementary",92704
"17760",30,66670,6030365,3,2012,31,42.7037037037037,"Monte Vista Elementary",92704
"17761",30,66670,6030365,4,2012,31,61.0584795321637,"Monte Vista Elementary",92704
"17762",30,66670,6030365,5,2012,31,59.7491638795987,"Monte Vista Elementary",92704
"17763",30,66670,6030407,2,2012,31,57,"Santiago Elementary",92706
"17764",30,66670,6030407,2,2012,111,82,"Santiago Elementary",92706
"17765",30,66670,6030407,3,2012,31,57.8666666666667,"Santiago Elementary",92706
"17766",30,66670,6030407,3,2012,111,69.578313253012,"Santiago Elementary",92706
"17767",30,66670,6030407,4,2012,31,66,"Santiago Elementary",92706
"17768",30,66670,6030407,4,2012,111,86.5,"Santiago Elementary",92706
"17769",30,66670,6030407,5,2012,31,52.6996904024768,"Santiago Elementary",92706
"17770",30,66670,6030407,5,2012,111,71,"Santiago Elementary",92706
"17771",30,66670,6030407,6,2012,31,56.5,"Santiago Elementary",92706
"17772",30,66670,6030407,6,2012,111,68.983606557377,"Santiago Elementary",92706
"17773",30,66670,6030407,7,2012,31,73,"Santiago Elementary",92706
"17774",30,66670,6030407,7,2012,111,50,"Santiago Elementary",92706
"17775",30,66670,6030431,2,2012,31,51,"Washington Elementary",92707
"17776",30,66670,6030431,3,2012,31,42.0459016393443,"Washington Elementary",92707
"17777",30,66670,6030431,4,2012,31,73.0479452054795,"Washington Elementary",92707
"17778",30,66670,6030431,5,2012,31,53.3715710723192,"Washington Elementary",92707
"17779",30,66670,6030449,2,2012,31,45,"Wilson Elementary",92706
"17780",30,66670,6030449,3,2012,31,45.23,"Wilson Elementary",92706
"17781",30,66670,6030449,4,2012,31,56.6182795698925,"Wilson Elementary",92706
"17782",30,66670,6030449,5,2012,31,51.0541516245487,"Wilson Elementary",92706
"17783",30,66670,6061758,6,2012,31,31.8781431334623,"Willard Intermediate",92706
"17784",30,66670,6061758,7,2012,31,30.8345864661654,"Willard Intermediate",92706
"17785",30,66670,6061758,8,2012,31,25.0075757575758,"Willard Intermediate",92706
"17786",30,66670,6071195,2,2012,31,51,"Taft Elementary",92707
"17787",30,66670,6071195,2,2012,111,72,"Taft Elementary",92707
"17788",30,66670,6071195,5,2012,31,45.6666666666667,"Taft Elementary",92707
"17789",30,66670,6071195,5,2012,111,74,"Taft Elementary",92707
"17790",30,66670,6095152,2,2012,31,56,"Franklin Elementary",92701
"17791",30,66670,6095152,3,2012,31,45,"Franklin Elementary",92701
"17792",30,66670,6095152,4,2012,31,80,"Franklin Elementary",92701
"17793",30,66670,6095152,5,2012,31,59.8279069767442,"Franklin Elementary",92701
"17794",30,66670,6108484,2,2012,31,43.5,"Garfield Elementary",92701
"17795",30,66670,6108484,3,2012,31,43.5,"Garfield Elementary",92701
"17796",30,66670,6108484,4,2012,31,51.195652173913,"Garfield Elementary",92701
"17797",30,66670,6108484,5,2012,31,40.953781512605,"Garfield Elementary",92701
"17798",30,66670,6109904,2,2012,31,50.5,"Pio Pico Elementary",92703
"17799",30,66670,6109904,3,2012,31,39,"Pio Pico Elementary",92703
"17800",30,66670,6109904,4,2012,31,58.1904761904762,"Pio Pico Elementary",92703
"17801",30,66670,6109904,5,2012,31,31.3333333333333,"Pio Pico Elementary",92703
"17802",30,66696,6030456,2,2012,31,51,"Cerritos Elementary",92804
"17803",30,66696,6030456,2,2012,111,69.5,"Cerritos Elementary",92804
"17804",30,66696,6030456,3,2012,31,45,"Cerritos Elementary",92804
"17805",30,66696,6030456,3,2012,111,78,"Cerritos Elementary",92804
"17806",30,66696,6030456,4,2012,31,82.089552238806,"Cerritos Elementary",92804
"17807",30,66696,6030456,4,2012,111,89,"Cerritos Elementary",92804
"17808",30,66696,6030456,5,2012,31,59.1747572815534,"Cerritos Elementary",92804
"17809",30,66696,6030456,5,2012,111,63.3333333333333,"Cerritos Elementary",92804
"17810",30,66696,6030456,6,2012,31,50,"Cerritos Elementary",92804
"17811",30,66696,6030456,6,2012,111,68.0701754385965,"Cerritos Elementary",92804
"17812",30,66696,6030464,2,2012,31,56.5,"Hansen Elementary",92804
"17813",30,66696,6030464,2,2012,111,78.5,"Hansen Elementary",92804
"17814",30,66696,6030464,3,2012,31,45.8888888888889,"Hansen Elementary",92804
"17815",30,66696,6030464,3,2012,111,50,"Hansen Elementary",92804
"17816",30,66696,6030464,4,2012,31,65.0382165605096,"Hansen Elementary",92804
"17817",30,66696,6030464,4,2012,111,61.5,"Hansen Elementary",92804
"17818",30,66696,6030464,5,2012,31,62.7101449275362,"Hansen Elementary",92804
"17819",30,66696,6030464,5,2012,111,78.2142857142857,"Hansen Elementary",92804
"17820",30,66696,6030464,6,2012,31,63,"Hansen Elementary",92804
"17821",30,66696,6030464,6,2012,111,64,"Hansen Elementary",92804
"17822",30,66696,6030472,2,2012,31,63.5,"Holder Elementary",90620
"17823",30,66696,6030472,2,2012,111,77,"Holder Elementary",90620
"17824",30,66696,6030472,3,2012,31,42.6,"Holder Elementary",90620
"17825",30,66696,6030472,3,2012,111,68.5,"Holder Elementary",90620
"17826",30,66696,6030472,4,2012,31,75,"Holder Elementary",90620
"17827",30,66696,6030472,4,2012,111,86,"Holder Elementary",90620
"17828",30,66696,6030472,5,2012,31,41.6261682242991,"Holder Elementary",90620
"17829",30,66696,6030472,5,2012,111,54.6666666666667,"Holder Elementary",90620
"17830",30,66696,6030472,6,2012,31,55.1428571428571,"Holder Elementary",90620
"17831",30,66696,6030472,6,2012,111,87,"Holder Elementary",90620
"17832",30,66696,6030506,2,2012,31,38.5,"Twila Reid Elementary",92804
"17833",30,66696,6030506,2,2012,111,52.5,"Twila Reid Elementary",92804
"17834",30,66696,6030506,3,2012,31,47.5957446808511,"Twila Reid Elementary",92804
"17835",30,66696,6030506,3,2012,111,89.5,"Twila Reid Elementary",92804
"17836",30,66696,6030506,4,2012,31,62,"Twila Reid Elementary",92804
"17837",30,66696,6030506,4,2012,111,69.5,"Twila Reid Elementary",92804
"17838",30,66696,6030506,5,2012,31,51.6927374301676,"Twila Reid Elementary",92804
"17839",30,66696,6030506,5,2012,111,76.6181818181818,"Twila Reid Elementary",92804
"17840",30,66696,6030506,6,2012,31,67.0379746835443,"Twila Reid Elementary",92804
"17841",30,66696,6030506,6,2012,111,77.1714285714286,"Twila Reid Elementary",92804
"17842",30,66746,119925,2,2012,31,63.5,"Ada Clegg Elementary",92647
"17843",30,66746,119925,2,2012,111,91.5,"Ada Clegg Elementary",92647
"17844",30,66746,119925,3,2012,31,55.6712328767123,"Ada Clegg Elementary",92647
"17845",30,66746,119925,3,2012,111,79.5,"Ada Clegg Elementary",92647
"17846",30,66746,119925,4,2012,31,81.5131578947368,"Ada Clegg Elementary",92647
"17847",30,66746,119925,4,2012,111,86,"Ada Clegg Elementary",92647
"17848",30,66746,119925,5,2012,31,60.6861313868613,"Ada Clegg Elementary",92647
"17849",30,66746,119925,5,2012,111,87.6666666666667,"Ada Clegg Elementary",92647
"17850",30,66746,6030712,6,2012,31,46.9907407407407,"Helen Stacey Middle",92647
"17851",30,66746,6030712,6,2012,111,72.5,"Helen Stacey Middle",92647
"17852",30,66746,6030712,7,2012,31,54.6261682242991,"Helen Stacey Middle",92647
"17853",30,66746,6030712,7,2012,111,79.2125984251968,"Helen Stacey Middle",92647
"17854",30,66746,6030712,8,2012,31,56.2102272727273,"Helen Stacey Middle",92647
"17855",30,66746,6030712,8,2012,111,73.5606060606061,"Helen Stacey Middle",92647
"17856",30,66746,6030720,2,2012,31,68.5,"Schroeder Elementary",92647
"17857",30,66746,6030720,2,2012,111,76.5,"Schroeder Elementary",92647
"17858",30,66746,6030720,3,2012,31,69,"Schroeder Elementary",92647
"17859",30,66746,6030720,3,2012,111,89.5,"Schroeder Elementary",92647
"17860",30,66746,6030720,4,2012,31,85,"Schroeder Elementary",92647
"17861",30,66746,6030720,4,2012,111,87.5,"Schroeder Elementary",92647
"17862",30,66746,6030720,5,2012,31,90.6666666666667,"Schroeder Elementary",92647
"17863",30,66746,6030720,5,2012,111,89.6666666666667,"Schroeder Elementary",92647
"17864",30,66746,6030720,6,2012,31,65,"Schroeder Elementary",92647
"17865",30,66746,6030720,6,2012,111,95.4691358024691,"Schroeder Elementary",92647
"17866",30,66746,6030738,2,2012,31,52.5,"Demille Elementary",92655
"17867",30,66746,6030738,3,2012,31,35,"Demille Elementary",92655
"17868",30,66746,6030738,4,2012,31,72.5,"Demille Elementary",92655
"17869",30,66746,6030738,4,2012,111,80.5,"Demille Elementary",92655
"17870",30,66746,6030738,5,2012,31,47.3333333333333,"Demille Elementary",92655
"17871",30,66746,6030738,6,2012,31,45,"Demille Elementary",92655
"17872",30,66746,6030738,6,2012,111,78.5,"Demille Elementary",92655
"17873",30,66746,6030753,2,2012,31,57,"Finley Elementary",92683
"17874",30,66746,6030753,3,2012,31,52.5,"Finley Elementary",92683
"17875",30,66746,6030753,4,2012,31,53.5,"Finley Elementary",92683
"17876",30,66746,6030753,5,2012,31,63.0397350993377,"Finley Elementary",92683
"17877",30,66746,6030761,2,2012,31,62.5,"Eastwood Elementary",92683
"17878",30,66746,6030761,2,2012,111,83,"Eastwood Elementary",92683
"17879",30,66746,6030761,3,2012,31,80.5,"Eastwood Elementary",92683
"17880",30,66746,6030761,3,2012,111,90.5,"Eastwood Elementary",92683
"17881",30,66746,6030761,4,2012,31,84.1555555555556,"Eastwood Elementary",92683
"17882",30,66746,6030761,4,2012,111,96,"Eastwood Elementary",92683
"17883",30,66746,6030761,5,2012,31,87,"Eastwood Elementary",92683
"17884",30,66746,6030761,5,2012,111,95,"Eastwood Elementary",92683
"17885",30,66746,6030761,6,2012,31,64,"Eastwood Elementary",92683
"17886",30,66746,6030761,6,2012,111,80,"Eastwood Elementary",92683
"17887",30,66746,6030787,2,2012,31,61.5,"Fryberger Elementary",92683
"17888",30,66746,6030787,2,2012,111,88,"Fryberger Elementary",92683
"17889",30,66746,6030787,3,2012,31,58,"Fryberger Elementary",92683
"17890",30,66746,6030787,3,2012,111,78.5,"Fryberger Elementary",92683
"17891",30,66746,6030787,4,2012,31,65,"Fryberger Elementary",92683
"17892",30,66746,6030787,4,2012,111,81,"Fryberger Elementary",92683
"17893",30,66746,6030787,5,2012,31,58.6666666666667,"Fryberger Elementary",92683
"17894",30,66746,6030787,5,2012,111,72.3333333333333,"Fryberger Elementary",92683
"17895",30,66746,6030795,2,2012,31,48.5,"Anderson Elementary",92844
"17896",30,66746,6030795,2,2012,111,75,"Anderson Elementary",92844
"17897",30,66746,6030795,3,2012,31,52.5,"Anderson Elementary",92844
"17898",30,66746,6030795,3,2012,111,78,"Anderson Elementary",92844
"17899",30,66746,6030795,4,2012,31,63,"Anderson Elementary",92844
"17900",30,66746,6030795,4,2012,111,77.5,"Anderson Elementary",92844
"17901",30,66746,6030795,5,2012,31,63.0188087774295,"Anderson Elementary",92844
"17902",30,66746,6030795,5,2012,111,74.3333333333333,"Anderson Elementary",92844
"17903",30,66746,6030795,6,2012,31,57,"Anderson Elementary",92844
"17904",30,66746,6030811,2,2012,31,64,"Meairs Elementary",92844
"17905",30,66746,6030811,2,2012,111,78,"Meairs Elementary",92844
"17906",30,66746,6030811,3,2012,31,51.5,"Meairs Elementary",92844
"17907",30,66746,6030811,3,2012,111,91,"Meairs Elementary",92844
"17908",30,66746,6030811,4,2012,31,62.5,"Meairs Elementary",92844
"17909",30,66746,6030811,4,2012,111,92.5,"Meairs Elementary",92844
"17910",30,66746,6030811,5,2012,31,57,"Meairs Elementary",92844
"17911",30,66746,6030811,5,2012,111,74.3333333333333,"Meairs Elementary",92844
"17912",30,66746,6030837,2,2012,31,62.5,"Webber Elementary",92683
"17913",30,66746,6030837,3,2012,31,53,"Webber Elementary",92683
"17914",30,66746,6030837,4,2012,31,60,"Webber Elementary",92683
"17915",30,66746,6030837,5,2012,31,46,"Webber Elementary",92683
"17916",30,66746,6030837,6,2012,31,56.4488188976378,"Webber Elementary",92683
"17917",30,66746,6030852,2,2012,31,31.5,"Willmore Elementary",92683
"17918",30,66746,6030852,3,2012,31,45.5,"Willmore Elementary",92683
"17919",30,66746,6030852,4,2012,31,43,"Willmore Elementary",92683
"17920",30,66746,6030852,5,2012,31,49.2093023255814,"Willmore Elementary",92683
"17921",30,66746,6030860,2,2012,31,64.5,"Schmitt Elementary",92683
"17922",30,66746,6030860,2,2012,111,72.5,"Schmitt Elementary",92683
"17923",30,66746,6030860,3,2012,31,66.288,"Schmitt Elementary",92683
"17924",30,66746,6030860,4,2012,31,63.0666666666667,"Schmitt Elementary",92683
"17925",30,66746,6030860,5,2012,31,66.3261802575107,"Schmitt Elementary",92683
"17926",30,66746,6030878,6,2012,31,50.9884726224784,"Johnson Middle",92683
"17927",30,66746,6030878,6,2012,111,71.463768115942,"Johnson Middle",92683
"17928",30,66746,6030878,7,2012,31,59.0860534124629,"Johnson Middle",92683
"17929",30,66746,6030878,7,2012,111,69.6901408450704,"Johnson Middle",92683
"17930",30,66746,6030878,8,2012,31,48.6216216216216,"Johnson Middle",92683
"17931",30,66746,6030878,8,2012,111,68.2252747252747,"Johnson Middle",92683
"17932",30,66746,6030886,2,2012,31,70.5,"Sequoia Elementary",92683
"17933",30,66746,6030886,2,2012,111,82,"Sequoia Elementary",92683
"17934",30,66746,6030886,3,2012,31,55.5573770491803,"Sequoia Elementary",92683
"17935",30,66746,6030886,3,2012,111,81.5,"Sequoia Elementary",92683
"17936",30,66746,6030886,4,2012,31,56,"Sequoia Elementary",92683
"17937",30,66746,6030886,4,2012,111,85,"Sequoia Elementary",92683
"17938",30,66746,6030886,5,2012,31,70.6885245901639,"Sequoia Elementary",92683
"17939",30,66746,6030886,5,2012,111,86.3510638297872,"Sequoia Elementary",92683
"17940",30,66746,6030886,6,2012,31,55,"Sequoia Elementary",92683
"17941",30,66746,6030886,6,2012,111,81,"Sequoia Elementary",92683
"17942",30,66746,6030928,6,2012,31,63.4962406015038,"Warner Middle",92683
"17943",30,66746,6030928,6,2012,111,90.5,"Warner Middle",92683
"17944",30,66746,6030928,7,2012,31,71.2095400340716,"Warner Middle",92683
"17945",30,66746,6030928,7,2012,111,84.15,"Warner Middle",92683
"17946",30,66746,6030928,8,2012,31,59.9098786828423,"Warner Middle",92683
"17947",30,66746,6030928,8,2012,111,85.4697674418605,"Warner Middle",92683
"17948",30,73635,3030061,9,2012,31,40.689378757515,"El Toro High",92630
"17949",30,73635,3030061,9,2012,111,77.9230769230769,"El Toro High",92630
"17950",30,73635,3030061,10,2012,31,44.7984790874525,"El Toro High",92630
"17951",30,73635,3030061,10,2012,111,68.6735422451408,"El Toro High",92630
"17952",30,73635,3030061,11,2012,31,38.0251141552511,"El Toro High",92630
"17953",30,73635,3030061,11,2012,111,59.4133126934985,"El Toro High",92630
"17954",30,73635,3030244,9,2012,31,54.0340314136126,"Laguna Hills High",92653
"17955",30,73635,3030244,9,2012,111,80.1038812785388,"Laguna Hills High",92653
"17956",30,73635,3030244,10,2012,31,49.0075471698113,"Laguna Hills High",92653
"17957",30,73635,3030244,10,2012,111,75.8800548320768,"Laguna Hills High",92653
"17958",30,73635,3030244,11,2012,31,39.9872611464968,"Laguna Hills High",92653
"17959",30,73635,3030244,11,2012,111,69.2161084529506,"Laguna Hills High",92653
"17960",30,73635,3030392,9,2012,31,55.3125,"Trabuco Hills High",92691
"17961",30,73635,3030392,9,2012,111,75.6833802816901,"Trabuco Hills High",92691
"17962",30,73635,3030392,10,2012,31,45.0060120240481,"Trabuco Hills High",92691
"17963",30,73635,3030392,10,2012,111,70.0069887572166,"Trabuco Hills High",92691
"17964",30,73635,3030392,11,2012,31,52.6666666666667,"Trabuco Hills High",92691
"17965",30,73635,3030392,11,2012,111,67.9620007754944,"Trabuco Hills High",92691
"17966",30,73635,3034956,9,2012,31,44.002557544757,"Mission Viejo High",92691
"17967",30,73635,3034956,9,2012,111,75.8494318181818,"Mission Viejo High",92691
"17968",30,73635,3034956,10,2012,31,52.3248259860789,"Mission Viejo High",92691
"17969",30,73635,3034956,10,2012,111,72.8928571428571,"Mission Viejo High",92691
"17970",30,73635,3034956,11,2012,31,41.075,"Mission Viejo High",92691
"17971",30,73635,3034956,11,2012,111,64.5586277521761,"Mission Viejo High",92691
"17972",30,73635,6030142,7,2012,31,58.5084745762712,"La Paz Intermediate",92691
"17973",30,73635,6030142,7,2012,111,89.3433029908973,"La Paz Intermediate",92691
"17974",30,73635,6030142,8,2012,31,58.0666666666667,"La Paz Intermediate",92691
"17975",30,73635,6030142,8,2012,111,81.9456869009585,"La Paz Intermediate",92691
"17976",30,73635,6030175,2,2012,31,43,"Olivewood Elementary",92630
"17977",30,73635,6030175,2,2012,111,68.2857142857143,"Olivewood Elementary",92630
"17978",30,73635,6030175,3,2012,31,31.5,"Olivewood Elementary",92630
"17979",30,73635,6030175,3,2012,111,59,"Olivewood Elementary",92630
"17980",30,73635,6030175,5,2012,31,43,"Olivewood Elementary",92630
"17981",30,73635,6030175,6,2012,31,63.8974358974359,"Olivewood Elementary",92630
"17982",30,73635,6030175,6,2012,111,89.6551724137931,"Olivewood Elementary",92630
"17983",30,73635,6030530,4,2012,111,100,"Trabuco Elementary",92678
"17984",30,73635,6066872,2,2012,31,39,"Valencia Elementary",92653
"17985",30,73635,6066872,2,2012,111,82.5,"Valencia Elementary",92653
"17986",30,73635,6066872,3,2012,31,59.5,"Valencia Elementary",92653
"17987",30,73635,6066872,3,2012,111,85,"Valencia Elementary",92653
"17988",30,73635,6066872,4,2012,31,76.7906976744186,"Valencia Elementary",92653
"17989",30,73635,6066872,4,2012,111,92,"Valencia Elementary",92653
"17990",30,73635,6066872,5,2012,111,84.703007518797,"Valencia Elementary",92653
"17991",30,73635,6066872,6,2012,31,50,"Valencia Elementary",92653
"17992",30,73635,6066872,6,2012,111,87.4710743801653,"Valencia Elementary",92653
"17993",30,73635,6068639,2,2012,31,68,"Cordillera Elementary",92691
"17994",30,73635,6068639,2,2012,111,78,"Cordillera Elementary",92691
"17995",30,73635,6068639,3,2012,31,33.8085106382979,"Cordillera Elementary",92691
"17996",30,73635,6068639,3,2012,111,73.4285714285714,"Cordillera Elementary",92691
"17997",30,73635,6068639,4,2012,31,57.672131147541,"Cordillera Elementary",92691
"17998",30,73635,6068639,4,2012,111,87.049504950495,"Cordillera Elementary",92691
"17999",30,73635,6068639,5,2012,31,55.2307692307692,"Cordillera Elementary",92691
"18000",30,73635,6068639,5,2012,111,74.2980132450331,"Cordillera Elementary",92691
"18001",30,73635,6068639,6,2012,31,65.3061224489796,"Cordillera Elementary",92691
"18002",30,73635,6068639,6,2012,111,82.9863945578231,"Cordillera Elementary",92691
"18003",30,73635,6071153,2,2012,31,31.5,"Del Cerro Elementary",92691
"18004",30,73635,6071153,2,2012,111,83.5,"Del Cerro Elementary",92691
"18005",30,73635,6071153,3,2012,31,44,"Del Cerro Elementary",92691
"18006",30,73635,6071153,3,2012,111,79,"Del Cerro Elementary",92691
"18007",30,73635,6071153,4,2012,31,52,"Del Cerro Elementary",92691
"18008",30,73635,6071153,4,2012,111,81,"Del Cerro Elementary",92691
"18009",30,73635,6071153,5,2012,31,60,"Del Cerro Elementary",92691
"18010",30,73635,6071153,5,2012,111,86,"Del Cerro Elementary",92691
"18011",30,73635,6071153,6,2012,31,73.5,"Del Cerro Elementary",92691
"18012",30,73635,6071153,6,2012,111,83,"Del Cerro Elementary",92691
"18013",30,73635,6071161,7,2012,31,57.078125,"Los Alisos Intermediate",92691
"18014",30,73635,6071161,7,2012,111,78.9225806451613,"Los Alisos Intermediate",92691
"18015",30,73635,6071161,8,2012,31,60.3344051446945,"Los Alisos Intermediate",92691
"18016",30,73635,6071161,8,2012,111,81.8674203494347,"Los Alisos Intermediate",92691
"18017",30,73635,6085336,2,2012,111,91.5,"De Portola Elementary",92691
"18018",30,73635,6085336,3,2012,111,67.5,"De Portola Elementary",92691
"18019",30,73635,6085336,4,2012,111,84.5,"De Portola Elementary",92691
"18020",30,73635,6085336,5,2012,111,82,"De Portola Elementary",92691
"18021",30,73635,6085336,6,2012,31,73,"De Portola Elementary",92691
"18022",30,73635,6085336,6,2012,111,86.5026737967914,"De Portola Elementary",92691
"18023",30,73635,6089494,2,2012,31,54,"Montevideo Elementary",92691
"18024",30,73635,6089494,2,2012,111,68,"Montevideo Elementary",92691
"18025",30,73635,6089494,3,2012,31,50,"Montevideo Elementary",92691
"18026",30,73635,6089494,3,2012,111,78,"Montevideo Elementary",92691
"18027",30,73635,6089494,4,2012,111,78.475,"Montevideo Elementary",92691
"18028",30,73635,6089494,5,2012,31,45.3333333333333,"Montevideo Elementary",92691
"18029",30,73635,6089494,5,2012,111,81.6666666666667,"Montevideo Elementary",92691
"18030",30,73635,6089494,6,2012,111,77.5,"Montevideo Elementary",92691
"18031",30,73635,6089502,2,2012,31,65,"Glen Yermo Elementary",92691
"18032",30,73635,6089502,2,2012,111,72,"Glen Yermo Elementary",92691
"18033",30,73635,6089502,3,2012,31,30.5,"Glen Yermo Elementary",92691
"18034",30,73635,6089502,3,2012,111,78.0731707317073,"Glen Yermo Elementary",92691
"18035",30,73635,6089502,4,2012,31,69.5,"Glen Yermo Elementary",92691
"18036",30,73635,6089502,4,2012,111,82.5217391304348,"Glen Yermo Elementary",92691
"18037",30,73635,6089502,5,2012,31,24.6666666666667,"Glen Yermo Elementary",92691
"18038",30,73635,6089502,5,2012,111,48,"Glen Yermo Elementary",92691
"18039",30,73635,6089502,6,2012,31,31,"Glen Yermo Elementary",92691
"18040",30,73635,6089502,6,2012,111,59.5,"Glen Yermo Elementary",92691
"18041",30,73635,6094668,2,2012,31,82,"Lomarena Elementary",92653
"18042",30,73635,6094668,2,2012,111,96.5,"Lomarena Elementary",92653
"18043",30,73635,6094668,3,2012,31,52,"Lomarena Elementary",92653
"18044",30,73635,6094668,3,2012,111,83.3882352941176,"Lomarena Elementary",92653
"18045",30,73635,6094668,4,2012,31,64.030303030303,"Lomarena Elementary",92653
"18046",30,73635,6094668,4,2012,111,89,"Lomarena Elementary",92653
"18047",30,73635,6094668,5,2012,31,48.4714285714286,"Lomarena Elementary",92653
"18048",30,73635,6094668,5,2012,111,84.7521367521367,"Lomarena Elementary",92653
"18049",30,73635,6094668,6,2012,31,76.5,"Lomarena Elementary",92653
"18050",30,73635,6094668,6,2012,111,89.5402298850575,"Lomarena Elementary",92653
"18051",30,73635,6094676,2,2012,31,31,"San Joaquin Elementary",92653
"18052",30,73635,6094676,2,2012,111,44,"San Joaquin Elementary",92653
"18053",30,73635,6094676,3,2012,31,18.1948051948052,"San Joaquin Elementary",92653
"18054",30,73635,6094676,3,2012,111,37.8823529411765,"San Joaquin Elementary",92653
"18055",30,73635,6094676,4,2012,31,73,"San Joaquin Elementary",92653
"18056",30,73635,6094676,4,2012,111,87.5106382978723,"San Joaquin Elementary",92653
"18057",30,73635,6094676,5,2012,31,58.3333333333333,"San Joaquin Elementary",92653
"18058",30,73635,6094676,5,2012,111,67,"San Joaquin Elementary",92653
"18059",30,73635,6094676,6,2012,31,41.5,"San Joaquin Elementary",92653
"18060",30,73635,6094676,6,2012,111,75,"San Joaquin Elementary",92653
"18061",30,73635,6095145,7,2012,31,54.0985074626866,"Serrano Intermediate",92630
"18062",30,73635,6095145,7,2012,111,86.0184119677791,"Serrano Intermediate",92630
"18063",30,73635,6095145,8,2012,31,52.3101983002833,"Serrano Intermediate",92630
"18064",30,73635,6095145,8,2012,111,80.2053115423902,"Serrano Intermediate",92630
"18065",30,73635,6096044,2,2012,31,47.5,"Rancho Canada Elementary",92630
"18066",30,73635,6096044,2,2012,111,85,"Rancho Canada Elementary",92630
"18067",30,73635,6096044,3,2012,31,53.28125,"Rancho Canada Elementary",92630
"18068",30,73635,6096044,3,2012,111,81.5343511450382,"Rancho Canada Elementary",92630
"18069",30,73635,6096044,4,2012,31,58.7692307692308,"Rancho Canada Elementary",92630
"18070",30,73635,6096044,4,2012,111,83.9872611464968,"Rancho Canada Elementary",92630
"18071",30,73635,6096044,5,2012,31,64.6666666666667,"Rancho Canada Elementary",92630
"18072",30,73635,6096044,5,2012,111,87.6590909090909,"Rancho Canada Elementary",92630
"18073",30,73635,6096044,6,2012,31,67.2926829268293,"Rancho Canada Elementary",92630
"18074",30,73635,6096044,6,2012,111,83.5141242937853,"Rancho Canada Elementary",92630
"18075",30,73635,6097372,2,2012,31,59,"La Madera Elementary",92630
"18076",30,73635,6097372,2,2012,111,87,"La Madera Elementary",92630
"18077",30,73635,6097372,3,2012,31,60.8085106382979,"La Madera Elementary",92630
"18078",30,73635,6097372,3,2012,111,89.037037037037,"La Madera Elementary",92630
"18079",30,73635,6097372,4,2012,31,67.8387096774194,"La Madera Elementary",92630
"18080",30,73635,6097372,4,2012,111,83.0122699386503,"La Madera Elementary",92630
"18081",30,73635,6097372,5,2012,31,71.6666666666667,"La Madera Elementary",92630
"18082",30,73635,6097372,5,2012,111,93,"La Madera Elementary",92630
"18083",30,73635,6097372,6,2012,31,56,"La Madera Elementary",92630
"18084",30,73635,6097372,6,2012,111,92.5,"La Madera Elementary",92630
"18085",30,73635,6101059,2,2012,31,34.5,"Del Lago Elementary",92691
"18086",30,73635,6101059,2,2012,111,63.5,"Del Lago Elementary",92691
"18087",30,73635,6101059,3,2012,31,60.8780487804878,"Del Lago Elementary",92691
"18088",30,73635,6101059,3,2012,111,75.0206896551724,"Del Lago Elementary",92691
"18089",30,73635,6101059,4,2012,31,84,"Del Lago Elementary",92691
"18090",30,73635,6101059,4,2012,111,88.992125984252,"Del Lago Elementary",92691
"18091",30,73635,6101059,5,2012,31,47.6666666666667,"Del Lago Elementary",92691
"18092",30,73635,6101059,5,2012,111,83.9375,"Del Lago Elementary",92691
"18093",30,73635,6101059,6,2012,31,63.0232558139535,"Del Lago Elementary",92691
"18094",30,73635,6101059,6,2012,111,83,"Del Lago Elementary",92691
"18095",30,73635,6106926,2,2012,31,58.5,"Trabuco Mesa Elementary",92688
"18096",30,73635,6106926,2,2012,111,90,"Trabuco Mesa Elementary",92688
"18097",30,73635,6106926,3,2012,31,55,"Trabuco Mesa Elementary",92688
"18098",30,73635,6106926,3,2012,111,76,"Trabuco Mesa Elementary",92688
"18099",30,73635,6106926,4,2012,31,69,"Trabuco Mesa Elementary",92688
"18100",30,73635,6106926,4,2012,111,92.4919786096257,"Trabuco Mesa Elementary",92688
"18101",30,73635,6106926,5,2012,31,72.45,"Trabuco Mesa Elementary",92688
"18102",30,73635,6106926,5,2012,111,87,"Trabuco Mesa Elementary",92688
"18103",30,73635,6106926,6,2012,31,73.5,"Trabuco Mesa Elementary",92688
"18104",30,73635,6106926,6,2012,111,77,"Trabuco Mesa Elementary",92688
"18105",30,73635,6109540,2,2012,31,41,"Cielo Vista Elementary",92688
"18106",30,73635,6109540,2,2012,111,82.5,"Cielo Vista Elementary",92688
"18107",30,73635,6109540,3,2012,31,48.858407079646,"Cielo Vista Elementary",92688
"18108",30,73635,6109540,3,2012,111,73.9349593495935,"Cielo Vista Elementary",92688
"18109",30,73635,6109540,4,2012,31,58.4936708860759,"Cielo Vista Elementary",92688
"18110",30,73635,6109540,4,2012,111,86,"Cielo Vista Elementary",92688
"18111",30,73635,6109540,5,2012,31,44,"Cielo Vista Elementary",92688
"18112",30,73635,6109540,5,2012,111,85.5915492957746,"Cielo Vista Elementary",92688
"18113",30,73635,6109540,6,2012,31,54,"Cielo Vista Elementary",92688
"18114",30,73635,6109540,6,2012,111,79.6103896103896,"Cielo Vista Elementary",92688
"18115",30,73635,6110845,2,2012,31,43.5,"Lake Forest Elementary",92630
"18116",30,73635,6110845,2,2012,111,73,"Lake Forest Elementary",92630
"18117",30,73635,6110845,3,2012,31,39.1395348837209,"Lake Forest Elementary",92630
"18118",30,73635,6110845,3,2012,111,82.9668508287293,"Lake Forest Elementary",92630
"18119",30,73635,6110845,4,2012,31,68.5,"Lake Forest Elementary",92630
"18120",30,73635,6110845,4,2012,111,88.0110497237569,"Lake Forest Elementary",92630
"18121",30,73635,6110845,5,2012,31,64.3557046979866,"Lake Forest Elementary",92630
"18122",30,73635,6110845,5,2012,111,81.3308270676692,"Lake Forest Elementary",92630
"18123",30,73635,6110845,6,2012,31,67,"Lake Forest Elementary",92630
"18124",30,73635,6110845,6,2012,111,71.5136612021858,"Lake Forest Elementary",92630
"18125",30,73635,6110936,2,2012,31,77.5,"Portola Hills Elementary",92679
"18126",30,73635,6110936,2,2012,111,94,"Portola Hills Elementary",92679
"18127",30,73635,6110936,3,2012,111,86.5,"Portola Hills Elementary",92679
"18128",30,73635,6110936,4,2012,31,55,"Portola Hills Elementary",92679
"18129",30,73635,6110936,4,2012,111,88,"Portola Hills Elementary",92679
"18130",30,73635,6110936,5,2012,111,90.3466666666667,"Portola Hills Elementary",92679
"18131",30,73635,6110936,6,2012,111,86.5,"Portola Hills Elementary",92679
"18132",30,73635,6112452,2,2012,111,86.5,"Robinson Elementary",92679
"18133",30,73635,6112452,3,2012,111,81.0526315789474,"Robinson Elementary",92679
"18134",30,73635,6112452,4,2012,111,89,"Robinson Elementary",92679
"18135",30,73635,6112452,5,2012,111,89.7024539877301,"Robinson Elementary",92679
"18136",30,73635,6112452,6,2012,111,86,"Robinson Elementary",92679
"18137",30,73635,6112577,2,2012,31,40.5,"Foothill Ranch Elementary",92691
"18138",30,73635,6112577,2,2012,111,79,"Foothill Ranch Elementary",92691
"18139",30,73635,6112577,3,2012,31,44,"Foothill Ranch Elementary",92691
"18140",30,73635,6112577,3,2012,111,78.9739413680782,"Foothill Ranch Elementary",92691
"18141",30,73635,6112577,4,2012,111,94,"Foothill Ranch Elementary",92691
"18142",30,73635,6112577,5,2012,31,78.0810810810811,"Foothill Ranch Elementary",92691
"18143",30,73635,6112577,5,2012,111,90.3193116634799,"Foothill Ranch Elementary",92691
"18144",30,73635,6112577,6,2012,31,36,"Foothill Ranch Elementary",92691
"18145",30,73635,6112577,6,2012,111,75.0650154798762,"Foothill Ranch Elementary",92691
"18146",30,73635,6114888,2,2012,31,65.5,"Melinda Heights Elementary",92688
"18147",30,73635,6114888,2,2012,111,81.5,"Melinda Heights Elementary",92688
"18148",30,73635,6114888,3,2012,31,65.5,"Melinda Heights Elementary",92688
"18149",30,73635,6114888,3,2012,111,94,"Melinda Heights Elementary",92688
"18150",30,73635,6114888,4,2012,31,89.5,"Melinda Heights Elementary",92688
"18151",30,73635,6114888,4,2012,111,92.9969604863222,"Melinda Heights Elementary",92688
"18152",30,73635,6114888,5,2012,31,72,"Melinda Heights Elementary",92688
"18153",30,73635,6114888,5,2012,111,86.3541247484909,"Melinda Heights Elementary",92688
"18154",30,73635,6114888,6,2012,111,76,"Melinda Heights Elementary",92688
"18155",30,73643,121152,5,2012,31,85.9186046511628,"Orchard Hills",92602
"18156",30,73643,121152,5,2012,111,95.6644182124789,"Orchard Hills",92602
"18157",30,73643,121152,6,2012,31,62,"Orchard Hills",92602
"18158",30,73643,121152,6,2012,111,85.988603988604,"Orchard Hills",92602
"18159",30,73643,121152,7,2012,31,67,"Orchard Hills",92602
"18160",30,73643,121152,7,2012,111,90.0436681222707,"Orchard Hills",92602
"18161",30,73643,3037553,9,2012,31,47.1012658227848,"Tustin High",92780
"18162",30,73643,3037553,9,2012,111,67.3760399334443,"Tustin High",92780
"18163",30,73643,3037553,10,2012,31,37.0552041403105,"Tustin High",92780
"18164",30,73643,3037553,10,2012,111,67.172514619883,"Tustin High",92780
"18165",30,73643,3037553,11,2012,31,36.8601083032491,"Tustin High",92780
"18166",30,73643,3037553,11,2012,111,51.6495263870095,"Tustin High",92780
"18167",30,73643,6030589,6,2012,31,45.4987405541562,"Columbus Tustin Middle",92780
"18168",30,73643,6030589,6,2012,111,81,"Columbus Tustin Middle",92780
"18169",30,73643,6030589,7,2012,31,73.8571428571429,"Columbus Tustin Middle",92780
"18170",30,73643,6030589,7,2012,111,83.7514450867052,"Columbus Tustin Middle",92780
"18171",30,73643,6030589,8,2012,31,51.8173719376392,"Columbus Tustin Middle",92780
"18172",30,73643,6030589,8,2012,111,76.184126984127,"Columbus Tustin Middle",92780
"18173",30,73650,3030129,10,2012,31,9.85245901639344,"Creekside High",92606
"18174",30,73650,3030129,10,2012,111,21.8904109589041,"Creekside High",92606
"18175",30,73650,3030129,11,2012,31,10.3673469387755,"Creekside High",92606
"18176",30,73650,3030129,11,2012,111,18.9448818897638,"Creekside High",92606
"18177",30,73650,3030152,9,2012,31,52.1285140562249,"Irvine High",92604
"18178",30,73650,3030152,9,2012,111,83.8265107212476,"Irvine High",92604
"18179",30,73650,3030152,10,2012,31,52.7339743589744,"Irvine High",92604
"18180",30,73650,3030152,10,2012,111,75.1488027366021,"Irvine High",92604
"18181",30,73650,3030152,11,2012,31,48.0442176870748,"Irvine High",92604
"18182",30,73650,3030152,11,2012,111,67.8112676056338,"Irvine High",92604
"18183",30,73650,3030285,9,2012,31,56.6931407942238,"Woodbridge High",92604
"18184",30,73650,3030285,9,2012,111,80.1391941391941,"Woodbridge High",92604
"18185",30,73650,3030285,10,2012,31,54.9150326797386,"Woodbridge High",92604
"18186",30,73650,3030285,10,2012,111,76.7324894514768,"Woodbridge High",92604
"18187",30,73650,3030285,11,2012,31,38.954802259887,"Woodbridge High",92604
"18188",30,73650,3030285,11,2012,111,68.6818181818182,"Woodbridge High",92604
"18189",30,73650,3030657,9,2012,31,59.6231884057971,"Northwood High",92620
"18190",30,73650,3030657,9,2012,111,84.1481736733287,"Northwood High",92620
"18191",30,73650,3030657,10,2012,31,62.8285714285714,"Northwood High",92620
"18192",30,73650,3030657,10,2012,111,82.2027281279398,"Northwood High",92620
"18193",30,73650,3030657,11,2012,31,57.5,"Northwood High",92620
"18194",30,73650,3030657,11,2012,111,70.9538632573652,"Northwood High",92620
"18195",30,73650,3035102,9,2012,31,64.1361502347418,"University High",92612
"18196",30,73650,3035102,9,2012,111,82.0385497934833,"University High",92612
"18197",30,73650,3035102,10,2012,31,54.8740458015267,"University High",92612
"18198",30,73650,3035102,10,2012,111,80.6248751248751,"University High",92612
"18199",30,73650,3035102,11,2012,31,52.0176211453744,"University High",92612
"18200",30,73650,3035102,11,2012,111,76.1537473233405,"University High",92612
"18201",30,73650,6030191,2,2012,31,53,"University Park Elementary",92612
"18202",30,73650,6030191,2,2012,111,82.5,"University Park Elementary",92612
"18203",30,73650,6030191,3,2012,31,62.5,"University Park Elementary",92612
"18204",30,73650,6030191,3,2012,111,75.6315789473684,"University Park Elementary",92612
"18205",30,73650,6030191,4,2012,31,68.9111111111111,"University Park Elementary",92612
"18206",30,73650,6030191,4,2012,111,75.1621621621622,"University Park Elementary",92612
"18207",30,73650,6030191,5,2012,31,75.2857142857143,"University Park Elementary",92612
"18208",30,73650,6030191,5,2012,111,83,"University Park Elementary",92612
"18209",30,73650,6030191,6,2012,31,66,"University Park Elementary",92612
"18210",30,73650,6030191,6,2012,111,92,"University Park Elementary",92612
"18211",30,73650,6068647,2,2012,31,83.5,"Turtle Rock Elementary",92603
"18212",30,73650,6068647,2,2012,111,94.5,"Turtle Rock Elementary",92603
"18213",30,73650,6068647,3,2012,31,65,"Turtle Rock Elementary",92603
"18214",30,73650,6068647,3,2012,111,92,"Turtle Rock Elementary",92603
"18215",30,73650,6068647,4,2012,31,92,"Turtle Rock Elementary",92603
"18216",30,73650,6068647,4,2012,111,97,"Turtle Rock Elementary",92603
"18217",30,73650,6068647,5,2012,31,71.6666666666667,"Turtle Rock Elementary",92603
"18218",30,73650,6068647,5,2012,111,93.3333333333333,"Turtle Rock Elementary",92603
"18219",30,73650,6068647,6,2012,111,97.5,"Turtle Rock Elementary",92603
"18220",30,73650,6071179,7,2012,31,62.5058823529412,"Rancho San Joaquin Middle",92612
"18221",30,73650,6071179,7,2012,111,87.809906291834,"Rancho San Joaquin Middle",92612
"18222",30,73650,6071179,8,2012,31,64.174358974359,"Rancho San Joaquin Middle",92612
"18223",30,73650,6071179,8,2012,111,88.2637508283632,"Rancho San Joaquin Middle",92612
"18224",30,73650,6085344,2,2012,31,73,"Woodbury Elementary",92620
"18225",30,73650,6085344,2,2012,111,83.5,"Woodbury Elementary",92620
"18226",30,73650,6085344,3,2012,31,65.5,"Woodbury Elementary",92620
"18227",30,73650,6085344,3,2012,111,86,"Woodbury Elementary",92620
"18228",30,73650,6085344,4,2012,31,60,"Woodbury Elementary",92620
"18229",30,73650,6085344,4,2012,111,83.5,"Woodbury Elementary",92620
"18230",30,73650,6085344,5,2012,31,88,"Woodbury Elementary",92620
"18231",30,73650,6085344,5,2012,111,91,"Woodbury Elementary",92620
"18232",30,73650,6085344,6,2012,31,64,"Woodbury Elementary",92620
"18233",30,73650,6085344,6,2012,111,85,"Woodbury Elementary",92620
"18234",30,73650,6089429,2,2012,31,44,"Culverdale Elementary",92614
"18235",30,73650,6089429,2,2012,111,79.5,"Culverdale Elementary",92614
"18236",30,73650,6089429,3,2012,31,39,"Culverdale Elementary",92614
"18237",30,73650,6089429,3,2012,111,66.0656934306569,"Culverdale Elementary",92614
"18238",30,73650,6089429,4,2012,31,45.5,"Culverdale Elementary",92614
"18239",30,73650,6089429,4,2012,111,82.5,"Culverdale Elementary",92614
"18240",30,73650,6089429,5,2012,31,54.3333333333333,"Culverdale Elementary",92614
"18241",30,73650,6089429,5,2012,111,67.0058823529412,"Culverdale Elementary",92614
"18242",30,73650,6089429,6,2012,31,46,"Culverdale Elementary",92614
"18243",30,73650,6089429,6,2012,111,78.5,"Culverdale Elementary",92614
"18244",30,73650,6089437,2,2012,31,62,"College Park Elementary",92606
"18245",30,73650,6089437,2,2012,111,85,"College Park Elementary",92606
"18246",30,73650,6089437,3,2012,111,82.5167464114833,"College Park Elementary",92606
"18247",30,73650,6089437,4,2012,31,44,"College Park Elementary",92606
"18248",30,73650,6089437,4,2012,111,79.9816513761468,"College Park Elementary",92606
"18249",30,73650,6089437,5,2012,31,86.3488372093023,"College Park Elementary",92606
"18250",30,73650,6089437,5,2012,111,86.3172413793103,"College Park Elementary",92606
"18251",30,73650,6089437,6,2012,31,70,"College Park Elementary",92606
"18252",30,73650,6089437,6,2012,111,79.0111111111111,"College Park Elementary",92606
"18253",30,73650,6089445,2,2012,31,84.5,"Greentree Elementary",92604
"18254",30,73650,6089445,2,2012,111,83.5,"Greentree Elementary",92604
"18255",30,73650,6089445,3,2012,31,57.5,"Greentree Elementary",92604
"18256",30,73650,6089445,3,2012,111,78.0884955752212,"Greentree Elementary",92604
"18257",30,73650,6089445,4,2012,111,92.5,"Greentree Elementary",92604
"18258",30,73650,6089445,5,2012,31,75.68,"Greentree Elementary",92604
"18259",30,73650,6089445,5,2012,111,89.945945945946,"Greentree Elementary",92604
"18260",30,73650,6089445,6,2012,111,83.5,"Greentree Elementary",92604
"18261",30,73650,6094718,2,2012,111,99.5,"Vista Verde",92603
"18262",30,73650,6094718,3,2012,111,88.5,"Vista Verde",92603
"18263",30,73650,6094718,4,2012,111,94.5,"Vista Verde",92603
"18264",30,73650,6094718,5,2012,111,90.6666666666667,"Vista Verde",92603
"18265",30,73650,6094718,6,2012,111,86.5,"Vista Verde",92603
"18266",30,73650,6094718,7,2012,111,84.6011560693642,"Vista Verde",92603
"18267",30,73650,6094718,8,2012,111,89.7764705882353,"Vista Verde",92603
"18268",30,73650,6095137,7,2012,31,63.6103896103896,"Venado Middle",92604
"18269",30,73650,6095137,7,2012,111,90.0483558994197,"Venado Middle",92604
"18270",30,73650,6095137,8,2012,31,73.945945945946,"Venado Middle",92604
"18271",30,73650,6095137,8,2012,111,91.1122840690979,"Venado Middle",92604
"18272",30,73650,6096184,2,2012,31,52.5,"Deerfield Elementary",92604
"18273",30,73650,6096184,2,2012,111,81,"Deerfield Elementary",92604
"18274",30,73650,6096184,3,2012,31,63.5,"Deerfield Elementary",92604
"18275",30,73650,6096184,3,2012,111,92,"Deerfield Elementary",92604
"18276",30,73650,6096184,4,2012,31,57,"Deerfield Elementary",92604
"18277",30,73650,6096184,4,2012,111,91.5,"Deerfield Elementary",92604
"18278",30,73650,6096184,5,2012,31,46,"Deerfield Elementary",92604
"18279",30,73650,6096184,5,2012,111,95,"Deerfield Elementary",92604
"18280",30,73650,6096184,6,2012,31,78.5,"Deerfield Elementary",92604
"18281",30,73650,6096184,6,2012,111,93.5,"Deerfield Elementary",92604
"18282",30,73650,6096192,2,2012,31,50,"Stonegate Elementary",92620
"18283",30,73650,6096192,2,2012,111,87.5,"Stonegate Elementary",92620
"18284",30,73650,6096192,3,2012,111,86,"Stonegate Elementary",92620
"18285",30,73650,6096192,4,2012,31,91,"Stonegate Elementary",92620
"18286",30,73650,6096192,4,2012,111,93.5,"Stonegate Elementary",92620
"18287",30,73650,6096192,5,2012,111,92,"Stonegate Elementary",92620
"18288",30,73650,6096192,6,2012,111,94,"Stonegate Elementary",92620
"18289",30,73650,6096200,2,2012,111,95,"Stone Creek Elementary",92604
"18290",30,73650,6096200,3,2012,111,90.4701986754967,"Stone Creek Elementary",92604
"18291",30,73650,6096200,4,2012,111,100,"Stone Creek Elementary",92604
"18292",30,73650,6096200,5,2012,111,95.3348416289593,"Stone Creek Elementary",92604
"18293",30,73650,6096200,6,2012,111,92,"Stone Creek Elementary",92604
"18294",30,73650,6097042,2,2012,111,84.5107913669065,"Bonita Canyon Elementary",92603
"18295",30,73650,6097042,3,2012,111,83.0196078431373,"Bonita Canyon Elementary",92603
"18296",30,73650,6097042,4,2012,111,93.5,"Bonita Canyon Elementary",92603
"18297",30,73650,6097042,5,2012,111,90,"Bonita Canyon Elementary",92603
"18298",30,73650,6097042,6,2012,111,92.0123456790123,"Bonita Canyon Elementary",92603
"18299",30,73650,6098511,7,2012,31,66.5,"Lakeside Middle",92604
"18300",30,73650,6098511,7,2012,111,89.6758620689655,"Lakeside Middle",92604
"18301",30,73650,6098511,8,2012,31,61.0961538461538,"Lakeside Middle",92604
"18302",30,73650,6098511,8,2012,111,89.9506578947368,"Lakeside Middle",92604
"18303",30,73650,6098529,2,2012,111,82.5,"Santiago Hills Elementary",92620
"18304",30,73650,6098529,3,2012,111,89.5,"Santiago Hills Elementary",92620
"18305",30,73650,6098529,4,2012,111,98.5027322404372,"Santiago Hills Elementary",92620
"18306",30,73650,6098529,5,2012,111,95.3269230769231,"Santiago Hills Elementary",92620
"18307",30,73650,6098529,6,2012,111,94.5,"Santiago Hills Elementary",92620
"18308",30,73650,6100317,2,2012,111,94,"Eastshore Elementary",92604
"18309",30,73650,6100317,3,2012,31,58,"Eastshore Elementary",92604
"18310",30,73650,6100317,3,2012,111,90,"Eastshore Elementary",92604
"18311",30,73650,6100317,4,2012,111,96,"Eastshore Elementary",92604
"18312",30,73650,6100317,5,2012,31,67,"Eastshore Elementary",92604
"18313",30,73650,6100317,5,2012,111,93,"Eastshore Elementary",92604
"18314",30,73650,6100317,6,2012,31,66.5,"Eastshore Elementary",92604
"18315",30,73650,6100317,6,2012,111,92.5207100591716,"Eastshore Elementary",92604
"18316",30,73650,6100838,2,2012,31,100,"Alderwood Elementary",92603
"18317",30,73650,6100838,2,2012,111,92.5,"Alderwood Elementary",92603
"18318",30,73650,6100838,3,2012,111,87.5,"Alderwood Elementary",92603
"18319",30,73650,6100838,4,2012,111,94.4786324786325,"Alderwood Elementary",92603
"18320",30,73650,6100838,5,2012,111,87.9891008174387,"Alderwood Elementary",92603
"18321",30,73650,6100838,6,2012,111,84.5066079295154,"Alderwood Elementary",92603
"18322",30,73650,6100861,2,2012,31,71,"Northwood Elementary",92620
"18323",30,73650,6100861,2,2012,111,91,"Northwood Elementary",92620
"18324",30,73650,6100861,3,2012,31,66.5,"Northwood Elementary",92620
"18325",30,73650,6100861,3,2012,111,89,"Northwood Elementary",92620
"18326",30,73650,6100861,4,2012,31,59.5,"Northwood Elementary",92620
"18327",30,73650,6100861,4,2012,111,90,"Northwood Elementary",92620
"18328",30,73650,6100861,5,2012,111,93.3333333333333,"Northwood Elementary",92620
"18329",30,73650,6100861,6,2012,31,69.6969696969697,"Northwood Elementary",92620
"18330",30,73650,6100861,6,2012,111,90.019801980198,"Northwood Elementary",92620
"18331",30,73650,6100879,7,2012,31,67.5277777777778,"Sierra Vista Middle",92620
"18332",30,73650,6100879,7,2012,111,92.0905349794239,"Sierra Vista Middle",92620
"18333",30,73650,6100879,8,2012,31,68.0428571428571,"Sierra Vista Middle",92620
"18334",30,73650,6100879,8,2012,111,90.8295852073963,"Sierra Vista Middle",92620
"18335",30,73650,6102719,2,2012,31,4,"Brywood Elementary",92620
"18336",30,73650,6102719,2,2012,111,81.5,"Brywood Elementary",92620
"18337",30,73650,6102719,3,2012,111,92,"Brywood Elementary",92620
"18338",30,73650,6102719,4,2012,111,95,"Brywood Elementary",92620
"18339",30,73650,6102719,5,2012,31,68.6666666666667,"Brywood Elementary",92620
"18340",30,73650,6102719,5,2012,111,94.3241106719368,"Brywood Elementary",92620
"18341",30,73650,6102719,6,2012,31,44.5,"Brywood Elementary",92620
"18342",30,73650,6102719,6,2012,111,87,"Brywood Elementary",92620
"18343",30,73650,6108799,2,2012,31,53.0645161290323,"Westpark Elementary",92614
"18344",30,73650,6108799,2,2012,111,83,"Westpark Elementary",92614
"18345",30,73650,6108799,3,2012,31,46.1621621621622,"Westpark Elementary",92614
"18346",30,73650,6108799,3,2012,111,85.5547445255474,"Westpark Elementary",92614
"18347",30,73650,6108799,4,2012,111,92.9875776397515,"Westpark Elementary",92614
"18348",30,73650,6108799,5,2012,31,64,"Westpark Elementary",92614
"18349",30,73650,6108799,5,2012,111,90.3333333333333,"Westpark Elementary",92614
"18350",30,73650,6108799,6,2012,31,50,"Westpark Elementary",92614
"18351",30,73650,6108799,6,2012,111,89.5,"Westpark Elementary",92614
"18352",30,73650,6111876,7,2012,31,66.5486725663717,"South Lake Middle",92614
"18353",30,73650,6111876,7,2012,111,89.6026785714286,"South Lake Middle",92614
"18354",30,73650,6111876,8,2012,31,76.9087301587302,"South Lake Middle",92614
"18355",30,73650,6111876,8,2012,111,92.4794672586016,"South Lake Middle",92614
"18356",30,73650,6115455,2,2012,111,91.5,"Canyon View Elementary",92620
"18357",30,73650,6115455,3,2012,111,92.9506172839506,"Canyon View Elementary",92620
"18358",30,73650,6115455,4,2012,111,95.4874371859297,"Canyon View Elementary",92620
"18359",30,73650,6115455,5,2012,111,91.6689189189189,"Canyon View Elementary",92620
"18360",30,73650,6115455,6,2012,111,92.5,"Canyon View Elementary",92620
"18361",30,73650,6115786,2,2012,111,86,"Plaza Vista",92606
"18362",30,73650,6115786,3,2012,111,89.5,"Plaza Vista",92606
"18363",30,73650,6115786,4,2012,111,92,"Plaza Vista",92606
"18364",30,73650,6115786,5,2012,111,92.3333333333333,"Plaza Vista",92606
"18365",30,73650,6115786,6,2012,111,87,"Plaza Vista",92606
"18366",30,73650,6115786,7,2012,111,96.3736263736264,"Plaza Vista",92606
"18367",30,73650,6115786,8,2012,111,92.4382716049383,"Plaza Vista",92606
"18368",30,73924,3033917,9,2012,31,59.5164319248826,"Los Alamitos High",90720
"18369",30,73924,3033917,9,2012,111,79.5550264550265,"Los Alamitos High",90720
"18370",30,73924,3033917,10,2012,31,64.0645161290323,"Los Alamitos High",90720
"18371",30,73924,3033917,10,2012,111,74.5261707988981,"Los Alamitos High",90720
"18372",30,73924,3033917,11,2012,31,63.1214574898785,"Los Alamitos High",90720
"18373",30,73924,3033917,11,2012,111,67.0657660860292,"Los Alamitos High",90720
"18374",30,73924,6029060,2,2012,31,71.5,"Los Alamitos Elementary",90720
"18375",30,73924,6029060,2,2012,111,88,"Los Alamitos Elementary",90720
"18376",30,73924,6029060,3,2012,31,85.7959183673469,"Los Alamitos Elementary",90720
"18377",30,73924,6029060,3,2012,111,77.6607142857143,"Los Alamitos Elementary",90720
"18378",30,73924,6029060,4,2012,31,91,"Los Alamitos Elementary",90720
"18379",30,73924,6029060,4,2012,111,92.4765100671141,"Los Alamitos Elementary",90720
"18380",30,73924,6029060,5,2012,31,86.7352941176471,"Los Alamitos Elementary",90720
"18381",30,73924,6029060,5,2012,111,92.9920948616601,"Los Alamitos Elementary",90720
"18382",30,73924,6029086,2,2012,111,98.5,"Rossmoor Elementary",90720
"18383",30,73924,6029086,3,2012,111,90,"Rossmoor Elementary",90720
"18384",30,73924,6029086,4,2012,111,95.0108108108108,"Rossmoor Elementary",90720
"18385",30,73924,6029086,5,2012,31,69.3333333333333,"Rossmoor Elementary",90720
"18386",30,73924,6029086,5,2012,111,92.9784172661871,"Rossmoor Elementary",90720
"18387",30,73924,6030514,2,2012,111,85,"J. H. McGaugh Elementary",90740
"18388",30,73924,6030514,3,2012,31,68.5,"J. H. McGaugh Elementary",90740
"18389",30,73924,6030514,3,2012,111,81.0521327014218,"J. H. McGaugh Elementary",90740
"18390",30,73924,6030514,4,2012,31,83,"J. H. McGaugh Elementary",90740
"18391",30,73924,6030514,4,2012,111,93,"J. H. McGaugh Elementary",90740
"18392",30,73924,6030514,5,2012,111,82.3101045296167,"J. H. McGaugh Elementary",90740
"18393",30,73924,6058853,6,2012,31,62.4202898550725,"Oak Middle",90720
"18394",30,73924,6058853,6,2012,111,83.4974874371859,"Oak Middle",90720
"18395",30,73924,6058853,7,2012,31,63.8114754098361,"Oak Middle",90720
"18396",30,73924,6058853,7,2012,111,85.7077702702703,"Oak Middle",90720
"18397",30,73924,6058853,8,2012,31,81.5989010989011,"Oak Middle",90720
"18398",30,73924,6058853,8,2012,111,86.6938483547926,"Oak Middle",90720
"18399",31,10314,3130101,11,2012,31,0,"Placer County Court Schools",95603
"18400",31,66761,6031009,2,2012,31,46,"Bowman Charter",95603
"18401",31,66761,6031009,2,2012,111,83,"Bowman Charter",95603
"18402",31,66761,6031009,3,2012,31,74.0322580645161,"Bowman Charter",95603
"18403",31,66761,6031009,3,2012,111,80,"Bowman Charter",95603
"18404",31,66761,6031009,4,2012,31,87.5,"Bowman Charter",95603
"18405",31,66761,6031009,4,2012,111,88.5,"Bowman Charter",95603
"18406",31,66761,6031009,5,2012,31,59.3333333333333,"Bowman Charter",95603
"18407",31,66761,6031009,5,2012,111,77.6666666666667,"Bowman Charter",95603
"18408",31,66761,6031009,6,2012,31,46,"Bowman Charter",95603
"18409",31,66761,6031009,6,2012,111,79.5,"Bowman Charter",95603
"18410",31,66761,6031009,7,2012,31,57,"Bowman Charter",95603
"18411",31,66761,6031009,7,2012,111,79.5,"Bowman Charter",95603
"18412",31,66761,6031009,8,2012,111,79.078431372549,"Bowman Charter",95603
"18413",31,66787,6031058,2,2012,31,38,"Rock Creek Elementary",95603
"18414",31,66787,6031058,3,2012,31,21.5,"Rock Creek Elementary",95603
"18415",31,66787,6031058,4,2012,31,57.5,"Rock Creek Elementary",95603
"18416",31,66787,6031058,5,2012,31,52.6666666666667,"Rock Creek Elementary",95603
"18417",31,66787,6109680,2,2012,31,54,"Skyridge Elementary",95603
"18418",31,66787,6109680,2,2012,111,68,"Skyridge Elementary",95603
"18419",31,66787,6109680,3,2012,31,47.377358490566,"Skyridge Elementary",95603
"18420",31,66787,6109680,3,2012,111,65.5470085470085,"Skyridge Elementary",95603
"18421",31,66787,6109680,4,2012,31,39.5555555555556,"Skyridge Elementary",95603
"18422",31,66787,6109680,4,2012,111,74,"Skyridge Elementary",95603
"18423",31,66787,6109680,5,2012,31,65.2873563218391,"Skyridge Elementary",95603
"18424",31,66787,6109680,5,2012,111,85.6666666666667,"Skyridge Elementary",95603
"18425",31,66787,6112700,2,2012,31,39.5,"Auburn Elementary",95603
"18426",31,66787,6112700,2,2012,111,65,"Auburn Elementary",95603
"18427",31,66787,6112700,3,2012,31,34.1212121212121,"Auburn Elementary",95603
"18428",31,66787,6112700,3,2012,111,62.9824561403509,"Auburn Elementary",95603
"18429",31,66787,6112700,4,2012,31,60.7058823529412,"Auburn Elementary",95603
"18430",31,66787,6112700,4,2012,111,85,"Auburn Elementary",95603
"18431",31,66787,6112700,5,2012,31,69.6122448979592,"Auburn Elementary",95603
"18432",31,66787,6112700,5,2012,111,77.3559322033898,"Auburn Elementary",95603
"18433",31,66795,6031066,2,2012,31,56.5,"Colfax Elementary",95713
"18434",31,66795,6031066,2,2012,111,75,"Colfax Elementary",95713
"18435",31,66795,6031066,3,2012,31,53.5,"Colfax Elementary",95713
"18436",31,66795,6031066,4,2012,31,41.5,"Colfax Elementary",95713
"18437",31,66795,6031066,4,2012,111,86.5,"Colfax Elementary",95713
"18438",31,66795,6031066,5,2012,31,62.1470588235294,"Colfax Elementary",95713
"18439",31,66795,6031066,5,2012,111,63.3877551020408,"Colfax Elementary",95713
"18440",31,66795,6031066,6,2012,31,53,"Colfax Elementary",95713
"18441",31,66795,6031066,6,2012,111,67.5,"Colfax Elementary",95713
"18442",31,66795,6031066,7,2012,31,54,"Colfax Elementary",95713
"18443",31,66795,6031066,7,2012,111,71.1463414634146,"Colfax Elementary",95713
"18444",31,66795,6031066,8,2012,31,33.9473684210526,"Colfax Elementary",95713
"18445",31,66795,6031066,8,2012,111,61.3333333333333,"Colfax Elementary",95713
"18446",31,66803,111104,2,2012,31,66,"Barrett Ranch Elementary",95843
"18447",31,66803,111104,2,2012,111,78.5,"Barrett Ranch Elementary",95843
"18448",31,66803,111104,3,2012,31,49.5973154362416,"Barrett Ranch Elementary",95843
"18449",31,66803,111104,3,2012,111,58.5,"Barrett Ranch Elementary",95843
"18450",31,66803,111104,4,2012,31,63.5,"Barrett Ranch Elementary",95843
"18451",31,66803,111104,4,2012,111,79,"Barrett Ranch Elementary",95843
"18452",31,66803,111104,5,2012,31,58,"Barrett Ranch Elementary",95843
"18453",31,66803,111104,5,2012,111,71.3333333333333,"Barrett Ranch Elementary",95843
"18454",31,66803,6108963,2,2012,31,62.5,"Heritage Oak Elementary",95747
"18455",31,66803,6108963,2,2012,111,76.5,"Heritage Oak Elementary",95747
"18456",31,66803,6108963,3,2012,31,64,"Heritage Oak Elementary",95747
"18457",31,66803,6108963,3,2012,111,77.5726495726496,"Heritage Oak Elementary",95747
"18458",31,66803,6108963,4,2012,31,86,"Heritage Oak Elementary",95747
"18459",31,66803,6108963,4,2012,111,88,"Heritage Oak Elementary",95747
"18460",31,66803,6108963,5,2012,31,73.6578947368421,"Heritage Oak Elementary",95747
"18461",31,66803,6108963,5,2012,111,84.9878542510122,"Heritage Oak Elementary",95747
"18462",31,66803,6109862,2,2012,31,60,"Antelope Meadows Elementary",95843
"18463",31,66803,6109862,2,2012,111,74.5,"Antelope Meadows Elementary",95843
"18464",31,66803,6109862,3,2012,31,73.1234567901235,"Antelope Meadows Elementary",95843
"18465",31,66803,6109862,3,2012,111,71.5,"Antelope Meadows Elementary",95843
"18466",31,66803,6109862,4,2012,31,61.5073529411765,"Antelope Meadows Elementary",95843
"18467",31,66803,6109862,4,2012,111,78.5,"Antelope Meadows Elementary",95843
"18468",31,66803,6109862,5,2012,31,75.3333333333333,"Antelope Meadows Elementary",95843
"18469",31,66803,6109862,5,2012,111,88.6990740740741,"Antelope Meadows Elementary",95843
"18470",31,66803,6112072,6,2012,31,47.5,"Antelope Crossing Middle",95843
"18471",31,66803,6112072,6,2012,111,64,"Antelope Crossing Middle",95843
"18472",31,66803,6112072,7,2012,31,57.1576576576577,"Antelope Crossing Middle",95843
"18473",31,66803,6112072,7,2012,111,72.122866894198,"Antelope Crossing Middle",95843
"18474",31,66803,6112072,8,2012,31,61.0281425891182,"Antelope Crossing Middle",95843
"18475",31,66803,6112072,8,2012,111,73.3584615384615,"Antelope Crossing Middle",95843
"18476",31,66803,6112403,2,2012,31,71,"Quail Glen Elementary",95747
"18477",31,66803,6112403,2,2012,111,85.5,"Quail Glen Elementary",95747
"18478",31,66803,6112403,3,2012,31,77.1714285714286,"Quail Glen Elementary",95747
"18479",31,66803,6112403,3,2012,111,84.5,"Quail Glen Elementary",95747
"18480",31,66803,6112403,4,2012,31,93,"Quail Glen Elementary",95747
"18481",31,66803,6112403,4,2012,111,93.4973262032086,"Quail Glen Elementary",95747
"18482",31,66803,6112403,5,2012,31,81.68,"Quail Glen Elementary",95747
"18483",31,66803,6112403,5,2012,111,91.3356401384083,"Quail Glen Elementary",95747
"18484",31,66803,6115596,2,2012,31,61,"Olive Grove Elementary",95843
"18485",31,66803,6115596,2,2012,111,77.5,"Olive Grove Elementary",95843
"18486",31,66803,6115596,3,2012,31,54,"Olive Grove Elementary",95843
"18487",31,66803,6115596,3,2012,111,76.5,"Olive Grove Elementary",95843
"18488",31,66803,6115596,4,2012,31,53.5,"Olive Grove Elementary",95843
"18489",31,66803,6115596,4,2012,111,88,"Olive Grove Elementary",95843
"18490",31,66803,6115596,5,2012,31,63.7922077922078,"Olive Grove Elementary",95843
"18491",31,66803,6115596,5,2012,111,79,"Olive Grove Elementary",95843
"18492",31,66803,6115604,6,2012,31,61.5354330708661,"Silverado Middle",95747
"18493",31,66803,6115604,6,2012,111,77.5,"Silverado Middle",95747
"18494",31,66803,6115604,7,2012,31,50.5384615384615,"Silverado Middle",95747
"18495",31,66803,6115604,7,2012,111,83.6666666666667,"Silverado Middle",95747
"18496",31,66803,6115604,8,2012,31,54.6124567474048,"Silverado Middle",95747
"18497",31,66803,6115604,8,2012,111,76.5982742090125,"Silverado Middle",95747
"18498",31,66803,6119887,2,2012,31,52,"Coyote Ridge Elementary",95747
"18499",31,66803,6119887,2,2012,111,82,"Coyote Ridge Elementary",95747
"18500",31,66803,6119887,3,2012,31,59.5,"Coyote Ridge Elementary",95747
"18501",31,66803,6119887,3,2012,111,85,"Coyote Ridge Elementary",95747
"18502",31,66803,6119887,4,2012,31,75,"Coyote Ridge Elementary",95747
"18503",31,66803,6119887,4,2012,111,85.5,"Coyote Ridge Elementary",95747
"18504",31,66803,6119887,5,2012,31,63.0446428571429,"Coyote Ridge Elementary",95747
"18505",31,66803,6119887,5,2012,111,86.3472584856397,"Coyote Ridge Elementary",95747
"18506",31,66829,6031108,2,2012,31,77.5,"Greenhills Elementary",95746
"18507",31,66829,6031108,2,2012,111,82.5,"Greenhills Elementary",95746
"18508",31,66829,6031108,3,2012,31,63.5,"Greenhills Elementary",95746
"18509",31,66829,6031108,3,2012,111,89,"Greenhills Elementary",95746
"18510",31,66829,6109029,2,2012,111,91.5,"Oakhills Elementary",95746
"18511",31,66829,6109029,3,2012,111,89,"Oakhills Elementary",95746
"18512",31,66829,6111702,4,2012,111,87,"Ridgeview Elementary",95746
"18513",31,66829,6111702,5,2012,111,88.6702819956616,"Ridgeview Elementary",95746
"18514",31,66829,6111702,6,2012,31,45.5,"Ridgeview Elementary",95746
"18515",31,66829,6111702,6,2012,111,79,"Ridgeview Elementary",95746
"18516",31,66829,6113443,7,2012,31,72,"Olympus Junior High",95661
"18517",31,66829,6113443,7,2012,111,86.8678500986193,"Olympus Junior High",95661
"18518",31,66829,6113443,8,2012,31,74.1477272727273,"Olympus Junior High",95661
"18519",31,66829,6113443,8,2012,111,88.2801268498943,"Olympus Junior High",95661
"18520",31,66829,6113971,2,2012,31,60,"Maidu Elementary",95661
"18521",31,66829,6113971,2,2012,111,76,"Maidu Elementary",95661
"18522",31,66829,6113971,3,2012,31,73.5,"Maidu Elementary",95661
"18523",31,66829,6113971,3,2012,111,88,"Maidu Elementary",95661
"18524",31,66829,6116230,4,2012,31,76.5,"Excelsior Elementary",95661
"18525",31,66829,6116230,4,2012,111,84,"Excelsior Elementary",95661
"18526",31,66829,6116230,5,2012,31,51,"Excelsior Elementary",95661
"18527",31,66829,6116230,5,2012,111,78.3333333333333,"Excelsior Elementary",95661
"18528",31,66829,6116230,6,2012,31,64.5,"Excelsior Elementary",95661
"18529",31,66829,6116230,6,2012,111,80.5,"Excelsior Elementary",95661
"18530",31,66845,117150,2,2012,111,85,"Loomis Basin Charter",95650
"18531",31,66845,117150,3,2012,111,76.5,"Loomis Basin Charter",95650
"18532",31,66845,117150,4,2012,111,96,"Loomis Basin Charter",95650
"18533",31,66845,117150,5,2012,111,88,"Loomis Basin Charter",95650
"18534",31,66845,117150,6,2012,111,91,"Loomis Basin Charter",95650
"18535",31,66845,117150,7,2012,111,80,"Loomis Basin Charter",95650
"18536",31,66845,6031124,2,2012,111,82,"Franklin Elementary",95650
"18537",31,66845,6031124,3,2012,111,68.5,"Franklin Elementary",95650
"18538",31,66845,6031124,4,2012,111,93,"Franklin Elementary",95650
"18539",31,66845,6031124,5,2012,111,82.5913043478261,"Franklin Elementary",95650
"18540",31,66845,6031124,6,2012,111,87,"Franklin Elementary",95650
"18541",31,66845,6031124,7,2012,111,85.4368932038835,"Franklin Elementary",95650
"18542",31,66845,6031124,8,2012,111,78.4285714285714,"Franklin Elementary",95650
"18543",31,66845,6031132,2,2012,31,86.5,"Loomis Elementary",95650
"18544",31,66845,6031132,2,2012,111,97,"Loomis Elementary",95650
"18545",31,66845,6031132,3,2012,31,79,"Loomis Elementary",95650
"18546",31,66845,6031132,3,2012,111,76,"Loomis Elementary",95650
"18547",31,66845,6031132,4,2012,31,84.5,"Loomis Elementary",95650
"18548",31,66845,6031132,4,2012,111,88.5,"Loomis Elementary",95650
"18549",31,66845,6031132,5,2012,31,71.3333333333333,"Loomis Elementary",95650
"18550",31,66845,6031132,5,2012,111,80,"Loomis Elementary",95650
"18551",31,66845,6031132,6,2012,31,82,"Loomis Elementary",95650
"18552",31,66845,6031132,6,2012,111,81,"Loomis Elementary",95650
"18553",31,66845,6031132,7,2012,31,89.1481481481482,"Loomis Elementary",95650
"18554",31,66845,6031132,7,2012,111,78.989898989899,"Loomis Elementary",95650
"18555",31,66845,6031132,8,2012,111,78.1184834123223,"Loomis Elementary",95650
"18556",31,66845,6031140,2,2012,111,71,"Placer Elementary",95650
"18557",31,66845,6031140,3,2012,111,88,"Placer Elementary",95650
"18558",31,66845,6031140,4,2012,111,77.4494382022472,"Placer Elementary",95650
"18559",31,66845,6031140,5,2012,111,82,"Placer Elementary",95650
"18560",31,66845,6031140,6,2012,111,91.5473684210526,"Placer Elementary",95650
"18561",31,66845,6031140,7,2012,111,95.4754098360656,"Placer Elementary",95650
"18562",31,66845,6031140,8,2012,111,72.3609756097561,"Placer Elementary",95650
"18563",31,66845,6031173,2,2012,111,85,"Penryn Elementary",95663
"18564",31,66845,6031173,3,2012,111,85.5,"Penryn Elementary",95663
"18565",31,66845,6031173,4,2012,111,87.5,"Penryn Elementary",95663
"18566",31,66845,6031173,5,2012,111,82.0714285714286,"Penryn Elementary",95663
"18567",31,66845,6031173,6,2012,111,77,"Penryn Elementary",95663
"18568",31,66845,6031173,7,2012,111,69.5,"Penryn Elementary",95663
"18569",31,66845,6031173,8,2012,111,62.2718446601942,"Penryn Elementary",95663
"18570",31,66852,109827,2,2012,111,80.5,"Newcastle Charter",95658
"18571",31,66852,109827,3,2012,111,70.027027027027,"Newcastle Charter",95658
"18572",31,66852,109827,4,2012,111,63.5,"Newcastle Charter",95658
"18573",31,66852,109827,5,2012,111,87.6666666666667,"Newcastle Charter",95658
"18574",31,66852,109827,6,2012,111,84,"Newcastle Charter",95658
"18575",31,66852,109827,7,2012,111,86.8695652173913,"Newcastle Charter",95658
"18576",31,66852,109827,8,2012,111,71.265306122449,"Newcastle Charter",95658
"18577",31,66852,6031157,3,2012,111,73,"Newcastle Elementary",95658
"18578",31,66852,6031157,5,2012,111,74.3333333333333,"Newcastle Elementary",95658
"18579",31,66852,6031157,6,2012,111,75,"Newcastle Elementary",95658
"18580",31,66852,6031157,7,2012,111,77.1714285714286,"Newcastle Elementary",95658
"18581",31,66852,6031157,8,2012,111,81.983606557377,"Newcastle Elementary",95658
"18582",31,66886,6031199,4,2012,31,90,"Weimar Hills",95736
"18583",31,66886,6031199,4,2012,111,92,"Weimar Hills",95736
"18584",31,66886,6031199,5,2012,31,65,"Weimar Hills",95736
"18585",31,66886,6031199,5,2012,111,83,"Weimar Hills",95736
"18586",31,66886,6111694,2,2012,31,54.5,"Sierra Hills Elementary",95722
"18587",31,66886,6111694,2,2012,111,69,"Sierra Hills Elementary",95722
"18588",31,66886,6111694,3,2012,31,47.2156862745098,"Sierra Hills Elementary",95722
"18589",31,66886,6111694,3,2012,111,68,"Sierra Hills Elementary",95722
"18590",31,66894,102293,9,2012,111,54.5894736842105,"Foresthill High",95631
"18591",31,66894,102293,10,2012,31,32.7522123893805,"Foresthill High",95631
"18592",31,66894,102293,10,2012,111,58.8645161290323,"Foresthill High",95631
"18593",31,66894,102293,11,2012,31,38.5,"Foresthill High",95631
"18594",31,66894,102293,11,2012,111,60.32,"Foresthill High",95631
"18595",31,66894,3131851,9,2012,31,51.3552631578947,"Colfax High",95713
"18596",31,66894,3131851,9,2012,111,58.4232804232804,"Colfax High",95713
"18597",31,66894,3131851,10,2012,31,49.1637426900585,"Colfax High",95713
"18598",31,66894,3131851,10,2012,111,62.6953020134228,"Colfax High",95713
"18599",31,66894,3131851,11,2012,31,57.9879518072289,"Colfax High",95713
"18600",31,66894,3131851,11,2012,111,53.4137931034483,"Colfax High",95713
"18601",31,66894,3132453,9,2012,31,57.3298429319372,"Del Oro High",95650
"18602",31,66894,3132453,9,2012,111,71.1421845574388,"Del Oro High",95650
"18603",31,66894,3132453,10,2012,31,44.9632653061225,"Del Oro High",95650
"18604",31,66894,3132453,10,2012,111,75.8304709141274,"Del Oro High",95650
"18605",31,66894,3132453,11,2012,31,58.2565445026178,"Del Oro High",95650
"18606",31,66894,3132453,11,2012,111,64.5985130111524,"Del Oro High",95650
"18607",31,66894,3135704,9,2012,31,32.4785992217899,"Placer High",95603
"18608",31,66894,3135704,9,2012,111,53.2634146341463,"Placer High",95603
"18609",31,66894,3135704,10,2012,31,40.0396600566572,"Placer High",95603
"18610",31,66894,3135704,10,2012,111,60.4220601640839,"Placer High",95603
"18611",31,66894,3135704,11,2012,31,34.1708860759494,"Placer High",95603
"18612",31,66894,3135704,11,2012,111,54.4381188118812,"Placer High",95603
"18613",31,66910,102798,2,2012,31,64,"Thomas Jefferson Elementary",95678
"18614",31,66910,102798,2,2012,111,83,"Thomas Jefferson Elementary",95678
"18615",31,66910,102798,3,2012,31,80,"Thomas Jefferson Elementary",95678
"18616",31,66910,102798,3,2012,111,85.0346820809249,"Thomas Jefferson Elementary",95678
"18617",31,66910,102798,4,2012,31,78,"Thomas Jefferson Elementary",95678
"18618",31,66910,102798,4,2012,111,85,"Thomas Jefferson Elementary",95678
"18619",31,66910,102798,5,2012,31,80.3333333333333,"Thomas Jefferson Elementary",95678
"18620",31,66910,102798,5,2012,111,88,"Thomas Jefferson Elementary",95678
"18621",31,66910,102806,2,2012,31,80.5,"Blue Oaks Elementary",95747
"18622",31,66910,102806,2,2012,111,94,"Blue Oaks Elementary",95747
"18623",31,66910,102806,3,2012,31,78.5,"Blue Oaks Elementary",95747
"18624",31,66910,102806,3,2012,111,85,"Blue Oaks Elementary",95747
"18625",31,66910,102806,4,2012,31,65.6857142857143,"Blue Oaks Elementary",95747
"18626",31,66910,102806,4,2012,111,87.4906832298137,"Blue Oaks Elementary",95747
"18627",31,66910,102806,5,2012,31,80.1076923076923,"Blue Oaks Elementary",95747
"18628",31,66910,102806,5,2012,111,91.6666666666667,"Blue Oaks Elementary",95747
"18629",31,66910,116624,2,2012,31,79,"Junction Elementary",95747
"18630",31,66910,116624,2,2012,111,85,"Junction Elementary",95747
"18631",31,66910,116624,3,2012,31,50,"Junction Elementary",95747
"18632",31,66910,116624,3,2012,111,75.4606060606061,"Junction Elementary",95747
"18633",31,66910,116624,4,2012,31,83.5,"Junction Elementary",95747
"18634",31,66910,116624,4,2012,111,94,"Junction Elementary",95747
"18635",31,66910,116624,5,2012,111,87.6666666666667,"Junction Elementary",95747
"18636",31,66910,3130242,2,2012,111,86,"Stoneridge Elementary",95661
"18637",31,66910,3130242,3,2012,111,87.0261437908497,"Stoneridge Elementary",95661
"18638",31,66910,3130242,4,2012,111,93,"Stoneridge Elementary",95661
"18639",31,66910,3130242,5,2012,31,66.5384615384615,"Stoneridge Elementary",95661
"18640",31,66910,3130242,5,2012,111,91.3333333333333,"Stoneridge Elementary",95661
"18641",31,66910,3130242,6,2012,111,85.4878048780488,"Stoneridge Elementary",95661
"18642",31,66910,6031231,2,2012,31,72,"Crestmont Elementary",95661
"18643",31,66910,6031231,2,2012,111,72.5,"Crestmont Elementary",95661
"18644",31,66910,6031231,3,2012,31,78.2173913043478,"Crestmont Elementary",95661
"18645",31,66910,6031231,3,2012,111,78.5,"Crestmont Elementary",95661
"18646",31,66910,6031231,4,2012,31,80.945945945946,"Crestmont Elementary",95661
"18647",31,66910,6031231,4,2012,111,91.3472222222222,"Crestmont Elementary",95661
"18648",31,66910,6031231,5,2012,31,60.6666666666667,"Crestmont Elementary",95661
"18649",31,66910,6031231,5,2012,111,87.3333333333333,"Crestmont Elementary",95661
"18650",31,66910,6031231,6,2012,31,71.6071428571429,"Crestmont Elementary",95661
"18651",31,66910,6031231,6,2012,111,86.4656488549618,"Crestmont Elementary",95661
"18652",31,66910,6117790,6,2012,31,58.4703389830508,"Robert C. Cooley Middle",95747
"18653",31,66910,6117790,6,2012,111,83.9892280071813,"Robert C. Cooley Middle",95747
"18654",31,66910,6117790,7,2012,31,70.0430622009569,"Robert C. Cooley Middle",95747
"18655",31,66910,6117790,7,2012,111,85.5562015503876,"Robert C. Cooley Middle",95747
"18656",31,66910,6117790,8,2012,31,63.7536585365854,"Robert C. Cooley Middle",95747
"18657",31,66910,6117790,8,2012,111,81.4838709677419,"Robert C. Cooley Middle",95747
"18658",31,66928,116459,9,2012,31,57.314465408805,"Antelope High",95843
"18659",31,66928,116459,9,2012,111,71.618025751073,"Antelope High",95843
"18660",31,66928,116459,10,2012,31,45.8134657836645,"Antelope High",95843
"18661",31,66928,116459,10,2012,111,56.2255285826155,"Antelope High",95843
"18662",31,66928,116459,11,2012,31,43.4761904761905,"Antelope High",95843
"18663",31,66928,116459,11,2012,111,53.731,"Antelope High",95843
"18664",31,66928,3130176,9,2012,31,56.9765625,"Woodcreek High",95747
"18665",31,66928,3130176,9,2012,111,68.1241134751773,"Woodcreek High",95747
"18666",31,66928,3130176,10,2012,31,51.8494897959184,"Woodcreek High",95747
"18667",31,66928,3130176,10,2012,111,65.6348912540491,"Woodcreek High",95747
"18668",31,66928,3130176,11,2012,31,56.5541666666667,"Woodcreek High",95747
"18669",31,66928,3130176,11,2012,111,57.5518987341772,"Woodcreek High",95747
"18670",31,66928,3130184,9,2012,31,66.75,"Granite Bay High",95746
"18671",31,66928,3130184,9,2012,111,76.7976022566996,"Granite Bay High",95746
"18672",31,66928,3130184,10,2012,31,42.74,"Granite Bay High",95746
"18673",31,66928,3130184,10,2012,111,68.5423509075194,"Granite Bay High",95746
"18674",31,66928,3130184,11,2012,31,48,"Granite Bay High",95746
"18675",31,66928,3130184,11,2012,111,62.1652349671551,"Granite Bay High",95746
"18676",31,66928,3135308,9,2012,31,51.9166666666667,"Oakmont High",95661
"18677",31,66928,3135308,9,2012,111,66.9268292682927,"Oakmont High",95661
"18678",31,66928,3135308,10,2012,31,38.3919821826281,"Oakmont High",95661
"18679",31,66928,3135308,10,2012,111,61.0147575544624,"Oakmont High",95661
"18680",31,66928,3135308,11,2012,31,36.2458563535912,"Oakmont High",95661
"18681",31,66928,3135308,11,2012,111,54.371640407785,"Oakmont High",95661
"18682",31,66928,3136504,9,2012,31,43.42,"Roseville High",95678
"18683",31,66928,3136504,9,2012,111,63.8722109533469,"Roseville High",95678
"18684",31,66928,3136504,10,2012,31,34.0596590909091,"Roseville High",95678
"18685",31,66928,3136504,10,2012,111,50.7338516746412,"Roseville High",95678
"18686",31,66928,3136504,11,2012,31,38.9367346938776,"Roseville High",95678
"18687",31,66928,3136504,11,2012,111,52.0273405136703,"Roseville High",95678
"18688",31,66944,106807,6,2012,31,28.5,"Alder Creek Middle",96161
"18689",31,66944,106807,6,2012,111,75,"Alder Creek Middle",96161
"18690",31,66944,106807,7,2012,31,48.0327868852459,"Alder Creek Middle",96161
"18691",31,66944,106807,7,2012,111,79.4752066115702,"Alder Creek Middle",96161
"18692",31,66944,106807,8,2012,31,48.8333333333333,"Alder Creek Middle",96161
"18693",31,66944,106807,8,2012,111,83.2438356164384,"Alder Creek Middle",96161
"18694",31,66944,3138500,9,2012,31,40.3170731707317,"Tahoe Truckee High",96161
"18695",31,66944,3138500,9,2012,111,71,"Tahoe Truckee High",96161
"18696",31,66944,3138500,10,2012,31,27.7810650887574,"Tahoe Truckee High",96161
"18697",31,66944,3138500,10,2012,111,55.3087071240106,"Tahoe Truckee High",96161
"18698",31,66944,3138500,11,2012,31,30.9642857142857,"Tahoe Truckee High",96161
"18699",31,66944,3138500,11,2012,111,50.5,"Tahoe Truckee High",96161
"18700",31,66944,6031298,3,2012,111,77,"Donner Trail Elementary",96161
"18701",31,66944,6031298,5,2012,111,94,"Donner Trail Elementary",96161
"18702",31,66944,6031322,2,2012,31,44.5,"Truckee Elementary",96161
"18703",31,66944,6031322,2,2012,111,87.5,"Truckee Elementary",96161
"18704",31,66944,6031322,3,2012,31,51.7052631578947,"Truckee Elementary",96161
"18705",31,66944,6031322,3,2012,111,86.5,"Truckee Elementary",96161
"18706",31,66944,6031322,4,2012,31,61.0526315789474,"Truckee Elementary",96161
"18707",31,66944,6031322,4,2012,111,91.96,"Truckee Elementary",96161
"18708",31,66944,6031322,5,2012,31,35.6666666666667,"Truckee Elementary",96161
"18709",31,66944,6031322,5,2012,111,76,"Truckee Elementary",96161
"18710",31,66944,6113062,2,2012,111,76.5,"Glenshire Elementary",96161
"18711",31,66944,6113062,3,2012,31,36.6060606060606,"Glenshire Elementary",96161
"18712",31,66944,6113062,3,2012,111,76.953488372093,"Glenshire Elementary",96161
"18713",31,66944,6113062,4,2012,111,82.5172413793103,"Glenshire Elementary",96161
"18714",31,66944,6113062,5,2012,31,40.1666666666667,"Glenshire Elementary",96161
"18715",31,66944,6113062,5,2012,111,69.7244897959184,"Glenshire Elementary",96161
"18716",31,66951,106443,2,2012,111,72.5,"Twelve Bridges Elementary",95648
"18717",31,66951,106443,3,2012,31,47,"Twelve Bridges Elementary",95648
"18718",31,66951,106443,3,2012,111,67.9715639810426,"Twelve Bridges Elementary",95648
"18719",31,66951,106443,4,2012,111,84.5,"Twelve Bridges Elementary",95648
"18720",31,66951,106443,5,2012,111,86.3206896551724,"Twelve Bridges Elementary",95648
"18721",31,66951,108514,2,2012,31,61.5,"Foskett Ranch Elementary",95648
"18722",31,66951,108514,2,2012,111,75.5,"Foskett Ranch Elementary",95648
"18723",31,66951,108514,3,2012,31,36,"Foskett Ranch Elementary",95648
"18724",31,66951,108514,3,2012,111,68.5,"Foskett Ranch Elementary",95648
"18725",31,66951,108514,4,2012,31,58.1612903225806,"Foskett Ranch Elementary",95648
"18726",31,66951,108514,4,2012,111,67,"Foskett Ranch Elementary",95648
"18727",31,66951,108514,5,2012,31,65.046511627907,"Foskett Ranch Elementary",95648
"18728",31,66951,108514,5,2012,111,75.65,"Foskett Ranch Elementary",95648
"18729",31,66951,111385,6,2012,31,53.3866666666667,"Twelve Bridges Middle",95648
"18730",31,66951,111385,6,2012,111,78.9714285714286,"Twelve Bridges Middle",95648
"18731",31,66951,111385,7,2012,31,59.5,"Twelve Bridges Middle",95648
"18732",31,66951,111385,7,2012,111,88.5068493150685,"Twelve Bridges Middle",95648
"18733",31,66951,111385,8,2012,31,68.0092592592593,"Twelve Bridges Middle",95648
"18734",31,66951,111385,8,2012,111,78.7611749680715,"Twelve Bridges Middle",95648
"18735",31,66951,113068,2,2012,31,62.5,"Lincoln Crossing Elementary",95648
"18736",31,66951,113068,2,2012,111,68.5,"Lincoln Crossing Elementary",95648
"18737",31,66951,113068,3,2012,31,64,"Lincoln Crossing Elementary",95648
"18738",31,66951,113068,3,2012,111,71.569696969697,"Lincoln Crossing Elementary",95648
"18739",31,66951,113068,4,2012,31,67,"Lincoln Crossing Elementary",95648
"18740",31,66951,113068,4,2012,111,73,"Lincoln Crossing Elementary",95648
"18741",31,66951,113068,5,2012,31,60,"Lincoln Crossing Elementary",95648
"18742",31,66951,113068,5,2012,111,67.6877637130802,"Lincoln Crossing Elementary",95648
"18743",31,66951,3130168,2,2012,31,51.5,"Horizon Charter",95648
"18744",31,66951,3130168,2,2012,111,64,"Horizon Charter",95648
"18745",31,66951,3130168,3,2012,31,55.5,"Horizon Charter",95648
"18746",31,66951,3130168,3,2012,111,51.5964912280702,"Horizon Charter",95648
"18747",31,66951,3130168,4,2012,31,57.9340659340659,"Horizon Charter",95648
"18748",31,66951,3130168,4,2012,111,57.327868852459,"Horizon Charter",95648
"18749",31,66951,3130168,5,2012,31,42.8759124087591,"Horizon Charter",95648
"18750",31,66951,3130168,5,2012,111,58.6329113924051,"Horizon Charter",95648
"18751",31,66951,3130168,6,2012,31,50.1566265060241,"Horizon Charter",95648
"18752",31,66951,3130168,6,2012,111,45.4150943396226,"Horizon Charter",95648
"18753",31,66951,3130168,7,2012,31,51.4090909090909,"Horizon Charter",95648
"18754",31,66951,3130168,7,2012,111,53.2613636363636,"Horizon Charter",95648
"18755",31,66951,3130168,8,2012,31,33.6913580246914,"Horizon Charter",95648
"18756",31,66951,3130168,8,2012,111,45.2444444444444,"Horizon Charter",95648
"18757",31,66951,3130168,9,2012,31,29.9578947368421,"Horizon Charter",95648
"18758",31,66951,3130168,9,2012,111,38.448,"Horizon Charter",95648
"18759",31,66951,3130168,10,2012,31,27.1269430051813,"Horizon Charter",95648
"18760",31,66951,3130168,10,2012,111,45.2340425531915,"Horizon Charter",95648
"18761",31,66951,3130168,11,2012,31,23.512987012987,"Horizon Charter",95648
"18762",31,66951,3130168,11,2012,111,33.2660550458716,"Horizon Charter",95648
"18763",31,66951,3134657,9,2012,31,40.6743002544529,"Lincoln High",95648
"18764",31,66951,3134657,9,2012,111,58.1483594864479,"Lincoln High",95648
"18765",31,66951,3134657,10,2012,31,32.6754098360656,"Lincoln High",95648
"18766",31,66951,3134657,10,2012,111,58.3886010362694,"Lincoln High",95648
"18767",31,66951,3134657,11,2012,31,33.6635514018692,"Lincoln High",95648
"18768",31,66951,3134657,11,2012,111,55.7298387096774,"Lincoln High",95648
"18769",31,75085,108050,2,2012,111,85,"Ruhkala Elementary",95765
"18770",31,75085,108050,3,2012,111,67,"Ruhkala Elementary",95765
"18771",31,75085,108050,4,2012,31,55,"Ruhkala Elementary",95765
"18772",31,75085,108050,4,2012,111,84.5,"Ruhkala Elementary",95765
"18773",31,75085,108050,5,2012,31,61,"Ruhkala Elementary",95765
"18774",31,75085,108050,5,2012,111,75.6666666666667,"Ruhkala Elementary",95765
"18775",31,75085,108050,6,2012,111,88,"Ruhkala Elementary",95765
"18776",31,75085,108084,9,2012,31,53.2886597938144,"Whitney High",95765
"18777",31,75085,108084,9,2012,111,74.5408261287224,"Whitney High",95765
"18778",31,75085,108084,10,2012,31,49.0625,"Whitney High",95765
"18779",31,75085,108084,10,2012,111,70.8365106874639,"Whitney High",95765
"18780",31,75085,108084,11,2012,31,52.4887005649718,"Whitney High",95765
"18781",31,75085,108084,11,2012,111,68.3887605850654,"Whitney High",95765
"18782",31,75085,121244,2,2012,31,54.5,"Sunset Ranch Elementary",95765
"18783",31,75085,121244,2,2012,111,81.5,"Sunset Ranch Elementary",95765
"18784",31,75085,121244,3,2012,111,88.5,"Sunset Ranch Elementary",95765
"18785",31,75085,121244,4,2012,111,86,"Sunset Ranch Elementary",95765
"18786",31,75085,121244,5,2012,111,91.6101694915254,"Sunset Ranch Elementary",95765
"18787",31,75085,121244,6,2012,111,97.0095238095238,"Sunset Ranch Elementary",95765
"18788",31,75085,3130150,9,2012,31,58.4450549450549,"Rocklin High",95765
"18789",31,75085,3130150,9,2012,111,76.4291598023064,"Rocklin High",95765
"18790",31,75085,3130150,10,2012,31,50.0744680851064,"Rocklin High",95765
"18791",31,75085,3130150,10,2012,111,75.7390417940877,"Rocklin High",95765
"18792",31,75085,3130150,11,2012,31,55.3409090909091,"Rocklin High",95765
"18793",31,75085,3130150,11,2012,111,75.2953197099539,"Rocklin High",95765
"18794",31,75085,3130200,11,2012,31,18,"Victory High",95765
"18795",31,75085,3130200,11,2012,111,33.3717948717949,"Victory High",95765
"18796",31,75085,6031207,2,2012,31,45,"Parker Whitney Elementary",95677
"18797",31,75085,6031207,2,2012,111,73.5,"Parker Whitney Elementary",95677
"18798",31,75085,6031207,3,2012,31,57,"Parker Whitney Elementary",95677
"18799",31,75085,6031207,3,2012,111,75,"Parker Whitney Elementary",95677
"18800",31,75085,6031207,4,2012,31,70,"Parker Whitney Elementary",95677
"18801",31,75085,6031207,4,2012,111,91.5,"Parker Whitney Elementary",95677
"18802",31,75085,6031207,5,2012,31,67,"Parker Whitney Elementary",95677
"18803",31,75085,6031207,5,2012,111,88,"Parker Whitney Elementary",95677
"18804",31,75085,6031207,6,2012,31,63.5,"Parker Whitney Elementary",95677
"18805",31,75085,6031207,6,2012,111,83,"Parker Whitney Elementary",95677
"18806",31,75085,6031215,2,2012,31,48,"Rocklin Elementary",95677
"18807",31,75085,6031215,2,2012,111,89.5,"Rocklin Elementary",95677
"18808",31,75085,6031215,3,2012,31,62.5,"Rocklin Elementary",95677
"18809",31,75085,6031215,3,2012,111,73.1573033707865,"Rocklin Elementary",95677
"18810",31,75085,6031215,4,2012,31,75,"Rocklin Elementary",95677
"18811",31,75085,6031215,4,2012,111,99,"Rocklin Elementary",95677
"18812",31,75085,6031215,5,2012,31,63.6153846153846,"Rocklin Elementary",95677
"18813",31,75085,6031215,5,2012,111,88.3333333333333,"Rocklin Elementary",95677
"18814",31,75085,6031215,6,2012,31,57,"Rocklin Elementary",95677
"18815",31,75085,6031215,6,2012,111,84,"Rocklin Elementary",95677
"18816",31,75085,6100903,7,2012,31,60.5263157894737,"Spring View Middle",95677
"18817",31,75085,6100903,7,2012,111,84.6497373029772,"Spring View Middle",95677
"18818",31,75085,6100903,8,2012,31,68.3266331658292,"Spring View Middle",95677
"18819",31,75085,6100903,8,2012,111,82.2515021459227,"Spring View Middle",95677
"18820",31,75085,6109870,2,2012,31,88,"Cobblestone Elementary",95765
"18821",31,75085,6109870,2,2012,111,88,"Cobblestone Elementary",95765
"18822",31,75085,6109870,3,2012,31,59.1481481481481,"Cobblestone Elementary",95765
"18823",31,75085,6109870,3,2012,111,80,"Cobblestone Elementary",95765
"18824",31,75085,6109870,4,2012,31,68,"Cobblestone Elementary",95765
"18825",31,75085,6109870,4,2012,111,85.5894736842105,"Cobblestone Elementary",95765
"18826",31,75085,6109870,5,2012,111,98,"Cobblestone Elementary",95765
"18827",31,75085,6109870,6,2012,31,88.36,"Cobblestone Elementary",95765
"18828",31,75085,6109870,6,2012,111,83.5376344086021,"Cobblestone Elementary",95765
"18829",31,75085,6110647,2,2012,31,59.5,"Antelope Creek Elementary",95677
"18830",31,75085,6110647,2,2012,111,75,"Antelope Creek Elementary",95677
"18831",31,75085,6110647,3,2012,31,73.5,"Antelope Creek Elementary",95677
"18832",31,75085,6110647,3,2012,111,87.3968253968254,"Antelope Creek Elementary",95677
"18833",31,75085,6110647,4,2012,31,61.5,"Antelope Creek Elementary",95677
"18834",31,75085,6110647,4,2012,111,81.0338983050847,"Antelope Creek Elementary",95677
"18835",31,75085,6110647,5,2012,31,85.9714285714286,"Antelope Creek Elementary",95677
"18836",31,75085,6110647,5,2012,111,87.2923076923077,"Antelope Creek Elementary",95677
"18837",31,75085,6110647,6,2012,31,64,"Antelope Creek Elementary",95677
"18838",31,75085,6110647,6,2012,111,85,"Antelope Creek Elementary",95677
"18839",31,75085,6111975,2,2012,31,58,"Breen Elementary",95765
"18840",31,75085,6111975,2,2012,111,80,"Breen Elementary",95765
"18841",31,75085,6111975,3,2012,111,82.5,"Breen Elementary",95765
"18842",31,75085,6111975,4,2012,31,69.5,"Breen Elementary",95765
"18843",31,75085,6111975,4,2012,111,93,"Breen Elementary",95765
"18844",31,75085,6111975,5,2012,31,69.7,"Breen Elementary",95765
"18845",31,75085,6111975,5,2012,111,83,"Breen Elementary",95765
"18846",31,75085,6111975,6,2012,111,88.4796380090498,"Breen Elementary",95765
"18847",31,75085,6115844,2,2012,111,70,"Twin Oaks Elementary",95765
"18848",31,75085,6115844,3,2012,111,73.5,"Twin Oaks Elementary",95765
"18849",31,75085,6115844,4,2012,111,78,"Twin Oaks Elementary",95765
"18850",31,75085,6115844,5,2012,111,82.2317073170732,"Twin Oaks Elementary",95765
"18851",31,75085,6115844,6,2012,111,85,"Twin Oaks Elementary",95765
"18852",31,75085,6116057,7,2012,31,68.6949152542373,"Granite Oaks Middle",95765
"18853",31,75085,6116057,7,2012,111,83.3854748603352,"Granite Oaks Middle",95765
"18854",31,75085,6116057,8,2012,31,69.248730964467,"Granite Oaks Middle",95765
"18855",31,75085,6116057,8,2012,111,86.4801536491677,"Granite Oaks Middle",95765
"18856",31,75085,6118392,2,2012,111,93.5,"Rocklin Academy",95765
"18857",31,75085,6118392,3,2012,111,94,"Rocklin Academy",95765
"18858",31,75085,6118392,4,2012,111,95,"Rocklin Academy",95765
"18859",31,75085,6118392,5,2012,111,92.3333333333333,"Rocklin Academy",95765
"18860",31,75085,6118392,6,2012,111,87.5045045045045,"Rocklin Academy",95765
"18861",31,75085,6118533,2,2012,111,78.5,"Sierra Elementary",95677
"18862",31,75085,6118533,3,2012,111,83,"Sierra Elementary",95677
"18863",31,75085,6118533,4,2012,111,88.4758064516129,"Sierra Elementary",95677
"18864",31,75085,6118533,5,2012,111,82.6666666666667,"Sierra Elementary",95677
"18865",31,75085,6118533,6,2012,111,83.017094017094,"Sierra Elementary",95677
"18866",31,75085,6119853,2,2012,31,59,"Rock Creek Elementary",95765
"18867",31,75085,6119853,2,2012,111,85,"Rock Creek Elementary",95765
"18868",31,75085,6119853,3,2012,31,75,"Rock Creek Elementary",95765
"18869",31,75085,6119853,3,2012,111,79.5,"Rock Creek Elementary",95765
"18870",31,75085,6119853,4,2012,31,70.5,"Rock Creek Elementary",95765
"18871",31,75085,6119853,4,2012,111,85.4606741573034,"Rock Creek Elementary",95765
"18872",31,75085,6119853,5,2012,31,80.0615384615385,"Rock Creek Elementary",95765
"18873",31,75085,6119853,5,2012,111,82.3636363636364,"Rock Creek Elementary",95765
"18874",31,75085,6119853,6,2012,31,61.7446808510638,"Rock Creek Elementary",95765
"18875",31,75085,6119853,6,2012,111,77.5,"Rock Creek Elementary",95765
"18876",32,66969,3232006,7,2012,31,55.5,"Chester Junior/Senior High",96020
"18877",32,66969,3232006,8,2012,31,69.4210526315789,"Chester Junior/Senior High",96020
"18878",32,66969,3232006,9,2012,31,67.9615384615385,"Chester Junior/Senior High",96020
"18879",32,66969,3232006,10,2012,31,37.8181818181818,"Chester Junior/Senior High",96020
"18880",32,66969,3232006,11,2012,31,53.0480769230769,"Chester Junior/Senior High",96020
"18881",32,66969,3235603,7,2012,31,53.5,"Portola Junior/Senior High",96122
"18882",32,66969,3235603,7,2012,111,68.5,"Portola Junior/Senior High",96122
"18883",32,66969,3235603,8,2012,31,37.1682242990654,"Portola Junior/Senior High",96122
"18884",32,66969,3235603,8,2012,111,60.4342105263158,"Portola Junior/Senior High",96122
"18885",32,66969,3235603,9,2012,31,40.8148148148148,"Portola Junior/Senior High",96122
"18886",32,66969,3235603,9,2012,111,73.6037735849057,"Portola Junior/Senior High",96122
"18887",32,66969,3235603,10,2012,31,45.377358490566,"Portola Junior/Senior High",96122
"18888",32,66969,3235603,10,2012,111,73.5,"Portola Junior/Senior High",96122
"18889",32,66969,3235603,11,2012,111,54.3157894736842,"Portola Junior/Senior High",96122
"18890",32,66969,3236007,7,2012,31,82,"Quincy Junior/Senior High",95971
"18891",32,66969,3236007,7,2012,111,79.5,"Quincy Junior/Senior High",95971
"18892",32,66969,3236007,8,2012,31,57.4657534246575,"Quincy Junior/Senior High",95971
"18893",32,66969,3236007,8,2012,111,64.7935483870968,"Quincy Junior/Senior High",95971
"18894",32,66969,3236007,9,2012,31,51.0175438596491,"Quincy Junior/Senior High",95971
"18895",32,66969,3236007,9,2012,111,62.1612903225806,"Quincy Junior/Senior High",95971
"18896",32,66969,3236007,10,2012,31,45.8235294117647,"Quincy Junior/Senior High",95971
"18897",32,66969,3236007,10,2012,111,65.9483870967742,"Quincy Junior/Senior High",95971
"18898",32,66969,3236007,11,2012,31,65.5,"Quincy Junior/Senior High",95971
"18899",32,66969,3236007,11,2012,111,56.0909090909091,"Quincy Junior/Senior High",95971
"18900",32,66969,6031413,2,2012,31,62.5,"Chester Elementary",96020
"18901",32,66969,6031413,3,2012,31,56,"Chester Elementary",96020
"18902",32,66969,6031413,3,2012,111,59,"Chester Elementary",96020
"18903",32,66969,6031413,4,2012,31,87.5,"Chester Elementary",96020
"18904",32,66969,6031413,5,2012,31,56.6666666666667,"Chester Elementary",96020
"18905",32,66969,6031413,6,2012,31,60,"Chester Elementary",96020
"18906",32,66969,6031421,2,2012,31,7,"Greenville Elementary",95947
"18907",33,10330,110833,2,2012,31,36.9911504424779,"River Springs Charter",92590
"18908",33,10330,110833,2,2012,111,57.5019083969466,"River Springs Charter",92590
"18909",33,10330,110833,3,2012,31,35.0218068535826,"River Springs Charter",92590
"18910",33,10330,110833,3,2012,111,52.0292397660819,"River Springs Charter",92590
"18911",33,10330,110833,4,2012,31,47.5360824742268,"River Springs Charter",92590
"18912",33,10330,110833,4,2012,111,61.969696969697,"River Springs Charter",92590
"18913",33,10330,110833,5,2012,31,42.0232108317215,"River Springs Charter",92590
"18914",33,10330,110833,5,2012,111,56.6205191594561,"River Springs Charter",92590
"18915",33,10330,110833,6,2012,31,31.4686648501362,"River Springs Charter",92590
"18916",33,10330,110833,6,2012,111,48.9665551839465,"River Springs Charter",92590
"18917",33,10330,110833,7,2012,31,42.2602409638554,"River Springs Charter",92590
"18918",33,10330,110833,7,2012,111,54.5365474339036,"River Springs Charter",92590
"18919",33,10330,110833,8,2012,31,34.5471698113208,"River Springs Charter",92590
"18920",33,10330,110833,8,2012,111,51.672,"River Springs Charter",92590
"18921",33,10330,110833,9,2012,31,26.8688245315162,"River Springs Charter",92590
"18922",33,10330,110833,9,2012,111,42.6945454545455,"River Springs Charter",92590
"18923",33,10330,110833,10,2012,31,27.5972762645914,"River Springs Charter",92590
"18924",33,10330,110833,10,2012,111,47.0677361853832,"River Springs Charter",92590
"18925",33,10330,110833,11,2012,31,19.3262910798122,"River Springs Charter",92590
"18926",33,10330,110833,11,2012,111,34.440404040404,"River Springs Charter",92590
"18927",33,66977,113597,2,2012,31,55.5,"Phillip M. Stokoe Elementary",92505
"18928",33,66977,113597,2,2012,111,58,"Phillip M. Stokoe Elementary",92505
"18929",33,66977,113597,3,2012,31,51.5,"Phillip M. Stokoe Elementary",92505
"18930",33,66977,113597,3,2012,111,63.2982456140351,"Phillip M. Stokoe Elementary",92505
"18931",33,66977,113597,4,2012,31,55.0233918128655,"Phillip M. Stokoe Elementary",92505
"18932",33,66977,113597,4,2012,111,82,"Phillip M. Stokoe Elementary",92505
"18933",33,66977,113597,5,2012,31,47,"Phillip M. Stokoe Elementary",92505
"18934",33,66977,113597,5,2012,111,62.1475409836066,"Phillip M. Stokoe Elementary",92505
"18935",33,66977,3330008,9,2012,31,40.0303244005642,"La Sierra High",92505
"18936",33,66977,3330008,9,2012,111,60.9246487867178,"La Sierra High",92505
"18937",33,66977,3330008,10,2012,31,36.5276911076443,"La Sierra High",92505
"18938",33,66977,3330008,10,2012,111,55.7903831705485,"La Sierra High",92505
"18939",33,66977,3330008,11,2012,31,38.9889834752128,"La Sierra High",92505
"18940",33,66977,3330008,11,2012,111,49.0469973890339,"La Sierra High",92505
"18941",33,66977,6031520,2,2012,31,43.5,"Collett Elementary",92505
"18942",33,66977,6031520,2,2012,111,46,"Collett Elementary",92505
"18943",33,66977,6031520,3,2012,31,48,"Collett Elementary",92505
"18944",33,66977,6031520,3,2012,111,66.6296296296296,"Collett Elementary",92505
"18945",33,66977,6031520,4,2012,31,67.5,"Collett Elementary",92505
"18946",33,66977,6031520,4,2012,111,76.5,"Collett Elementary",92505
"18947",33,66977,6031520,5,2012,31,48.0286624203822,"Collett Elementary",92505
"18948",33,66977,6031520,5,2012,111,68.6666666666667,"Collett Elementary",92505
"18949",33,66977,6031546,2,2012,31,49.5,"La Granada Elementary",92505
"18950",33,66977,6031546,3,2012,31,51.5,"La Granada Elementary",92505
"18951",33,66977,6031546,4,2012,31,46.5380710659898,"La Granada Elementary",92505
"18952",33,66977,6031546,5,2012,31,41,"La Granada Elementary",92505
"18953",33,66977,6031553,2,2012,31,64.5,"Myra Linn Elementary",92505
"18954",33,66977,6031553,2,2012,111,73.5,"Myra Linn Elementary",92505
"18955",33,66977,6031553,3,2012,31,50.683257918552,"Myra Linn Elementary",92505
"18956",33,66977,6031553,3,2012,111,82,"Myra Linn Elementary",92505
"18957",33,66977,6031553,4,2012,31,61.5061728395062,"Myra Linn Elementary",92505
"18958",33,66977,6031553,4,2012,111,83.5,"Myra Linn Elementary",92505
"18959",33,66977,6031553,5,2012,31,56.1209964412811,"Myra Linn Elementary",92505
"18960",33,66977,6031587,2,2012,31,41,"Twinhill Elementary",92505
"18961",33,66977,6031587,3,2012,31,40.5,"Twinhill Elementary",92505
"18962",33,66977,6031587,4,2012,31,53,"Twinhill Elementary",92505
"18963",33,66977,6031587,5,2012,31,42.6934984520124,"Twinhill Elementary",92505
"18964",33,66977,6098156,6,2012,31,46.0017035775128,"Loma Vista Middle",92505
"18965",33,66977,6098156,6,2012,111,56.5,"Loma Vista Middle",92505
"18966",33,66977,6098156,7,2012,31,46.7155025553663,"Loma Vista Middle",92505
"18967",33,66977,6098156,7,2012,111,66.5625,"Loma Vista Middle",92505
"18968",33,66977,6098156,8,2012,31,52.1097234611954,"Loma Vista Middle",92505
"18969",33,66977,6098156,8,2012,111,62.9556650246305,"Loma Vista Middle",92505
"18970",33,66977,6108104,2,2012,31,46,"Valley View Elementary",92505
"18971",33,66977,6108104,3,2012,31,50,"Valley View Elementary",92505
"18972",33,66977,6108104,4,2012,31,54.5,"Valley View Elementary",92505
"18973",33,66977,6108104,4,2012,111,68.5,"Valley View Elementary",92505
"18974",33,66977,6108104,5,2012,31,46.4793388429752,"Valley View Elementary",92505
"18975",33,66977,6108104,5,2012,111,82,"Valley View Elementary",92505
"18976",33,66985,3330214,9,2012,31,19.6957070707071,"Banning High",92220
"18977",33,66985,3330214,9,2012,111,30.8187919463087,"Banning High",92220
"18978",33,66985,3330214,10,2012,31,18.7730008598452,"Banning High",92220
"18979",33,66985,3330214,10,2012,111,17.8059701492537,"Banning High",92220
"18980",33,66985,3330214,11,2012,31,23.957800511509,"Banning High",92220
"18981",33,66985,3330214,11,2012,111,30.9756097560976,"Banning High",92220
"18982",33,66985,3330222,11,2012,31,6.18947368421053,"New Horizon High",92220
"18983",33,66985,3330974,10,2012,111,27.0769230769231,"Banning Independent Study",92220
"18984",33,66985,3330974,11,2012,111,15.4871794871795,"Banning Independent Study",92220
"18985",33,66985,6031603,2,2012,31,34.5,"Cabazon Elementary",92230
"18986",33,66985,6031603,3,2012,31,66.865671641791,"Cabazon Elementary",92230
"18987",33,66985,6031603,4,2012,31,35.4901960784314,"Cabazon Elementary",92230
"18988",33,66985,6031611,2,2012,31,71,"Central Elementary",92220
"18989",33,66985,6031611,2,2012,111,81.5,"Central Elementary",92220
"18990",33,66985,6031611,3,2012,31,65,"Central Elementary",92220
"18991",33,66985,6031611,3,2012,111,96.5,"Central Elementary",92220
"18992",33,66985,6031611,4,2012,31,76.027027027027,"Central Elementary",92220
"18993",33,66985,6031611,4,2012,111,96.5,"Central Elementary",92220
"18994",33,66985,6031629,2,2012,31,54.9506172839506,"Hemmerling Elementary",92220
"18995",33,66985,6031629,2,2012,111,64,"Hemmerling Elementary",92220
"18996",33,66985,6031629,3,2012,31,58.5,"Hemmerling Elementary",92220
"18997",33,66985,6031629,3,2012,111,70,"Hemmerling Elementary",92220
"18998",33,66985,6031629,4,2012,31,54.510067114094,"Hemmerling Elementary",92220
"18999",33,66985,6031629,4,2012,111,73,"Hemmerling Elementary",92220
"19000",33,66985,6031637,2,2012,31,58.4465408805031,"Hoffer Elementary",92220
"19001",33,66985,6031637,3,2012,31,65.635,"Hoffer Elementary",92220
"19002",33,66985,6031637,4,2012,31,59.5212121212121,"Hoffer Elementary",92220
"19003",33,66985,6112080,7,2012,31,46.4419047619048,"Nicolet Middle",92220
"19004",33,66985,6112080,7,2012,111,60.5535714285714,"Nicolet Middle",92220
"19005",33,66985,6112080,8,2012,31,45.7709991158267,"Nicolet Middle",92220
"19006",33,66985,6112080,8,2012,111,56.1486486486486,"Nicolet Middle",92220
"19007",33,66993,101006,2,2012,31,65,"Sundance Elementary",92223
"19008",33,66993,101006,2,2012,111,78,"Sundance Elementary",92223
"19009",33,66993,101006,3,2012,31,61.5,"Sundance Elementary",92223
"19010",33,66993,101006,3,2012,111,80,"Sundance Elementary",92223
"19011",33,66993,101006,4,2012,31,75.4740740740741,"Sundance Elementary",92223
"19012",33,66993,101006,4,2012,111,89,"Sundance Elementary",92223
"19013",33,66993,101006,5,2012,31,57.3551401869159,"Sundance Elementary",92223
"19014",33,66993,101006,5,2012,111,75.6412213740458,"Sundance Elementary",92223
"19015",33,66993,102749,2,2012,31,77,"Brookside Elementary",92223
"19016",33,66993,102749,2,2012,111,90,"Brookside Elementary",92223
"19017",33,66993,102749,3,2012,31,58,"Brookside Elementary",92223
"19018",33,66993,102749,3,2012,111,84,"Brookside Elementary",92223
"19019",33,66993,102749,4,2012,31,62.5,"Brookside Elementary",92223
"19020",33,66993,102749,4,2012,111,76,"Brookside Elementary",92223
"19021",33,66993,102749,5,2012,31,60.6666666666667,"Brookside Elementary",92223
"19022",33,66993,102749,5,2012,111,87,"Brookside Elementary",92223
"19023",33,66993,106062,6,2012,31,43,"San Gorgonio Middle",92223
"19024",33,66993,106062,6,2012,111,69.9953488372093,"San Gorgonio Middle",92223
"19025",33,66993,106062,7,2012,31,55.0130151843818,"San Gorgonio Middle",92223
"19026",33,66993,106062,7,2012,111,69.5,"San Gorgonio Middle",92223
"19027",33,66993,106062,8,2012,31,61.8073196986006,"San Gorgonio Middle",92223
"19028",33,66993,106062,8,2012,111,77.3055555555556,"San Gorgonio Middle",92223
"19029",33,66993,113936,2,2012,31,42.0704225352113,"Tournament Hills Elementary",92223
"19030",33,66993,113936,2,2012,111,69.5,"Tournament Hills Elementary",92223
"19031",33,66993,113936,3,2012,31,62.5,"Tournament Hills Elementary",92223
"19032",33,66993,113936,3,2012,111,75,"Tournament Hills Elementary",92223
"19033",33,66993,113936,4,2012,31,69,"Tournament Hills Elementary",92223
"19034",33,66993,113936,4,2012,111,82.5,"Tournament Hills Elementary",92223
"19035",33,66993,113936,5,2012,31,61.9922480620155,"Tournament Hills Elementary",92223
"19036",33,66993,113936,5,2012,111,69.6666666666667,"Tournament Hills Elementary",92223
"19037",33,66993,116947,2,2012,31,63,"Anna Hause Elementary",92223
"19038",33,66993,116947,2,2012,111,77,"Anna Hause Elementary",92223
"19039",33,66993,116947,3,2012,31,57,"Anna Hause Elementary",92223
"19040",33,66993,116947,3,2012,111,64.5,"Anna Hause Elementary",92223
"19041",33,66993,116947,4,2012,31,73,"Anna Hause Elementary",92223
"19042",33,66993,116947,4,2012,111,83.5,"Anna Hause Elementary",92223
"19043",33,66993,116947,5,2012,31,74,"Anna Hause Elementary",92223
"19044",33,66993,116947,5,2012,111,91.3333333333333,"Anna Hause Elementary",92223
"19045",33,66993,3330479,9,2012,31,44.1701546860783,"Beaumont Senior High",92223
"19046",33,66993,3330479,9,2012,111,55.22366710013,"Beaumont Senior High",92223
"19047",33,66993,3330479,10,2012,31,38.2960358056266,"Beaumont Senior High",92223
"19048",33,66993,3330479,10,2012,111,50.7496,"Beaumont Senior High",92223
"19049",33,66993,3330479,11,2012,31,40.014406779661,"Beaumont Senior High",92223
"19050",33,66993,3330479,11,2012,111,43.9615877080666,"Beaumont Senior High",92223
"19051",33,66993,3330842,10,2012,31,9.60747663551402,"Glen View High",92223
"19052",33,66993,3330842,11,2012,31,7.36363636363636,"Glen View High",92223
"19053",33,66993,3331089,2,2012,31,53.5,"Three Rings Ranch Elementary",92223
"19054",33,66993,3331089,2,2012,111,75.5,"Three Rings Ranch Elementary",92223
"19055",33,66993,3331089,3,2012,31,62,"Three Rings Ranch Elementary",92223
"19056",33,66993,3331089,3,2012,111,80,"Three Rings Ranch Elementary",92223
"19057",33,66993,3331089,4,2012,31,59.5,"Three Rings Ranch Elementary",92223
"19058",33,66993,3331089,4,2012,111,83,"Three Rings Ranch Elementary",92223
"19059",33,66993,3331089,5,2012,31,61.6666666666667,"Three Rings Ranch Elementary",92223
"19060",33,66993,3331089,5,2012,111,72.3333333333333,"Three Rings Ranch Elementary",92223
"19061",33,66993,6031652,6,2012,31,54.4837545126354,"Mountain View Middle",92223
"19062",33,66993,6031652,6,2012,111,63.5328467153285,"Mountain View Middle",92223
"19063",33,66993,6031652,7,2012,31,70.9970501474926,"Mountain View Middle",92223
"19064",33,66993,6031652,7,2012,111,78.9902280130293,"Mountain View Middle",92223
"19065",33,66993,6031652,8,2012,31,56.8214765100671,"Mountain View Middle",92223
"19066",33,66993,6031652,8,2012,111,74.5760869565217,"Mountain View Middle",92223
"19067",33,67033,100966,6,2012,31,100,"El Cerrito Middle",92881
"19068",33,67033,100966,6,2012,111,99,"El Cerrito Middle",92881
"19069",33,67033,100966,7,2012,31,49.5777777777778,"El Cerrito Middle",92881
"19070",33,67033,100966,7,2012,111,78.024115755627,"El Cerrito Middle",92881
"19071",33,67033,100966,8,2012,31,43.2559681697613,"El Cerrito Middle",92881
"19072",33,67033,100966,8,2012,111,66.2267057960381,"El Cerrito Middle",92881
"19073",33,67033,100974,2,2012,31,53.5,"Clara Barton Elementary",92880
"19074",33,67033,100974,2,2012,111,79,"Clara Barton Elementary",92880
"19075",33,67033,100974,3,2012,31,64.5,"Clara Barton Elementary",92880
"19076",33,67033,100974,3,2012,111,84.5,"Clara Barton Elementary",92880
"19077",33,67033,100974,4,2012,31,77.496062992126,"Clara Barton Elementary",92880
"19078",33,67033,100974,4,2012,111,88.003663003663,"Clara Barton Elementary",92880
"19079",33,67033,100974,5,2012,31,77.3546511627907,"Clara Barton Elementary",92880
"19080",33,67033,100974,5,2012,111,87,"Clara Barton Elementary",92880
"19081",33,67033,100974,6,2012,31,79,"Clara Barton Elementary",92880
"19082",33,67033,100974,6,2012,111,82,"Clara Barton Elementary",92880
"19083",33,67033,100982,2,2012,31,70,"Temescal Valley Elementary",92883
"19084",33,67033,100982,2,2012,111,89,"Temescal Valley Elementary",92883
"19085",33,67033,100982,3,2012,31,60.9295774647887,"Temescal Valley Elementary",92883
"19086",33,67033,100982,3,2012,111,85.5,"Temescal Valley Elementary",92883
"19087",33,67033,100982,4,2012,31,79.4939759036145,"Temescal Valley Elementary",92883
"19088",33,67033,100982,4,2012,111,91.0059171597633,"Temescal Valley Elementary",92883
"19089",33,67033,100982,5,2012,31,75.3333333333333,"Temescal Valley Elementary",92883
"19090",33,67033,100982,5,2012,111,92.6666666666667,"Temescal Valley Elementary",92883
"19091",33,67033,100982,6,2012,31,71.1388888888889,"Temescal Valley Elementary",92883
"19092",33,67033,100982,6,2012,111,84.5,"Temescal Valley Elementary",92883
"19093",33,67033,105809,2,2012,31,62.5,"Harada Elementary",92880
"19094",33,67033,105809,2,2012,111,72.5,"Harada Elementary",92880
"19095",33,67033,105809,3,2012,31,63.5702479338843,"Harada Elementary",92880
"19096",33,67033,105809,3,2012,111,77.0341463414634,"Harada Elementary",92880
"19097",33,67033,105809,4,2012,31,82,"Harada Elementary",92880
"19098",33,67033,105809,4,2012,111,91.5117370892019,"Harada Elementary",92880
"19099",33,67033,105809,5,2012,31,67.6666666666667,"Harada Elementary",92880
"19100",33,67033,105809,5,2012,111,74.6721854304636,"Harada Elementary",92880
"19101",33,67033,105809,6,2012,31,59.954954954955,"Harada Elementary",92880
"19102",33,67033,105809,6,2012,111,80,"Harada Elementary",92880
"19103",33,67033,110106,9,2012,31,5.61971830985915,"Orange Grove High",92882
"19104",33,67033,110106,10,2012,31,1.22857142857143,"Orange Grove High",92882
"19105",33,67033,110106,11,2012,31,3.48538011695906,"Orange Grove High",92882
"19106",33,67033,110106,11,2012,111,0,"Orange Grove High",92882
"19107",33,67033,110627,9,2012,31,48.6817343173432,"Eleanor Roosevelt High",92880
"19108",33,67033,110627,9,2012,111,63.6173010380623,"Eleanor Roosevelt High",92880
"19109",33,67033,110627,10,2012,31,41.8864142538975,"Eleanor Roosevelt High",92880
"19110",33,67033,110627,10,2012,111,56.3682083520431,"Eleanor Roosevelt High",92880
"19111",33,67033,110627,11,2012,31,46.9371563236449,"Eleanor Roosevelt High",92880
"19112",33,67033,110627,11,2012,111,52.0327129159616,"Eleanor Roosevelt High",92880
"19113",33,67033,110635,7,2012,31,56.9547413793103,"River Heights Intermediate",92880
"19114",33,67033,110635,7,2012,111,74.4254032258064,"River Heights Intermediate",92880
"19115",33,67033,110635,8,2012,31,54.1871599564744,"River Heights Intermediate",92880
"19116",33,67033,110635,8,2012,111,69.5373475609756,"River Heights Intermediate",92880
"19117",33,67033,110643,3,2012,31,59.1666666666667,"Eastvale Elementary",92880
"19118",33,67033,110643,3,2012,111,74.5,"Eastvale Elementary",92880
"19119",33,67033,110643,4,2012,31,82.5309734513274,"Eastvale Elementary",92880
"19120",33,67033,110643,4,2012,111,91.4904214559387,"Eastvale Elementary",92880
"19121",33,67033,110643,5,2012,31,71.7398843930636,"Eastvale Elementary",92880
"19122",33,67033,110643,5,2012,111,84.66875,"Eastvale Elementary",92880
"19123",33,67033,110643,6,2012,31,76.016,"Eastvale Elementary",92880
"19124",33,67033,110643,6,2012,111,85.48828125,"Eastvale Elementary",92880
"19125",33,67033,110759,10,2012,31,54.3566878980892,"John F. Kennedy High",92860
"19126",33,67033,110759,10,2012,111,68.2602739726027,"John F. Kennedy High",92860
"19127",33,67033,110759,11,2012,31,55.0323886639676,"John F. Kennedy High",92860
"19128",33,67033,110759,11,2012,111,68.6381322957198,"John F. Kennedy High",92860
"19129",33,67033,113654,2,2012,31,77,"Rosa Parks Elementary",92880
"19130",33,67033,113654,2,2012,111,81,"Rosa Parks Elementary",92880
"19131",33,67033,113654,3,2012,31,56.8627450980392,"Rosa Parks Elementary",92880
"19132",33,67033,113654,3,2012,111,80.4744027303754,"Rosa Parks Elementary",92880
"19133",33,67033,113654,4,2012,31,79.5,"Rosa Parks Elementary",92880
"19134",33,67033,113654,4,2012,111,86,"Rosa Parks Elementary",92880
"19135",33,67033,113654,5,2012,31,72.7037037037037,"Rosa Parks Elementary",92880
"19136",33,67033,113654,5,2012,111,82.0164473684211,"Rosa Parks Elementary",92880
"19137",33,67033,113654,6,2012,31,56.9624060150376,"Rosa Parks Elementary",92880
"19138",33,67033,113654,6,2012,111,80,"Rosa Parks Elementary",92880
"19139",33,67033,3330446,9,2012,31,40.7648419429453,"Centennial High",92881
"19140",33,67033,3330446,9,2012,111,65.0039745627981,"Centennial High",92881
"19141",33,67033,3330446,10,2012,31,40.0455037919827,"Centennial High",92881
"19142",33,67033,3330446,10,2012,111,60.5631273111463,"Centennial High",92881
"19143",33,67033,3330446,11,2012,31,42.9495596477182,"Centennial High",92881
"19144",33,67033,3330446,11,2012,111,58.9259842519685,"Centennial High",92881
"19145",33,67033,3330701,9,2012,31,42.3706666666667,"Santiago High",92881
"19146",33,67033,3330701,9,2012,111,63.5100342633382,"Santiago High",92881
"19147",33,67033,3330701,10,2012,31,41.3953846153846,"Santiago High",92881
"19148",33,67033,3330701,10,2012,111,55.3223374175306,"Santiago High",92881
"19149",33,67033,3330701,11,2012,31,36.3126436781609,"Santiago High",92881
"19150",33,67033,3330701,11,2012,111,53.0196,"Santiago High",92881
"19151",33,67033,3331600,9,2012,31,34.2001499250375,"Corona High",92882
"19152",33,67033,3331600,9,2012,111,59.9387966804979,"Corona High",92882
"19153",33,67033,3331600,10,2012,31,35.0290672451193,"Corona High",92882
"19154",33,67033,3331600,10,2012,111,57.519975414874,"Corona High",92882
"19155",33,67033,3331600,11,2012,31,36.930303030303,"Corona High",92882
"19156",33,67033,3331600,11,2012,111,52.2412955465587,"Corona High",92882
"19157",33,67033,3334232,9,2012,31,39.7947658402204,"Norco High",92860
"19158",33,67033,3334232,9,2012,111,60.174168297456,"Norco High",92860
"19159",33,67033,3334232,10,2012,31,36.8359649122807,"Norco High",92860
"19160",33,67033,3334232,10,2012,111,55.6626650660264,"Norco High",92860
"19161",33,67033,3334232,11,2012,31,38.3151125401929,"Norco High",92860
"19162",33,67033,3334232,11,2012,111,48.156010230179,"Norco High",92860
"19163",33,67033,6031736,2,2012,31,60,"John Adams Elementary",92882
"19164",33,67033,6031736,2,2012,111,82,"John Adams Elementary",92882
"19165",33,67033,6031736,3,2012,31,66,"John Adams Elementary",92882
"19166",33,67033,6031736,3,2012,111,70,"John Adams Elementary",92882
"19167",33,67033,6031736,4,2012,31,65.5755395683453,"John Adams Elementary",92882
"19168",33,67033,6031736,5,2012,31,62,"John Adams Elementary",92882
"19169",33,67033,6031736,5,2012,111,90,"John Adams Elementary",92882
"19170",33,67033,6031736,6,2012,31,58.424,"John Adams Elementary",92882
"19171",33,67033,6031736,6,2012,111,80,"John Adams Elementary",92882
"19172",33,67033,6031751,2,2012,31,61.4121621621622,"Coronita Elementary",92882
"19173",33,67033,6031751,2,2012,111,59,"Coronita Elementary",92882
"19174",33,67033,6031751,3,2012,31,53.5,"Coronita Elementary",92882
"19175",33,67033,6031751,3,2012,111,36.5,"Coronita Elementary",92882
"19176",33,67033,6031751,4,2012,31,60.5,"Coronita Elementary",92882
"19177",33,67033,6031751,4,2012,111,82,"Coronita Elementary",92882
"19178",33,67033,6031751,5,2012,31,49.073275862069,"Coronita Elementary",92882
"19179",33,67033,6031751,6,2012,31,43.379746835443,"Coronita Elementary",92882
"19180",33,67033,6031785,2,2012,31,56,"Garretson Elementary",92879
"19181",33,67033,6031785,2,2012,111,76.5,"Garretson Elementary",92879
"19182",33,67033,6031785,3,2012,31,36.5,"Garretson Elementary",92879
"19183",33,67033,6031785,3,2012,111,77.5,"Garretson Elementary",92879
"19184",33,67033,6031785,4,2012,31,48,"Garretson Elementary",92879
"19185",33,67033,6031785,4,2012,111,73.4698795180723,"Garretson Elementary",92879
"19186",33,67033,6031785,5,2012,31,48.9934426229508,"Garretson Elementary",92879
"19187",33,67033,6031785,5,2012,111,73.3428571428571,"Garretson Elementary",92879
"19188",33,67033,6031785,6,2012,31,50.5136612021858,"Garretson Elementary",92879
"19189",33,67033,6031785,6,2012,111,77.5,"Garretson Elementary",92879
"19190",33,67033,6031801,2,2012,31,59,"Highland Elementary",92860
"19191",33,67033,6031801,2,2012,111,64,"Highland Elementary",92860
"19192",33,67033,6031801,3,2012,31,47,"Highland Elementary",92860
"19193",33,67033,6031801,3,2012,111,72.5,"Highland Elementary",92860
"19194",33,67033,6031801,4,2012,31,64.4222222222222,"Highland Elementary",92860
"19195",33,67033,6031801,4,2012,111,79,"Highland Elementary",92860
"19196",33,67033,6031801,5,2012,31,57.5393258426966,"Highland Elementary",92860
"19197",33,67033,6031801,5,2012,111,77.6666666666667,"Highland Elementary",92860
"19198",33,67033,6031801,6,2012,31,59.4202898550725,"Highland Elementary",92860
"19199",33,67033,6031801,6,2012,111,78.9065420560748,"Highland Elementary",92860
"19200",33,67033,6031819,2,2012,31,52,"Home Gardens Academy",92879
"19201",33,67033,6031819,3,2012,31,32.5,"Home Gardens Academy",92879
"19202",33,67033,6031819,4,2012,31,58.6319444444444,"Home Gardens Academy",92879
"19203",33,67033,6031819,5,2012,31,54.0436681222707,"Home Gardens Academy",92879
"19204",33,67033,6031819,6,2012,31,50,"Home Gardens Academy",92879
"19205",33,67033,6031827,2,2012,31,53.0280373831776,"Jefferson Elementary",92882
"19206",33,67033,6031827,3,2012,31,69.08,"Jefferson Elementary",92882
"19207",33,67033,6031827,4,2012,31,48.0099502487562,"Jefferson Elementary",92882
"19208",33,67033,6031827,5,2012,31,50.7148936170213,"Jefferson Elementary",92882
"19209",33,67033,6031827,6,2012,31,40.0173410404624,"Jefferson Elementary",92882
"19210",33,67033,6031843,2,2012,31,54.5,"Norco Elementary",92860
"19211",33,67033,6031843,2,2012,111,66,"Norco Elementary",92860
"19212",33,67033,6031843,3,2012,31,45.5,"Norco Elementary",92860
"19213",33,67033,6031843,3,2012,111,76.2105263157895,"Norco Elementary",92860
"19214",33,67033,6031843,4,2012,31,62,"Norco Elementary",92860
"19215",33,67033,6031843,4,2012,111,86.5470085470085,"Norco Elementary",92860
"19216",33,67033,6031843,5,2012,31,51.4285714285714,"Norco Elementary",92860
"19217",33,67033,6031843,5,2012,111,82.3722222222222,"Norco Elementary",92860
"19218",33,67033,6031843,6,2012,31,43.4909090909091,"Norco Elementary",92860
"19219",33,67033,6031843,6,2012,111,75,"Norco Elementary",92860
"19220",33,67033,6031850,2,2012,31,32,"Parkridge Elementary",92879
"19221",33,67033,6031850,2,2012,111,41,"Parkridge Elementary",92879
"19222",33,67033,6031850,3,2012,31,35,"Parkridge Elementary",92879
"19223",33,67033,6031850,4,2012,31,52.5,"Parkridge Elementary",92879
"19224",33,67033,6031850,4,2012,111,81,"Parkridge Elementary",92879
"19225",33,67033,6031850,5,2012,31,45.3333333333333,"Parkridge Elementary",92879
"19226",33,67033,6031850,5,2012,111,61,"Parkridge Elementary",92879
"19227",33,67033,6031850,6,2012,31,25.9818181818182,"Parkridge Elementary",92879
"19228",33,67033,6031850,6,2012,111,73,"Parkridge Elementary",92879
"19229",33,67033,6031868,2,2012,31,59,"Riverview Elementary",92860
"19230",33,67033,6031868,2,2012,111,60,"Riverview Elementary",92860
"19231",33,67033,6031868,3,2012,31,62,"Riverview Elementary",92860
"19232",33,67033,6031868,3,2012,111,39.5,"Riverview Elementary",92860
"19233",33,67033,6031868,4,2012,31,37.4375,"Riverview Elementary",92860
"19234",33,67033,6031868,4,2012,111,68.5,"Riverview Elementary",92860
"19235",33,67033,6031868,5,2012,31,46.8775510204082,"Riverview Elementary",92860
"19236",33,67033,6031868,5,2012,111,67.4423076923077,"Riverview Elementary",92860
"19237",33,67033,6031868,6,2012,31,44.8709677419355,"Riverview Elementary",92860
"19238",33,67033,6031868,6,2012,111,61.5,"Riverview Elementary",92860
"19239",33,67033,6031876,2,2012,31,46,"Sierra Vista Elementary",92860
"19240",33,67033,6031876,2,2012,111,81,"Sierra Vista Elementary",92860
"19241",33,67033,6031876,3,2012,31,30.9459459459459,"Sierra Vista Elementary",92860
"19242",33,67033,6031876,3,2012,111,47,"Sierra Vista Elementary",92860
"19243",33,67033,6031876,4,2012,31,74.5,"Sierra Vista Elementary",92860
"19244",33,67033,6031876,4,2012,111,84,"Sierra Vista Elementary",92860
"19245",33,67033,6031876,5,2012,31,31.6666666666667,"Sierra Vista Elementary",92860
"19246",33,67033,6031876,5,2012,111,48,"Sierra Vista Elementary",92860
"19247",33,67033,6031876,6,2012,31,50.9365079365079,"Sierra Vista Elementary",92860
"19248",33,67033,6031876,6,2012,111,60.5,"Sierra Vista Elementary",92860
"19249",33,67033,6031884,2,2012,31,48.5,"Vicentia Elementary",92882
"19250",33,67033,6031884,2,2012,111,88,"Vicentia Elementary",92882
"19251",33,67033,6031884,3,2012,31,55.9009009009009,"Vicentia Elementary",92882
"19252",33,67033,6031884,3,2012,111,83.1063829787234,"Vicentia Elementary",92882
"19253",33,67033,6031884,4,2012,31,61.5503355704698,"Vicentia Elementary",92882
"19254",33,67033,6031884,4,2012,111,78.0338983050847,"Vicentia Elementary",92882
"19255",33,67033,6031884,5,2012,31,61.979057591623,"Vicentia Elementary",92882
"19256",33,67033,6031884,5,2012,111,89,"Vicentia Elementary",92882
"19257",33,67033,6031884,6,2012,31,57.4748201438849,"Vicentia Elementary",92882
"19258",33,67033,6031884,6,2012,111,73,"Vicentia Elementary",92882
"19259",33,67033,6059026,7,2012,31,38.7916666666667,"Auburndale Intermediate",92880
"19260",33,67033,6059026,7,2012,111,58.6212121212121,"Auburndale Intermediate",92880
"19261",33,67033,6059026,8,2012,31,40.4331877729258,"Auburndale Intermediate",92880
"19262",33,67033,6059026,8,2012,111,53.7824858757062,"Auburndale Intermediate",92880
"19263",33,67033,6059042,6,2012,31,100,"Letha Raney Intermediate",92882
"19264",33,67033,6059042,6,2012,111,99,"Letha Raney Intermediate",92882
"19265",33,67033,6059042,7,2012,31,39.0609480812641,"Letha Raney Intermediate",92882
"19266",33,67033,6059042,7,2012,111,72.5793357933579,"Letha Raney Intermediate",92882
"19267",33,67033,6059042,8,2012,31,36.6557805355976,"Letha Raney Intermediate",92882
"19268",33,67033,6059042,8,2012,111,65.4102040816327,"Letha Raney Intermediate",92882
"19269",33,67033,6061766,7,2012,31,48.3669724770642,"Norco Intermediate",92860
"19270",33,67033,6061766,7,2012,111,67.6141304347826,"Norco Intermediate",92860
"19271",33,67033,6061766,8,2012,31,49.095145631068,"Norco Intermediate",92860
"19272",33,67033,6061766,8,2012,111,65.8395324123273,"Norco Intermediate",92860
"19273",33,67033,6084669,2,2012,31,43,"John Stallings Elementary",92881
"19274",33,67033,6084669,2,2012,111,70,"John Stallings Elementary",92881
"19275",33,67033,6084669,3,2012,31,29.5,"John Stallings Elementary",92881
"19276",33,67033,6084669,3,2012,111,41,"John Stallings Elementary",92881
"19277",33,67033,6084669,4,2012,31,61.9439252336449,"John Stallings Elementary",92881
"19278",33,67033,6084669,4,2012,111,85.5121951219512,"John Stallings Elementary",92881
"19279",33,67033,6084669,5,2012,31,45.7040816326531,"John Stallings Elementary",92881
"19280",33,67033,6084669,5,2012,111,64,"John Stallings Elementary",92881
"19281",33,67033,6084669,6,2012,31,38.0569105691057,"John Stallings Elementary",92881
"19282",33,67033,6084669,6,2012,111,50,"John Stallings Elementary",92881
"19283",33,67033,6107668,2,2012,31,66.5,"Foothill Elementary",92882
"19284",33,67033,6107668,2,2012,111,74,"Foothill Elementary",92882
"19285",33,67033,6107668,3,2012,31,57.5492957746479,"Foothill Elementary",92882
"19286",33,67033,6107668,3,2012,111,63.5,"Foothill Elementary",92882
"19287",33,67033,6107668,4,2012,31,77.5,"Foothill Elementary",92882
"19288",33,67033,6107668,4,2012,111,89.0134529147982,"Foothill Elementary",92882
"19289",33,67033,6107668,5,2012,31,65.3490566037736,"Foothill Elementary",92882
"19290",33,67033,6107668,5,2012,111,82.6666666666667,"Foothill Elementary",92882
"19291",33,67033,6107668,6,2012,31,57,"Foothill Elementary",92882
"19292",33,67033,6107668,6,2012,111,77.9861751152074,"Foothill Elementary",92882
"19293",33,67033,6107676,2,2012,31,55,"Prado View Elementary",92882
"19294",33,67033,6107676,2,2012,111,68,"Prado View Elementary",92882
"19295",33,67033,6107676,3,2012,31,45.8983050847458,"Prado View Elementary",92882
"19296",33,67033,6107676,3,2012,111,67.5,"Prado View Elementary",92882
"19297",33,67033,6107676,4,2012,31,72.4615384615385,"Prado View Elementary",92882
"19298",33,67033,6107676,4,2012,111,89.5235602094241,"Prado View Elementary",92882
"19299",33,67033,6107676,5,2012,31,72.0470588235294,"Prado View Elementary",92882
"19300",33,67033,6107676,5,2012,111,86.6597510373444,"Prado View Elementary",92882
"19301",33,67033,6107676,6,2012,31,29.5,"Prado View Elementary",92882
"19302",33,67033,6107676,6,2012,111,57.9281767955801,"Prado View Elementary",92882
"19303",33,67033,6110589,2,2012,31,45,"William McKinley Elementary",92879
"19304",33,67033,6110589,2,2012,111,53,"William McKinley Elementary",92879
"19305",33,67033,6110589,3,2012,31,37.6461538461538,"William McKinley Elementary",92879
"19306",33,67033,6110589,3,2012,111,48.0961538461538,"William McKinley Elementary",92879
"19307",33,67033,6110589,4,2012,31,53.5420560747664,"William McKinley Elementary",92879
"19308",33,67033,6110589,4,2012,111,89.0082644628099,"William McKinley Elementary",92879
"19309",33,67033,6110589,5,2012,31,62.3333333333333,"William McKinley Elementary",92879
"19310",33,67033,6110589,5,2012,111,71.6526315789474,"William McKinley Elementary",92879
"19311",33,67033,6110589,6,2012,31,63.0236220472441,"William McKinley Elementary",92879
"19312",33,67033,6110589,6,2012,111,85,"William McKinley Elementary",92879
"19313",33,67033,6112957,2,2012,31,77,"Susan B. Anthony Elementary",92881
"19314",33,67033,6112957,2,2012,111,89.5,"Susan B. Anthony Elementary",92881
"19315",33,67033,6112957,3,2012,31,78.5,"Susan B. Anthony Elementary",92881
"19316",33,67033,6112957,3,2012,111,80.5,"Susan B. Anthony Elementary",92881
"19317",33,67033,6112957,4,2012,31,77.5094339622642,"Susan B. Anthony Elementary",92881
"19318",33,67033,6112957,4,2012,111,93,"Susan B. Anthony Elementary",92881
"19319",33,67033,6112957,5,2012,31,70.6216216216216,"Susan B. Anthony Elementary",92881
"19320",33,67033,6112957,5,2012,111,84.6666666666667,"Susan B. Anthony Elementary",92881
"19321",33,67033,6112957,6,2012,31,71,"Susan B. Anthony Elementary",92881
"19322",33,67033,6112957,6,2012,111,72.9246231155779,"Susan B. Anthony Elementary",92881
"19323",33,67033,6114151,2,2012,31,54,"Cesar Chavez Academy",92882
"19324",33,67033,6114151,2,2012,111,82,"Cesar Chavez Academy",92882
"19325",33,67033,6114151,3,2012,31,56,"Cesar Chavez Academy",92882
"19326",33,67033,6114151,3,2012,111,79,"Cesar Chavez Academy",92882
"19327",33,67033,6114151,4,2012,31,71.5,"Cesar Chavez Academy",92882
"19328",33,67033,6114151,4,2012,111,79,"Cesar Chavez Academy",92882
"19329",33,67033,6114151,5,2012,31,60.0428571428571,"Cesar Chavez Academy",92882
"19330",33,67033,6114151,5,2012,111,76.3,"Cesar Chavez Academy",92882
"19331",33,67033,6114151,6,2012,31,57.4520547945205,"Cesar Chavez Academy",92882
"19332",33,67033,6114151,6,2012,111,78,"Cesar Chavez Academy",92882
"19333",33,67033,6114151,7,2012,31,66.1333333333333,"Cesar Chavez Academy",92882
"19334",33,67033,6114151,7,2012,111,82.5422885572139,"Cesar Chavez Academy",92882
"19335",33,67033,6116404,2,2012,31,55,"Benjamin Franklin Elementary",92882
"19336",33,67033,6116404,2,2012,111,79.5,"Benjamin Franklin Elementary",92882
"19337",33,67033,6116404,3,2012,31,60.4,"Benjamin Franklin Elementary",92882
"19338",33,67033,6116404,3,2012,111,72.9509202453988,"Benjamin Franklin Elementary",92882
"19339",33,67033,6116404,4,2012,31,80.5,"Benjamin Franklin Elementary",92882
"19340",33,67033,6116404,4,2012,111,91.048,"Benjamin Franklin Elementary",92882
"19341",33,67033,6116404,5,2012,31,51.6666666666667,"Benjamin Franklin Elementary",92882
"19342",33,67033,6116404,5,2012,111,83.3461538461538,"Benjamin Franklin Elementary",92882
"19343",33,67033,6116404,6,2012,31,50,"Benjamin Franklin Elementary",92882
"19344",33,67033,6116404,6,2012,111,73.5,"Benjamin Franklin Elementary",92882
"19345",33,67033,6116412,7,2012,31,56.0755208333333,"Citrus Hills Intermediate",92882
"19346",33,67033,6116412,7,2012,111,74.0500568828214,"Citrus Hills Intermediate",92882
"19347",33,67033,6116412,8,2012,31,50.8263403263403,"Citrus Hills Intermediate",92882
"19348",33,67033,6116412,8,2012,111,65.3166760247052,"Citrus Hills Intermediate",92882
"19349",33,67033,6117998,2,2012,31,56.5,"Woodrow Wilson Elementary",92883
"19350",33,67033,6117998,2,2012,111,84,"Woodrow Wilson Elementary",92883
"19351",33,67033,6117998,3,2012,31,63.5,"Woodrow Wilson Elementary",92883
"19352",33,67033,6117998,3,2012,111,76,"Woodrow Wilson Elementary",92883
"19353",33,67033,6117998,4,2012,31,64.8941176470588,"Woodrow Wilson Elementary",92883
"19354",33,67033,6117998,4,2012,111,90.5023474178404,"Woodrow Wilson Elementary",92883
"19355",33,67033,6117998,5,2012,31,59.3389830508475,"Woodrow Wilson Elementary",92883
"19356",33,67033,6117998,5,2012,111,79.6677419354839,"Woodrow Wilson Elementary",92883
"19357",33,67033,6117998,6,2012,31,55,"Woodrow Wilson Elementary",92883
"19358",33,67033,6117998,6,2012,111,78.9900497512438,"Woodrow Wilson Elementary",92883
"19359",33,67033,6120364,2,2012,31,73.5,"Corona Ranch Elementary",92879
"19360",33,67033,6120364,2,2012,111,91.5,"Corona Ranch Elementary",92879
"19361",33,67033,6120364,3,2012,31,67.5,"Corona Ranch Elementary",92879
"19362",33,67033,6120364,3,2012,111,87.5,"Corona Ranch Elementary",92879
"19363",33,67033,6120364,4,2012,31,78,"Corona Ranch Elementary",92879
"19364",33,67033,6120364,4,2012,111,86.5,"Corona Ranch Elementary",92879
"19365",33,67033,6120364,5,2012,31,74.4313725490196,"Corona Ranch Elementary",92879
"19366",33,67033,6120364,5,2012,111,82.015625,"Corona Ranch Elementary",92879
"19367",33,67033,6120364,6,2012,31,79.4275862068965,"Corona Ranch Elementary",92879
"19368",33,67033,6120364,6,2012,111,89.4444444444444,"Corona Ranch Elementary",92879
"19369",33,67033,6120372,2,2012,31,36.5,"Orange Elementary",92881
"19370",33,67033,6120372,2,2012,111,65,"Orange Elementary",92881
"19371",33,67033,6120372,3,2012,31,49.4179104477612,"Orange Elementary",92881
"19372",33,67033,6120372,3,2012,111,62.5028901734104,"Orange Elementary",92881
"19373",33,67033,6120372,4,2012,31,55.4067796610169,"Orange Elementary",92881
"19374",33,67033,6120372,4,2012,111,77,"Orange Elementary",92881
"19375",33,67033,6120372,5,2012,31,67.2151898734177,"Orange Elementary",92881
"19376",33,67033,6120372,5,2012,111,84.3392330383481,"Orange Elementary",92881
"19377",33,67033,6120372,6,2012,31,52.5438596491228,"Orange Elementary",92881
"19378",33,67033,6120372,6,2012,111,72.0239234449761,"Orange Elementary",92881
"19379",33,67058,108464,2,2012,31,42.5,"Carrillo Ranch Elementary",92201
"19380",33,67058,108464,2,2012,111,67,"Carrillo Ranch Elementary",92201
"19381",33,67058,108464,3,2012,31,56.0821256038647,"Carrillo Ranch Elementary",92201
"19382",33,67058,108464,3,2012,111,76.5,"Carrillo Ranch Elementary",92201
"19383",33,67058,108464,4,2012,31,57.0776699029126,"Carrillo Ranch Elementary",92201
"19384",33,67058,108464,4,2012,111,82.5,"Carrillo Ranch Elementary",92201
"19385",33,67058,108464,5,2012,31,69.4608695652174,"Carrillo Ranch Elementary",92201
"19386",33,67058,108464,5,2012,111,95.6304347826087,"Carrillo Ranch Elementary",92201
"19387",33,67058,110791,2,2012,31,48.9363057324841,"Ronald Reagan Elementary",92211
"19388",33,67058,110791,2,2012,111,77.5,"Ronald Reagan Elementary",92211
"19389",33,67058,110791,3,2012,31,58.5,"Ronald Reagan Elementary",92211
"19390",33,67058,110791,3,2012,111,75.5,"Ronald Reagan Elementary",92211
"19391",33,67058,110791,4,2012,31,69.488,"Ronald Reagan Elementary",92211
"19392",33,67058,110791,4,2012,111,83.5140186915888,"Ronald Reagan Elementary",92211
"19393",33,67058,110791,5,2012,31,56.3366834170854,"Ronald Reagan Elementary",92211
"19394",33,67058,110791,5,2012,111,84.6666666666667,"Ronald Reagan Elementary",92211
"19395",33,67058,114504,11,2012,31,15.2492113564669,"Summit High (Continuation)",92253
"19396",33,67058,114504,11,2012,111,23.4883720930233,"Summit High (Continuation)",92253
"19397",33,67058,118885,9,2012,31,36.2581032412965,"Shadow Hills High",92201
"19398",33,67058,118885,9,2012,111,57.1739130434783,"Shadow Hills High",92201
"19399",33,67058,118885,10,2012,31,32.6554054054054,"Shadow Hills High",92201
"19400",33,67058,118885,10,2012,111,53.7142857142857,"Shadow Hills High",92201
"19401",33,67058,118885,11,2012,31,35.3034398034398,"Shadow Hills High",92201
"19402",33,67058,118885,11,2012,111,47.1055900621118,"Shadow Hills High",92201
"19403",33,67058,119305,6,2012,31,66.5157232704402,"Desert Ridge Academy",92203
"19404",33,67058,119305,6,2012,111,79.0162601626016,"Desert Ridge Academy",92203
"19405",33,67058,119305,7,2012,31,56.5043177892919,"Desert Ridge Academy",92203
"19406",33,67058,119305,7,2012,111,83.5164835164835,"Desert Ridge Academy",92203
"19407",33,67058,119305,8,2012,31,51.3638968481375,"Desert Ridge Academy",92203
"19408",33,67058,119305,8,2012,111,76.8967741935484,"Desert Ridge Academy",92203
"19409",33,67058,3330388,9,2012,31,43.5100574712644,"Palm Desert High",92260
"19410",33,67058,3330388,9,2012,111,72.4547945205479,"Palm Desert High",92260
"19411",33,67058,3330388,10,2012,31,42.7722852512156,"Palm Desert High",92260
"19412",33,67058,3330388,10,2012,111,64.2140015910899,"Palm Desert High",92260
"19413",33,67058,3330388,11,2012,31,48.7985185185185,"Palm Desert High",92260
"19414",33,67058,3330388,11,2012,111,64.7820224719101,"Palm Desert High",92260
"19415",33,67058,3330669,9,2012,31,53.5773195876289,"La Quinta High",92253
"19416",33,67058,3330669,9,2012,111,72.4548254620123,"La Quinta High",92253
"19417",33,67058,3330669,10,2012,31,48.9123222748815,"La Quinta High",92253
"19418",33,67058,3330669,10,2012,111,67.3202033036849,"La Quinta High",92253
"19419",33,67058,3330669,11,2012,31,41.0121608980355,"La Quinta High",92253
"19420",33,67058,3330669,11,2012,111,61.6841680129241,"La Quinta High",92253
"19421",33,67058,3330909,7,2012,31,23.3030303030303,"Horizon",92253
"19422",33,67058,3330909,8,2012,31,9.09230769230769,"Horizon",92253
"19423",33,67058,3330909,8,2012,111,68.1791044776119,"Horizon",92253
"19424",33,67058,3330909,9,2012,31,22.8795180722892,"Horizon",92253
"19425",33,67058,3330909,9,2012,111,25.5873015873016,"Horizon",92253
"19426",33,67058,3330909,10,2012,31,8.104,"Horizon",92253
"19427",33,67058,3330909,10,2012,111,27.7471264367816,"Horizon",92253
"19428",33,67058,3330909,11,2012,31,11.2279411764706,"Horizon",92253
"19429",33,67058,3330909,11,2012,111,19.7378048780488,"Horizon",92253
"19430",33,67058,3333192,9,2012,31,26.5213137665968,"Indio High",92201
"19431",33,67058,3333192,9,2012,111,43.1052631578947,"Indio High",92201
"19432",33,67058,3333192,10,2012,31,32.2839879154079,"Indio High",92201
"19433",33,67058,3333192,10,2012,111,44.9375,"Indio High",92201
"19434",33,67058,3333192,11,2012,31,28.5404411764706,"Indio High",92201
"19435",33,67058,3333192,11,2012,111,36.2083333333333,"Indio High",92201
"19436",33,67058,6031991,6,2012,31,50.9464285714286,"Palm Desert Charter Middle",92260
"19437",33,67058,6031991,6,2012,111,81.9924050632911,"Palm Desert Charter Middle",92260
"19438",33,67058,6031991,7,2012,31,68.3033419023136,"Palm Desert Charter Middle",92260
"19439",33,67058,6031991,7,2012,111,85.3402298850575,"Palm Desert Charter Middle",92260
"19440",33,67058,6031991,8,2012,31,65.3482993197279,"Palm Desert Charter Middle",92260
"19441",33,67058,6031991,8,2012,111,85.2006841505131,"Palm Desert Charter Middle",92260
"19442",33,67058,6107759,6,2012,31,37.4646840148699,"La Quinta Middle",92253
"19443",33,67058,6107759,6,2012,111,57.1785714285714,"La Quinta Middle",92253
"19444",33,67058,6107759,7,2012,31,51.9896907216495,"La Quinta Middle",92253
"19445",33,67058,6107759,7,2012,111,65.75,"La Quinta Middle",92253
"19446",33,67058,6107759,8,2012,31,56.1144578313253,"La Quinta Middle",92253
"19447",33,67058,6107759,8,2012,111,70.9523809523809,"La Quinta Middle",92253
"19448",33,67058,6109797,6,2012,31,40.0134228187919,"Indio Middle",92201
"19449",33,67058,6109797,7,2012,31,45.4521739130435,"Indio Middle",92201
"19450",33,67058,6109797,7,2012,111,60,"Indio Middle",92201
"19451",33,67058,6109797,8,2012,31,42.7640036730946,"Indio Middle",92201
"19452",33,67058,6109797,8,2012,111,56.5882352941176,"Indio Middle",92201
"19453",33,67082,101121,2,2012,31,57.463829787234,"McSweeny Elementary",92543
"19454",33,67082,101121,2,2012,111,79,"McSweeny Elementary",92543
"19455",33,67082,101121,3,2012,31,44.6589861751152,"McSweeny Elementary",92543
"19456",33,67082,101121,3,2012,111,50,"McSweeny Elementary",92543
"19457",33,67082,101121,4,2012,31,56.0046511627907,"McSweeny Elementary",92543
"19458",33,67082,101121,4,2012,111,67,"McSweeny Elementary",92543
"19459",33,67082,101121,5,2012,31,37.6484375,"McSweeny Elementary",92543
"19460",33,67082,101121,5,2012,111,57.6666666666667,"McSweeny Elementary",92543
"19461",33,67082,101139,2,2012,31,38,"Harmony Elementary",92545
"19462",33,67082,101139,2,2012,111,79,"Harmony Elementary",92545
"19463",33,67082,101139,3,2012,31,67.1122448979592,"Harmony Elementary",92545
"19464",33,67082,101139,3,2012,111,70,"Harmony Elementary",92545
"19465",33,67082,101139,4,2012,31,76.546875,"Harmony Elementary",92545
"19466",33,67082,101139,4,2012,111,92,"Harmony Elementary",92545
"19467",33,67082,101139,5,2012,31,64.0127388535032,"Harmony Elementary",92545
"19468",33,67082,101139,5,2012,111,80.6887417218543,"Harmony Elementary",92545
"19469",33,67082,102772,2,2012,31,49,"Cawston Elementary",92545
"19470",33,67082,102772,2,2012,111,69,"Cawston Elementary",92545
"19471",33,67082,102772,3,2012,31,39,"Cawston Elementary",92545
"19472",33,67082,102772,3,2012,111,55.8947368421053,"Cawston Elementary",92545
"19473",33,67082,102772,4,2012,31,68.5,"Cawston Elementary",92545
"19474",33,67082,102772,4,2012,111,73,"Cawston Elementary",92545
"19475",33,67082,102772,5,2012,31,56.006711409396,"Cawston Elementary",92545
"19476",33,67082,102772,5,2012,111,70.99375,"Cawston Elementary",92545
"19477",33,67082,102780,6,2012,31,32.9896373056995,"Diamond Valley Middle",92543
"19478",33,67082,102780,6,2012,111,59,"Diamond Valley Middle",92543
"19479",33,67082,102780,7,2012,31,39.9407783417936,"Diamond Valley Middle",92543
"19480",33,67082,102780,7,2012,111,57.3660714285714,"Diamond Valley Middle",92543
"19481",33,67082,102780,8,2012,31,42.4866771159875,"Diamond Valley Middle",92543
"19482",33,67082,102780,8,2012,111,56.3174603174603,"Diamond Valley Middle",92543
"19483",33,67082,106716,9,2012,31,43.7388535031847,"Hamilton High",92539
"19484",33,67082,106716,9,2012,111,50.6666666666667,"Hamilton High",92539
"19485",33,67082,106716,10,2012,31,25.948,"Hamilton High",92539
"19486",33,67082,106716,10,2012,111,52.3333333333333,"Hamilton High",92539
"19487",33,67082,106716,11,2012,31,31.7777777777778,"Hamilton High",92539
"19488",33,67082,106716,11,2012,111,51.2432432432432,"Hamilton High",92539
"19489",33,67082,107359,2,2012,31,51,"Hamilton Elementary",92539
"19490",33,67082,107359,2,2012,111,79,"Hamilton Elementary",92539
"19491",33,67082,107359,3,2012,31,47.6349206349206,"Hamilton Elementary",92539
"19492",33,67082,107359,3,2012,111,86.5,"Hamilton Elementary",92539
"19493",33,67082,107359,4,2012,31,53,"Hamilton Elementary",92539
"19494",33,67082,107359,5,2012,31,41.3839285714286,"Hamilton Elementary",92539
"19495",33,67082,107359,6,2012,31,34.5,"Hamilton Elementary",92539
"19496",33,67082,107359,6,2012,111,73.9130434782609,"Hamilton Elementary",92539
"19497",33,67082,107359,7,2012,31,35,"Hamilton Elementary",92539
"19498",33,67082,107359,8,2012,31,21.7551020408163,"Hamilton Elementary",92539
"19499",33,67082,113159,9,2012,31,23.0127253446447,"Tahquitz High",92545
"19500",33,67082,113159,9,2012,111,43.2295918367347,"Tahquitz High",92545
"19501",33,67082,113159,10,2012,31,32.5074723846654,"Tahquitz High",92545
"19502",33,67082,113159,10,2012,111,56.3533333333333,"Tahquitz High",92545
"19503",33,67082,113159,11,2012,31,28.9095801937567,"Tahquitz High",92545
"19504",33,67082,113159,11,2012,111,44.296943231441,"Tahquitz High",92545
"19505",33,67082,116962,6,2012,31,44.4484944532488,"Rancho Viejo Middle",92545
"19506",33,67082,116962,6,2012,111,62.5,"Rancho Viejo Middle",92545
"19507",33,67082,116962,7,2012,31,38.4857571214393,"Rancho Viejo Middle",92545
"19508",33,67082,116962,7,2012,111,61.6464646464646,"Rancho Viejo Middle",92545
"19509",33,67082,116962,8,2012,31,40.8065395095368,"Rancho Viejo Middle",92545
"19510",33,67082,116962,8,2012,111,63.7717041800643,"Rancho Viejo Middle",92545
"19511",33,67082,120675,6,2012,31,86,"Western Center Academy",92543
"19512",33,67082,120675,6,2012,111,89.9891891891892,"Western Center Academy",92543
"19513",33,67082,120675,7,2012,31,81,"Western Center Academy",92543
"19514",33,67082,120675,7,2012,111,91.005291005291,"Western Center Academy",92543
"19515",33,67082,120675,8,2012,31,90.25,"Western Center Academy",92543
"19516",33,67082,120675,8,2012,111,88.2835051546392,"Western Center Academy",92543
"19517",33,67082,3330065,11,2012,31,9.98981900452489,"Alessandro High",92543
"19518",33,67082,3330065,11,2012,111,4.96527777777778,"Alessandro High",92543
"19519",33,67082,3330537,9,2012,31,36.6790476190476,"West Valley High",92545
"19520",33,67082,3330537,9,2012,111,58.9779735682819,"West Valley High",92545
"19521",33,67082,3330537,10,2012,31,34.3002070393375,"West Valley High",92545
"19522",33,67082,3330537,10,2012,111,51.04375,"West Valley High",92545
"19523",33,67082,3330537,11,2012,31,38.7629796839729,"West Valley High",92545
"19524",33,67082,3330537,11,2012,111,57.2282608695652,"West Valley High",92545
"19525",33,67082,3332673,9,2012,31,36.4380952380952,"Hemet High",92544
"19526",33,67082,3332673,9,2012,111,59.088467614534,"Hemet High",92544
"19527",33,67082,3332673,10,2012,31,32.9615795090715,"Hemet High",92544
"19528",33,67082,3332673,10,2012,111,52.3922651933702,"Hemet High",92544
"19529",33,67082,3332673,11,2012,31,38.2101449275362,"Hemet High",92544
"19530",33,67082,3332673,11,2012,111,60.1897926634769,"Hemet High",92544
"19531",33,67082,6032080,2,2012,31,95.5,"Cottonwood Elementary",92536
"19532",33,67082,6032080,3,2012,31,79.5,"Cottonwood Elementary",92536
"19533",33,67082,6032080,4,2012,31,96.5,"Cottonwood Elementary",92536
"19534",33,67082,6032080,5,2012,31,93.3333333333333,"Cottonwood Elementary",92536
"19535",33,67082,6032080,6,2012,31,41.5,"Cottonwood Elementary",92536
"19536",33,67082,6032080,7,2012,31,56,"Cottonwood Elementary",92536
"19537",33,67082,6032080,8,2012,31,70.8048780487805,"Cottonwood Elementary",92536
"19538",33,67082,6032080,8,2012,111,92.537037037037,"Cottonwood Elementary",92536
"19539",33,67082,6032130,2,2012,31,43,"Ramona Elementary",92544
"19540",33,67082,6032130,2,2012,111,70,"Ramona Elementary",92544
"19541",33,67082,6032130,3,2012,31,39.6473988439306,"Ramona Elementary",92544
"19542",33,67082,6032130,3,2012,111,54.075,"Ramona Elementary",92544
"19543",33,67082,6032130,4,2012,31,52.5028901734104,"Ramona Elementary",92544
"19544",33,67082,6032130,4,2012,111,93,"Ramona Elementary",92544
"19545",33,67082,6032130,5,2012,31,34.9611650485437,"Ramona Elementary",92544
"19546",33,67082,6032130,5,2012,111,77,"Ramona Elementary",92544
"19547",33,67082,6032148,2,2012,31,46.5,"Whittier Elementary",92543
"19548",33,67082,6032148,2,2012,111,70,"Whittier Elementary",92543
"19549",33,67082,6032148,3,2012,31,40.962457337884,"Whittier Elementary",92543
"19550",33,67082,6032148,3,2012,111,43.5,"Whittier Elementary",92543
"19551",33,67082,6032148,4,2012,31,52.4820143884892,"Whittier Elementary",92543
"19552",33,67082,6032148,4,2012,111,70.5,"Whittier Elementary",92543
"19553",33,67082,6032148,5,2012,31,37.3210161662818,"Whittier Elementary",92543
"19554",33,67082,6032148,5,2012,111,79,"Whittier Elementary",92543
"19555",33,67082,6032155,2,2012,31,49,"Winchester Elementary",92596
"19556",33,67082,6032155,3,2012,31,39.5,"Winchester Elementary",92596
"19557",33,67082,6032155,4,2012,31,57,"Winchester Elementary",92596
"19558",33,67082,6032155,5,2012,31,43.3080357142857,"Winchester Elementary",92596
"19559",33,67082,6032155,5,2012,111,85,"Winchester Elementary",92596
"19560",33,67082,6084628,6,2012,31,30.4676616915423,"Acacia Middle",92543
"19561",33,67082,6084628,6,2012,111,60.433734939759,"Acacia Middle",92543
"19562",33,67082,6084628,7,2012,31,36.9711538461538,"Acacia Middle",92543
"19563",33,67082,6084628,7,2012,111,67.3818181818182,"Acacia Middle",92543
"19564",33,67082,6084628,8,2012,31,35.8752665245203,"Acacia Middle",92543
"19565",33,67082,6084628,8,2012,111,63.4541062801932,"Acacia Middle",92543
"19566",33,67082,6106728,2,2012,31,39,"Valle Vista Elementary",92544
"19567",33,67082,6106728,2,2012,111,84,"Valle Vista Elementary",92544
"19568",33,67082,6106728,3,2012,31,38.5531914893617,"Valle Vista Elementary",92544
"19569",33,67082,6106728,3,2012,111,53.5,"Valle Vista Elementary",92544
"19570",33,67082,6106728,4,2012,31,62.6084337349398,"Valle Vista Elementary",92544
"19571",33,67082,6106728,4,2012,111,84.0350877192982,"Valle Vista Elementary",92544
"19572",33,67082,6106728,5,2012,31,44.0494505494505,"Valle Vista Elementary",92544
"19573",33,67082,6106728,5,2012,111,76.2613636363636,"Valle Vista Elementary",92544
"19574",33,67082,6109805,2,2012,31,45.5,"Fruitvale Elementary",92545
"19575",33,67082,6109805,2,2012,111,64,"Fruitvale Elementary",92545
"19576",33,67082,6109805,3,2012,31,53.1111111111111,"Fruitvale Elementary",92545
"19577",33,67082,6109805,3,2012,111,50,"Fruitvale Elementary",92545
"19578",33,67082,6109805,4,2012,31,52.4822134387352,"Fruitvale Elementary",92545
"19579",33,67082,6109805,4,2012,111,60,"Fruitvale Elementary",92545
"19580",33,67082,6109805,5,2012,31,50.0234604105572,"Fruitvale Elementary",92545
"19581",33,67082,6109805,5,2012,111,66.6666666666667,"Fruitvale Elementary",92545
"19582",33,67082,6110415,2,2012,31,62.5,"Bautista Creek Elementary",92544
"19583",33,67082,6110415,2,2012,111,78,"Bautista Creek Elementary",92544
"19584",33,67082,6110415,3,2012,31,60.0732984293194,"Bautista Creek Elementary",92544
"19585",33,67082,6110415,3,2012,111,65,"Bautista Creek Elementary",92544
"19586",33,67082,6110415,4,2012,31,59.9861751152074,"Bautista Creek Elementary",92544
"19587",33,67082,6110415,4,2012,111,75.5,"Bautista Creek Elementary",92544
"19588",33,67082,6110415,5,2012,31,56.8654545454545,"Bautista Creek Elementary",92544
"19589",33,67082,6110415,5,2012,111,62.0220994475138,"Bautista Creek Elementary",92544
"19590",33,67082,6112007,6,2012,31,43.9917808219178,"Dartmouth Middle",92544
"19591",33,67082,6112007,6,2012,111,66.5,"Dartmouth Middle",92544
"19592",33,67082,6112007,7,2012,31,50.9562841530055,"Dartmouth Middle",92544
"19593",33,67082,6112007,7,2012,111,71,"Dartmouth Middle",92544
"19594",33,67082,6112007,8,2012,31,49.5642540620384,"Dartmouth Middle",92544
"19595",33,67082,6112007,8,2012,111,68.390625,"Dartmouth Middle",92544
"19596",33,67090,114157,9,2012,31,31.8329113924051,"Patriot High",92509
"19597",33,67090,114157,9,2012,111,43.3384030418251,"Patriot High",92509
"19598",33,67090,114157,10,2012,31,29.0843443096476,"Patriot High",92509
"19599",33,67090,114157,10,2012,111,44.17578125,"Patriot High",92509
"19600",33,67090,114157,11,2012,31,29.5184615384615,"Patriot High",92509
"19601",33,67090,114157,11,2012,111,37.9220779220779,"Patriot High",92509
"19602",33,67090,3330412,9,2012,31,30.0426356589147,"Jurupa Valley High",91752
"19603",33,67090,3330412,9,2012,111,36.0498084291188,"Jurupa Valley High",91752
"19604",33,67090,3330412,10,2012,31,27.8738372093023,"Jurupa Valley High",91752
"19605",33,67090,3330412,10,2012,111,41.5833333333333,"Jurupa Valley High",91752
"19606",33,67090,3330412,11,2012,31,26.3491171749599,"Jurupa Valley High",91752
"19607",33,67090,3330412,11,2012,111,33.1037974683544,"Jurupa Valley High",91752
"19608",33,67090,3334687,11,2012,31,12.4953271028037,"Nueva Vista Continuation High",92509
"19609",33,67090,3334687,11,2012,111,18,"Nueva Vista Continuation High",92509
"19610",33,67090,3337136,9,2012,31,33.377094972067,"Rubidoux High",92509
"19611",33,67090,3337136,9,2012,111,37.6612903225806,"Rubidoux High",92509
"19612",33,67090,3337136,10,2012,31,27.739537788882,"Rubidoux High",92509
"19613",33,67090,3337136,10,2012,111,36.7287671232877,"Rubidoux High",92509
"19614",33,67090,3337136,11,2012,31,25.9865659109992,"Rubidoux High",92509
"19615",33,67090,3337136,11,2012,111,31.9607843137255,"Rubidoux High",92509
"19616",33,67090,6032163,2,2012,31,45.5,"Glen Avon Elementary",92509
"19617",33,67090,6032163,3,2012,31,53.1007194244604,"Glen Avon Elementary",92509
"19618",33,67090,6032163,3,2012,111,57.4848484848485,"Glen Avon Elementary",92509
"19619",33,67090,6032163,4,2012,31,60.4825174825175,"Glen Avon Elementary",92509
"19620",33,67090,6032163,4,2012,111,92,"Glen Avon Elementary",92509
"19621",33,67090,6032163,5,2012,31,60.2186046511628,"Glen Avon Elementary",92509
"19622",33,67090,6032163,5,2012,111,81.7906976744186,"Glen Avon Elementary",92509
"19623",33,67090,6032163,6,2012,31,61,"Glen Avon Elementary",92509
"19624",33,67090,6032163,6,2012,111,76.5,"Glen Avon Elementary",92509
"19625",33,67090,6032189,2,2012,31,56,"Mission Bell Elementary",92509
"19626",33,67090,6032189,3,2012,31,43.1021897810219,"Mission Bell Elementary",92509
"19627",33,67090,6032189,4,2012,31,73,"Mission Bell Elementary",92509
"19628",33,67090,6032189,5,2012,31,51.3473053892216,"Mission Bell Elementary",92509
"19629",33,67090,6032189,6,2012,31,61.992125984252,"Mission Bell Elementary",92509
"19630",33,67090,6032189,6,2012,111,73,"Mission Bell Elementary",92509
"19631",33,67090,6032205,2,2012,31,30,"Pedley Elementary",92509
"19632",33,67090,6032205,3,2012,31,41,"Pedley Elementary",92509
"19633",33,67090,6032205,3,2012,111,64,"Pedley Elementary",92509
"19634",33,67090,6032205,4,2012,31,59.5,"Pedley Elementary",92509
"19635",33,67090,6032205,5,2012,31,44.3333333333333,"Pedley Elementary",92509
"19636",33,67090,6032205,5,2012,111,69,"Pedley Elementary",92509
"19637",33,67090,6032205,6,2012,31,39,"Pedley Elementary",92509
"19638",33,67090,6032213,2,2012,31,32.5,"Rustic Lane Elementary",92509
"19639",33,67090,6032213,3,2012,31,36,"Rustic Lane Elementary",92509
"19640",33,67090,6032213,3,2012,111,68.5,"Rustic Lane Elementary",92509
"19641",33,67090,6032213,4,2012,31,50.5,"Rustic Lane Elementary",92509
"19642",33,67090,6032213,5,2012,31,56.3333333333333,"Rustic Lane Elementary",92509
"19643",33,67090,6032213,6,2012,31,43,"Rustic Lane Elementary",92509
"19644",33,67090,6032221,2,2012,31,32.8952380952381,"Troth Street Elementary",91752
"19645",33,67090,6032221,2,2012,111,31.5,"Troth Street Elementary",91752
"19646",33,67090,6032221,3,2012,31,47,"Troth Street Elementary",91752
"19647",33,67090,6032221,4,2012,31,65,"Troth Street Elementary",91752
"19648",33,67090,6032221,5,2012,31,47.0646153846154,"Troth Street Elementary",91752
"19649",33,67090,6032221,6,2012,31,56.5549450549451,"Troth Street Elementary",91752
"19650",33,67090,6032239,2,2012,31,49.5,"Van Buren Elementary",92509
"19651",33,67090,6032239,2,2012,111,64,"Van Buren Elementary",92509
"19652",33,67090,6032239,3,2012,31,50.3722627737226,"Van Buren Elementary",92509
"19653",33,67090,6032239,4,2012,31,65.0656934306569,"Van Buren Elementary",92509
"19654",33,67090,6032239,5,2012,31,53.7317073170732,"Van Buren Elementary",92509
"19655",33,67090,6032239,5,2012,111,81.6666666666667,"Van Buren Elementary",92509
"19656",33,67090,6032239,6,2012,31,45.9545454545455,"Van Buren Elementary",92509
"19657",33,67090,6032239,6,2012,111,46,"Van Buren Elementary",92509
"19658",33,67090,6032247,2,2012,31,58,"West Riverside Elementary",92509
"19659",33,67090,6032247,3,2012,31,48.4522613065327,"West Riverside Elementary",92509
"19660",33,67090,6032247,4,2012,31,66.5,"West Riverside Elementary",92509
"19661",33,67090,6032247,5,2012,31,67.3531468531469,"West Riverside Elementary",92509
"19662",33,67090,6032247,6,2012,31,55.4816753926702,"West Riverside Elementary",92509
"19663",33,67090,6059075,7,2012,31,50.8167053364269,"Jurupa Middle",92509
"19664",33,67090,6059075,7,2012,111,64.7090301003344,"Jurupa Middle",92509
"19665",33,67090,6059075,8,2012,31,51.6921119592875,"Jurupa Middle",92509
"19666",33,67090,6059075,8,2012,111,64.0232558139535,"Jurupa Middle",92509
"19667",33,67090,6061774,7,2012,31,35.0119402985075,"Mission Middle",92509
"19668",33,67090,6061774,7,2012,111,43.2307692307692,"Mission Middle",92509
"19669",33,67090,6061774,8,2012,31,35.566645609602,"Mission Middle",92509
"19670",33,67090,6061774,8,2012,111,37.7368421052632,"Mission Middle",92509
"19671",33,67090,6104491,2,2012,31,56.5,"Sky Country Elementary",91752
"19672",33,67090,6104491,2,2012,111,67,"Sky Country Elementary",91752
"19673",33,67090,6104491,3,2012,31,60.3465346534653,"Sky Country Elementary",91752
"19674",33,67090,6104491,3,2012,111,69.2068965517241,"Sky Country Elementary",91752
"19675",33,67090,6104491,4,2012,31,70.4122807017544,"Sky Country Elementary",91752
"19676",33,67090,6104491,4,2012,111,80.5098039215686,"Sky Country Elementary",91752
"19677",33,67090,6104491,5,2012,31,42.0925925925926,"Sky Country Elementary",91752
"19678",33,67090,6104491,5,2012,111,63.3592233009709,"Sky Country Elementary",91752
"19679",33,67090,6104491,6,2012,31,45.9655172413793,"Sky Country Elementary",91752
"19680",33,67090,6104491,6,2012,111,65.9473684210526,"Sky Country Elementary",91752
"19681",33,67090,6105837,2,2012,31,59,"Indian Hills Elementary",92509
"19682",33,67090,6105837,2,2012,111,79,"Indian Hills Elementary",92509
"19683",33,67090,6105837,3,2012,31,44.8058252427184,"Indian Hills Elementary",92509
"19684",33,67090,6105837,3,2012,111,72,"Indian Hills Elementary",92509
"19685",33,67090,6105837,4,2012,31,75.3478260869565,"Indian Hills Elementary",92509
"19686",33,67090,6105837,4,2012,111,95,"Indian Hills Elementary",92509
"19687",33,67090,6105837,5,2012,31,56.0242424242424,"Indian Hills Elementary",92509
"19688",33,67090,6105837,5,2012,111,75,"Indian Hills Elementary",92509
"19689",33,67090,6105837,6,2012,31,54.5555555555556,"Indian Hills Elementary",92509
"19690",33,67090,6105837,6,2012,111,81,"Indian Hills Elementary",92509
"19691",33,67090,6106835,2,2012,31,61.5,"Camino Real Elementary",92509
"19692",33,67090,6106835,2,2012,111,84,"Camino Real Elementary",92509
"19693",33,67090,6106835,3,2012,31,65,"Camino Real Elementary",92509
"19694",33,67090,6106835,3,2012,111,79.5,"Camino Real Elementary",92509
"19695",33,67090,6106835,4,2012,31,65.7840909090909,"Camino Real Elementary",92509
"19696",33,67090,6106835,4,2012,111,83.5,"Camino Real Elementary",92509
"19697",33,67090,6106835,5,2012,31,64,"Camino Real Elementary",92509
"19698",33,67090,6106835,5,2012,111,76.9157303370787,"Camino Real Elementary",92509
"19699",33,67090,6106835,6,2012,31,56,"Camino Real Elementary",92509
"19700",33,67090,6106835,6,2012,111,86.5,"Camino Real Elementary",92509
"19701",33,67090,6106843,2,2012,31,52,"Sunnyslope Elementary",92509
"19702",33,67090,6106843,2,2012,111,61.5,"Sunnyslope Elementary",92509
"19703",33,67090,6106843,3,2012,31,35.5875706214689,"Sunnyslope Elementary",92509
"19704",33,67090,6106843,3,2012,111,59.7454545454545,"Sunnyslope Elementary",92509
"19705",33,67090,6106843,4,2012,31,51.5977011494253,"Sunnyslope Elementary",92509
"19706",33,67090,6106843,4,2012,111,92.5357142857143,"Sunnyslope Elementary",92509
"19707",33,67090,6106843,5,2012,31,54.6666666666667,"Sunnyslope Elementary",92509
"19708",33,67090,6106843,6,2012,31,45.5297619047619,"Sunnyslope Elementary",92509
"19709",33,67090,6106843,6,2012,111,64.8604651162791,"Sunnyslope Elementary",92509
"19710",33,67090,6110548,2,2012,31,54.5,"Granite Hill Elementary",92509
"19711",33,67090,6110548,3,2012,31,55.5,"Granite Hill Elementary",92509
"19712",33,67090,6110548,3,2012,111,75,"Granite Hill Elementary",92509
"19713",33,67090,6110548,4,2012,31,69.1666666666667,"Granite Hill Elementary",92509
"19714",33,67090,6110548,4,2012,111,88.5,"Granite Hill Elementary",92509
"19715",33,67090,6110548,5,2012,31,64.8061674008811,"Granite Hill Elementary",92509
"19716",33,67090,6110548,5,2012,111,68.3333333333333,"Granite Hill Elementary",92509
"19717",33,67090,6110548,6,2012,31,62.497005988024,"Granite Hill Elementary",92509
"19718",33,67090,6110548,6,2012,111,81.5,"Granite Hill Elementary",92509
"19719",33,67090,6111280,2,2012,31,58,"Stone Avenue Elementary",92509
"19720",33,67090,6111280,2,2012,111,69,"Stone Avenue Elementary",92509
"19721",33,67090,6111280,3,2012,31,64.6330935251799,"Stone Avenue Elementary",92509
"19722",33,67090,6111280,3,2012,111,77,"Stone Avenue Elementary",92509
"19723",33,67090,6111280,4,2012,31,57.6299212598425,"Stone Avenue Elementary",92509
"19724",33,67090,6111280,4,2012,111,88,"Stone Avenue Elementary",92509
"19725",33,67090,6111280,5,2012,31,50.3910891089109,"Stone Avenue Elementary",92509
"19726",33,67090,6111280,5,2012,111,78.3333333333333,"Stone Avenue Elementary",92509
"19727",33,67090,6111280,6,2012,31,64.5,"Stone Avenue Elementary",92509
"19728",33,67090,6111280,6,2012,111,92.0793650793651,"Stone Avenue Elementary",92509
"19729",33,67090,6112858,7,2012,31,45.4310099573257,"Mira Loma Middle",92509
"19730",33,67090,6112858,7,2012,111,62.9565217391304,"Mira Loma Middle",92509
"19731",33,67090,6112858,8,2012,31,34.856204379562,"Mira Loma Middle",92509
"19732",33,67090,6112858,8,2012,111,50.3461538461538,"Mira Loma Middle",92509
"19733",33,67090,6113518,2,2012,31,43,"Peralta Elementary",92509
"19734",33,67090,6113518,2,2012,111,80,"Peralta Elementary",92509
"19735",33,67090,6113518,3,2012,31,46.4496124031008,"Peralta Elementary",92509
"19736",33,67090,6113518,3,2012,111,60.5,"Peralta Elementary",92509
"19737",33,67090,6113518,4,2012,31,53.6107382550336,"Peralta Elementary",92509
"19738",33,67090,6113518,4,2012,111,76,"Peralta Elementary",92509
"19739",33,67090,6113518,5,2012,31,48.6778846153846,"Peralta Elementary",92509
"19740",33,67090,6113518,5,2012,111,66.4444444444444,"Peralta Elementary",92509
"19741",33,67090,6113518,6,2012,31,57.4964028776978,"Peralta Elementary",92509
"19742",33,67090,6113518,6,2012,111,57.5,"Peralta Elementary",92509
"19743",33,67116,100503,2,2012,31,50.5,"Freedom Crest Elementary",92584
"19744",33,67116,100503,2,2012,111,77.5,"Freedom Crest Elementary",92584
"19745",33,67116,100503,3,2012,31,55.5,"Freedom Crest Elementary",92584
"19746",33,67116,100503,3,2012,111,71,"Freedom Crest Elementary",92584
"19747",33,67116,100503,4,2012,31,71.0727272727273,"Freedom Crest Elementary",92584
"19748",33,67116,100503,4,2012,111,81.5,"Freedom Crest Elementary",92584
"19749",33,67116,100503,5,2012,31,64.6961325966851,"Freedom Crest Elementary",92584
"19750",33,67116,100503,5,2012,111,72.6564102564103,"Freedom Crest Elementary",92584
"19751",33,67116,108639,2,2012,31,75,"Oak Meadows Elementary",92563
"19752",33,67116,108639,2,2012,111,77.5,"Oak Meadows Elementary",92563
"19753",33,67116,108639,3,2012,31,62,"Oak Meadows Elementary",92563
"19754",33,67116,108639,3,2012,111,75.059880239521,"Oak Meadows Elementary",92563
"19755",33,67116,108639,4,2012,31,67.1086956521739,"Oak Meadows Elementary",92563
"19756",33,67116,108639,4,2012,111,90.5,"Oak Meadows Elementary",92563
"19757",33,67116,108639,5,2012,31,75,"Oak Meadows Elementary",92563
"19758",33,67116,108639,5,2012,111,83.3387622149837,"Oak Meadows Elementary",92563
"19759",33,67116,109843,2,2012,31,18,"Santa Rosa Academy",92584
"19760",33,67116,109843,2,2012,111,82.5,"Santa Rosa Academy",92584
"19761",33,67116,109843,3,2012,111,51.5,"Santa Rosa Academy",92584
"19762",33,67116,109843,4,2012,111,84.5,"Santa Rosa Academy",92584
"19763",33,67116,109843,5,2012,31,83.9354838709677,"Santa Rosa Academy",92584
"19764",33,67116,109843,5,2012,111,75.6666666666667,"Santa Rosa Academy",92584
"19765",33,67116,109843,6,2012,31,50,"Santa Rosa Academy",92584
"19766",33,67116,109843,6,2012,111,63.5,"Santa Rosa Academy",92584
"19767",33,67116,109843,7,2012,31,48.3076923076923,"Santa Rosa Academy",92584
"19768",33,67116,109843,7,2012,111,55.2258064516129,"Santa Rosa Academy",92584
"19769",33,67116,109843,8,2012,31,57.3866666666667,"Santa Rosa Academy",92584
"19770",33,67116,109843,8,2012,111,64.1273885350318,"Santa Rosa Academy",92584
"19771",33,67116,109843,9,2012,31,78,"Santa Rosa Academy",92584
"19772",33,67116,109843,9,2012,111,58.2887323943662,"Santa Rosa Academy",92584
"19773",33,67116,109843,10,2012,31,81.6666666666667,"Santa Rosa Academy",92584
"19774",33,67116,109843,10,2012,111,60.8545454545455,"Santa Rosa Academy",92584
"19775",33,67116,109843,11,2012,31,65.5,"Santa Rosa Academy",92584
"19776",33,67116,109843,11,2012,111,65.0909090909091,"Santa Rosa Academy",92584
"19777",33,67116,110601,2,2012,31,66.0422535211268,"Evans Ranch Elementary",92584
"19778",33,67116,110601,2,2012,111,69.5,"Evans Ranch Elementary",92584
"19779",33,67116,110601,3,2012,31,57,"Evans Ranch Elementary",92584
"19780",33,67116,110601,3,2012,111,68,"Evans Ranch Elementary",92584
"19781",33,67116,110601,4,2012,31,73,"Evans Ranch Elementary",92584
"19782",33,67116,110601,4,2012,111,91.5193798449612,"Evans Ranch Elementary",92584
"19783",33,67116,110601,5,2012,31,89,"Evans Ranch Elementary",92584
"19784",33,67116,110601,5,2012,111,90.3130434782609,"Evans Ranch Elementary",92584
"19785",33,67116,116749,2,2012,31,49,"Southshore Elementary",92584
"19786",33,67116,116749,2,2012,111,74,"Southshore Elementary",92584
"19787",33,67116,116749,3,2012,31,48.5,"Southshore Elementary",92584
"19788",33,67116,116749,3,2012,111,74.5849056603774,"Southshore Elementary",92584
"19789",33,67116,116749,4,2012,31,64,"Southshore Elementary",92584
"19790",33,67116,116749,4,2012,111,72.990243902439,"Southshore Elementary",92584
"19791",33,67116,116749,5,2012,31,65.3801652892562,"Southshore Elementary",92584
"19792",33,67116,116749,5,2012,111,76.3333333333333,"Southshore Elementary",92584
"19793",33,67116,6107197,6,2012,31,50.9191919191919,"Menifee Valley Middle",92584
"19794",33,67116,6107197,6,2012,111,63.4415584415584,"Menifee Valley Middle",92584
"19795",33,67116,6107197,7,2012,31,52.9885931558935,"Menifee Valley Middle",92584
"19796",33,67116,6107197,7,2012,111,79,"Menifee Valley Middle",92584
"19797",33,67116,6107197,8,2012,31,47.4789272030651,"Menifee Valley Middle",92584
"19798",33,67116,6107197,8,2012,111,70.5238805970149,"Menifee Valley Middle",92584
"19799",33,67116,6110365,2,2012,31,53.8901098901099,"Callie Kirkpatrick Elementary",92584
"19800",33,67116,6110365,2,2012,111,72.5,"Callie Kirkpatrick Elementary",92584
"19801",33,67116,6110365,3,2012,31,53.5,"Callie Kirkpatrick Elementary",92584
"19802",33,67116,6110365,3,2012,111,79.5,"Callie Kirkpatrick Elementary",92584
"19803",33,67116,6110365,4,2012,31,75.5,"Callie Kirkpatrick Elementary",92584
"19804",33,67116,6110365,4,2012,111,84,"Callie Kirkpatrick Elementary",92584
"19805",33,67116,6110365,5,2012,31,61,"Callie Kirkpatrick Elementary",92584
"19806",33,67116,6110365,5,2012,111,82.6439790575916,"Callie Kirkpatrick Elementary",92584
"19807",33,67116,6113864,2,2012,31,58.4,"Ridgemoor Elementary",92586
"19808",33,67116,6113864,2,2012,111,82,"Ridgemoor Elementary",92586
"19809",33,67116,6113864,3,2012,31,66.5,"Ridgemoor Elementary",92586
"19810",33,67116,6113864,3,2012,111,81,"Ridgemoor Elementary",92586
"19811",33,67116,6113864,4,2012,31,77.531914893617,"Ridgemoor Elementary",92586
"19812",33,67116,6113864,4,2012,111,90.0248447204969,"Ridgemoor Elementary",92586
"19813",33,67116,6113864,5,2012,31,64.0823529411765,"Ridgemoor Elementary",92586
"19814",33,67116,6113864,5,2012,111,81,"Ridgemoor Elementary",92586
"19815",33,67116,6119721,6,2012,31,59,"Bell Mountain Middle",92584
"19816",33,67116,6119721,6,2012,111,68.5011337868481,"Bell Mountain Middle",92584
"19817",33,67116,6119721,7,2012,31,66,"Bell Mountain Middle",92584
"19818",33,67116,6119721,7,2012,111,75.5,"Bell Mountain Middle",92584
"19819",33,67116,6119721,8,2012,31,57.9018181818182,"Bell Mountain Middle",92584
"19820",33,67116,6119721,8,2012,111,63.6909722222222,"Bell Mountain Middle",92584
"19821",33,67124,102731,2,2012,31,54.5,"TownGate Elementary",92553
"19822",33,67124,102731,2,2012,111,59.5,"TownGate Elementary",92553
"19823",33,67124,102731,3,2012,31,59.5,"TownGate Elementary",92553
"19824",33,67124,102731,3,2012,111,65.5,"TownGate Elementary",92553
"19825",33,67124,102731,4,2012,31,49.5,"TownGate Elementary",92553
"19826",33,67124,102731,4,2012,111,54.8181818181818,"TownGate Elementary",92553
"19827",33,67124,102731,5,2012,31,58.6900958466454,"TownGate Elementary",92553
"19828",33,67124,102731,5,2012,111,68,"TownGate Elementary",92553
"19829",33,67124,105940,8,2012,31,0,"Alessandro",92553
"19830",33,67124,108134,2,2012,31,36.5,"La Jolla Elementary",92555
"19831",33,67124,108134,2,2012,111,47.5,"La Jolla Elementary",92555
"19832",33,67124,108134,3,2012,31,44,"La Jolla Elementary",92555
"19833",33,67124,108134,3,2012,111,66.5,"La Jolla Elementary",92555
"19834",33,67124,108134,4,2012,31,50.0064516129032,"La Jolla Elementary",92555
"19835",33,67124,108134,4,2012,111,77.5,"La Jolla Elementary",92555
"19836",33,67124,108134,5,2012,31,37.356890459364,"La Jolla Elementary",92555
"19837",33,67124,108134,5,2012,111,56.3333333333333,"La Jolla Elementary",92555
"19838",33,67124,3330396,9,2012,31,29.2030598052851,"Canyon Springs High",92557
"19839",33,67124,3330396,9,2012,111,44.261231281198,"Canyon Springs High",92557
"19840",33,67124,3330396,10,2012,31,27.0405814657783,"Canyon Springs High",92557
"19841",33,67124,3330396,10,2012,111,42.3632183908046,"Canyon Springs High",92557
"19842",33,67124,3330396,11,2012,31,31.4883346741754,"Canyon Springs High",92557
"19843",33,67124,3330396,11,2012,111,44.2094488188976,"Canyon Springs High",92557
"19844",33,67124,3330438,9,2012,31,41.1452249408051,"Valley View High",92555
"19845",33,67124,3330438,9,2012,111,53.1363636363636,"Valley View High",92555
"19846",33,67124,3330438,10,2012,31,31.321409784324,"Valley View High",92555
"19847",33,67124,3330438,10,2012,111,42.4345047923323,"Valley View High",92555
"19848",33,67124,3330438,11,2012,31,36.7703081232493,"Valley View High",92555
"19849",33,67124,3330438,11,2012,111,44.6362179487179,"Valley View High",92555
"19850",33,67124,3330800,11,2012,31,6.35537190082645,"Bayside Community Day",92553
"19851",33,67124,3330800,11,2012,111,0,"Bayside Community Day",92553
"19852",33,67124,3330958,9,2012,31,4.54945054945055,"March Valley",92553
"19853",33,67124,3330958,10,2012,31,7.16724738675958,"March Valley",92553
"19854",33,67124,3330958,10,2012,111,5.96078431372549,"March Valley",92553
"19855",33,67124,3331071,9,2012,31,27.8631436314363,"Vista del Lago High",92551
"19856",33,67124,3331071,9,2012,111,38.7754010695187,"Vista del Lago High",92551
"19857",33,67124,3331071,10,2012,31,18.557030277893,"Vista del Lago High",92551
"19858",33,67124,3331071,10,2012,111,32.4551630434783,"Vista del Lago High",92551
"19859",33,67124,3331071,11,2012,31,19.8966244725738,"Vista del Lago High",92551
"19860",33,67124,3331071,11,2012,111,27.5389908256881,"Vista del Lago High",92551
"19861",33,67124,3333762,10,2012,31,9.5,"March Mountain High",92553
"19862",33,67124,3333762,11,2012,31,13.6519607843137,"March Mountain High",92553
"19863",33,67124,3333762,11,2012,111,6.94318181818182,"March Mountain High",92553
"19864",33,67124,3333770,9,2012,31,30.0884272997033,"Moreno Valley High",92553
"19865",33,67124,3333770,9,2012,111,46.3403141361257,"Moreno Valley High",92553
"19866",33,67124,3333770,10,2012,31,24.181141439206,"Moreno Valley High",92553
"19867",33,67124,3333770,10,2012,111,28.6623376623377,"Moreno Valley High",92553
"19868",33,67124,3333770,11,2012,31,26.6653846153846,"Moreno Valley High",92553
"19869",33,67124,3333770,11,2012,111,29.374531835206,"Moreno Valley High",92553
"19870",33,67124,6032288,2,2012,31,38,"Armada Elementary",92551
"19871",33,67124,6032288,2,2012,111,31.5,"Armada Elementary",92551
"19872",33,67124,6032288,3,2012,31,27.5,"Armada Elementary",92551
"19873",33,67124,6032288,4,2012,31,43.5,"Armada Elementary",92551
"19874",33,67124,6032288,5,2012,31,28.6666666666667,"Armada Elementary",92551
"19875",33,67124,6032304,2,2012,31,56,"Edgemont Elementary",92553
"19876",33,67124,6032304,2,2012,111,67.5,"Edgemont Elementary",92553
"19877",33,67124,6032304,3,2012,31,59,"Edgemont Elementary",92553
"19878",33,67124,6032304,3,2012,111,61,"Edgemont Elementary",92553
"19879",33,67124,6032304,4,2012,31,76.5,"Edgemont Elementary",92553
"19880",33,67124,6032304,5,2012,31,43,"Edgemont Elementary",92553
"19881",33,67124,6032304,5,2012,111,60.6666666666667,"Edgemont Elementary",92553
"19882",33,67124,6032312,2,2012,31,56,"Midland Elementary",92557
"19883",33,67124,6032312,2,2012,111,75,"Midland Elementary",92557
"19884",33,67124,6032312,3,2012,31,52.5891891891892,"Midland Elementary",92557
"19885",33,67124,6032312,3,2012,111,61.2542372881356,"Midland Elementary",92557
"19886",33,67124,6032312,4,2012,31,58.5073891625616,"Midland Elementary",92557
"19887",33,67124,6032312,4,2012,111,58.2258064516129,"Midland Elementary",92557
"19888",33,67124,6032312,5,2012,31,37.6714285714286,"Midland Elementary",92557
"19889",33,67124,6032312,5,2012,111,52.3333333333333,"Midland Elementary",92557
"19890",33,67124,6032320,2,2012,31,42.5,"Moreno Elementary",92555
"19891",33,67124,6032320,2,2012,111,40,"Moreno Elementary",92555
"19892",33,67124,6032320,4,2012,31,58.5,"Moreno Elementary",92555
"19893",33,67124,6032320,4,2012,111,67,"Moreno Elementary",92555
"19894",33,67124,6032320,5,2012,31,54.6666666666667,"Moreno Elementary",92555
"19895",33,67124,6032320,5,2012,111,63.3333333333333,"Moreno Elementary",92555
"19896",33,67124,6032338,2,2012,31,36.5,"Sunnymead Elementary",92553
"19897",33,67124,6032338,2,2012,111,44,"Sunnymead Elementary",92553
"19898",33,67124,6032338,3,2012,31,42.1592920353982,"Sunnymead Elementary",92553
"19899",33,67124,6032338,3,2012,111,39.1372549019608,"Sunnymead Elementary",92553
"19900",33,67124,6032338,4,2012,31,31.4790697674419,"Sunnymead Elementary",92553
"19901",33,67124,6032338,4,2012,111,48,"Sunnymead Elementary",92553
"19902",33,67124,6032338,5,2012,31,37.6576819407008,"Sunnymead Elementary",92553
"19903",33,67124,6032338,5,2012,111,61.3333333333333,"Sunnymead Elementary",92553
"19904",33,67124,6103501,2,2012,31,42.5,"Butterfield Elementary",92553
"19905",33,67124,6103501,2,2012,111,50,"Butterfield Elementary",92553
"19906",33,67124,6103501,3,2012,31,37.4679802955665,"Butterfield Elementary",92553
"19907",33,67124,6103501,3,2012,111,32.5,"Butterfield Elementary",92553
"19908",33,67124,6103501,4,2012,31,56.5,"Butterfield Elementary",92553
"19909",33,67124,6103501,4,2012,111,79,"Butterfield Elementary",92553
"19910",33,67124,6103501,5,2012,31,36.6524216524217,"Butterfield Elementary",92553
"19911",33,67124,6103519,2,2012,31,36,"Sunnymeadows Elementary",92553
"19912",33,67124,6103519,2,2012,111,34.5,"Sunnymeadows Elementary",92553
"19913",33,67124,6103519,3,2012,31,42.7114427860697,"Sunnymeadows Elementary",92553
"19914",33,67124,6103519,3,2012,111,68.5,"Sunnymeadows Elementary",92553
"19915",33,67124,6103519,4,2012,31,49.5,"Sunnymeadows Elementary",92553
"19916",33,67124,6103519,4,2012,111,47,"Sunnymeadows Elementary",92553
"19917",33,67124,6103519,5,2012,31,38.63,"Sunnymeadows Elementary",92553
"19918",33,67124,6104582,2,2012,31,68,"Ramona Elementary",92553
"19919",33,67124,6104582,2,2012,111,56,"Ramona Elementary",92553
"19920",33,67124,6104582,3,2012,31,69.6161616161616,"Ramona Elementary",92553
"19921",33,67124,6104582,3,2012,111,76.5,"Ramona Elementary",92553
"19922",33,67124,6104582,4,2012,31,64.6443298969072,"Ramona Elementary",92553
"19923",33,67124,6104582,4,2012,111,56.695652173913,"Ramona Elementary",92553
"19924",33,67124,6104582,5,2012,31,46.9395604395604,"Ramona Elementary",92553
"19925",33,67124,6104582,5,2012,111,57.3333333333333,"Ramona Elementary",92553
"19926",33,67124,6105514,2,2012,31,40.5,"Honey Hollow Elementary",92557
"19927",33,67124,6105514,2,2012,111,35.5,"Honey Hollow Elementary",92557
"19928",33,67124,6105514,3,2012,31,43.4153005464481,"Honey Hollow Elementary",92557
"19929",33,67124,6105514,4,2012,31,51,"Honey Hollow Elementary",92557
"19930",33,67124,6105514,4,2012,111,55.5813953488372,"Honey Hollow Elementary",92557
"19931",33,67124,6105514,5,2012,31,37.967032967033,"Honey Hollow Elementary",92557
"19932",33,67124,6105514,5,2012,111,48.6,"Honey Hollow Elementary",92557
"19933",33,67124,6106041,2,2012,31,36,"Serrano Elementary",92553
"19934",33,67124,6106041,2,2012,111,42,"Serrano Elementary",92553
"19935",33,67124,6106041,3,2012,31,55,"Serrano Elementary",92553
"19936",33,67124,6106041,4,2012,31,59.9674796747967,"Serrano Elementary",92553
"19937",33,67124,6106058,6,2012,31,46.9587628865979,"Vista Heights Middle",92557
"19938",33,67124,6106058,6,2012,111,63.4618644067797,"Vista Heights Middle",92557
"19939",33,67124,6106058,7,2012,31,53.1969178082192,"Vista Heights Middle",92557
"19940",33,67124,6106058,7,2012,111,70.4236641221374,"Vista Heights Middle",92557
"19941",33,67124,6106058,8,2012,31,47.6564019448947,"Vista Heights Middle",92557
"19942",33,67124,6106058,8,2012,111,62.5315024232633,"Vista Heights Middle",92557
"19943",33,67124,6106066,2,2012,31,45,"Sugar Hill Elementary",92557
"19944",33,67124,6106066,2,2012,111,56.5,"Sugar Hill Elementary",92557
"19945",33,67124,6106066,3,2012,31,49.0583941605839,"Sugar Hill Elementary",92557
"19946",33,67124,6106066,3,2012,111,64.5,"Sugar Hill Elementary",92557
"19947",33,67124,6106066,4,2012,31,50.027972027972,"Sugar Hill Elementary",92557
"19948",33,67124,6106066,4,2012,111,63,"Sugar Hill Elementary",92557
"19949",33,67124,6106066,5,2012,31,46.3333333333333,"Sugar Hill Elementary",92557
"19950",33,67124,6106066,5,2012,111,53.9784172661871,"Sugar Hill Elementary",92557
"19951",33,67124,6106942,2,2012,31,48,"Creekside Elementary",92553
"19952",33,67124,6106942,2,2012,111,52.5,"Creekside Elementary",92553
"19953",33,67124,6106942,3,2012,31,45.5,"Creekside Elementary",92553
"19954",33,67124,6106942,3,2012,111,54,"Creekside Elementary",92553
"19955",33,67124,6106942,4,2012,31,51.5818181818182,"Creekside Elementary",92553
"19956",33,67124,6106942,4,2012,111,54,"Creekside Elementary",92553
"19957",33,67124,6106942,5,2012,31,32.3304721030043,"Creekside Elementary",92553
"19958",33,67124,6106967,2,2012,31,47.5,"Chaparral Hills Elementary",92553
"19959",33,67124,6106967,2,2012,111,54,"Chaparral Hills Elementary",92553
"19960",33,67124,6106967,3,2012,31,46.7611940298507,"Chaparral Hills Elementary",92553
"19961",33,67124,6106967,3,2012,111,68,"Chaparral Hills Elementary",92553
"19962",33,67124,6106967,4,2012,31,70.0248756218905,"Chaparral Hills Elementary",92553
"19963",33,67124,6106967,4,2012,111,80,"Chaparral Hills Elementary",92553
"19964",33,67124,6106967,5,2012,31,47.6666666666667,"Chaparral Hills Elementary",92553
"19965",33,67124,6106967,5,2012,111,51.8461538461538,"Chaparral Hills Elementary",92553
"19966",33,67124,6107080,2,2012,31,34,"Cloverdale Elementary",92557
"19967",33,67124,6107080,2,2012,111,46,"Cloverdale Elementary",92557
"19968",33,67124,6107080,3,2012,31,45.0386740331492,"Cloverdale Elementary",92557
"19969",33,67124,6107080,3,2012,111,71.5,"Cloverdale Elementary",92557
"19970",33,67124,6107080,4,2012,31,57.4945652173913,"Cloverdale Elementary",92557
"19971",33,67124,6107080,4,2012,111,65.4181818181818,"Cloverdale Elementary",92557
"19972",33,67124,6107080,5,2012,31,43.9672131147541,"Cloverdale Elementary",92557
"19973",33,67124,6107080,5,2012,111,59.3333333333333,"Cloverdale Elementary",92557
"19974",33,67124,6107643,6,2012,31,55.9715302491103,"Mountain View Middle",92555
"19975",33,67124,6107643,6,2012,111,56.9934640522876,"Mountain View Middle",92555
"19976",33,67124,6107643,7,2012,31,57.0821917808219,"Mountain View Middle",92555
"19977",33,67124,6107643,7,2012,111,66.5367231638418,"Mountain View Middle",92555
"19978",33,67124,6107643,8,2012,31,41.7094774136404,"Mountain View Middle",92555
"19979",33,67124,6107643,8,2012,111,55.2870813397129,"Mountain View Middle",92555
"19980",33,67124,6107890,2,2012,31,43,"Bear Valley Elementary",92553
"19981",33,67124,6107890,2,2012,111,57,"Bear Valley Elementary",92553
"19982",33,67124,6107890,3,2012,31,43.453531598513,"Bear Valley Elementary",92553
"19983",33,67124,6107890,3,2012,111,61.5,"Bear Valley Elementary",92553
"19984",33,67124,6107890,4,2012,31,67.9675675675676,"Bear Valley Elementary",92553
"19985",33,67124,6107890,4,2012,111,77.9830508474576,"Bear Valley Elementary",92553
"19986",33,67124,6107890,5,2012,31,49.0070671378092,"Bear Valley Elementary",92553
"19987",33,67124,6107890,5,2012,111,60.6170212765957,"Bear Valley Elementary",92553
"19988",33,67124,6108674,6,2012,31,33.9123783031989,"Badger Springs Middle",92553
"19989",33,67124,6108674,6,2012,111,43.6610169491525,"Badger Springs Middle",92553
"19990",33,67124,6108674,7,2012,31,36.4632843791722,"Badger Springs Middle",92553
"19991",33,67124,6108674,7,2012,111,44.5,"Badger Springs Middle",92553
"19992",33,67124,6108674,8,2012,31,37.75,"Badger Springs Middle",92553
"19993",33,67124,6108674,8,2012,111,44.7911646586345,"Badger Springs Middle",92553
"19994",33,67124,6108690,6,2012,31,38.4717691342534,"Sunnymead Middle",92553
"19995",33,67124,6108690,6,2012,111,58.8095238095238,"Sunnymead Middle",92553
"19996",33,67124,6108690,7,2012,31,47.4814356435644,"Sunnymead Middle",92553
"19997",33,67124,6108690,7,2012,111,45,"Sunnymead Middle",92553
"19998",33,67124,6108690,8,2012,31,44.0435052827843,"Sunnymead Middle",92553
"19999",33,67124,6108690,8,2012,111,43.5180722891566,"Sunnymead Middle",92553
"20000",33,67124,6108716,2,2012,31,46.5,"Box Springs Elementary",92557
"20001",33,67124,6108716,2,2012,111,62.5,"Box Springs Elementary",92557
"20002",33,67124,6108716,3,2012,31,36.5,"Box Springs Elementary",92557
"20003",33,67124,6108716,3,2012,111,28.5,"Box Springs Elementary",92557
"20004",33,67124,6108716,4,2012,31,51.5,"Box Springs Elementary",92557
"20005",33,67124,6108716,4,2012,111,62.5,"Box Springs Elementary",92557
"20006",33,67124,6108716,5,2012,31,49.9371428571429,"Box Springs Elementary",92557
"20007",33,67124,6108716,5,2012,111,67,"Box Springs Elementary",92557
"20008",33,67124,6108724,2,2012,31,50,"Hendrick Ranch Elementary",92553
"20009",33,67124,6108724,2,2012,111,74,"Hendrick Ranch Elementary",92553
"20010",33,67124,6108724,3,2012,31,41.9463414634146,"Hendrick Ranch Elementary",92553
"20011",33,67124,6108724,3,2012,111,26.5,"Hendrick Ranch Elementary",92553
"20012",33,67124,6108724,4,2012,31,55,"Hendrick Ranch Elementary",92553
"20013",33,67124,6108724,4,2012,111,50,"Hendrick Ranch Elementary",92553
"20014",33,67124,6108724,5,2012,31,53.0097719869707,"Hendrick Ranch Elementary",92553
"20015",33,67124,6108724,5,2012,111,54.7272727272727,"Hendrick Ranch Elementary",92553
"20016",33,67124,6108732,2,2012,31,50,"Hidden Springs Elementary",92557
"20017",33,67124,6108732,2,2012,111,67.5,"Hidden Springs Elementary",92557
"20018",33,67124,6108732,3,2012,31,61.5,"Hidden Springs Elementary",92557
"20019",33,67124,6108732,3,2012,111,62.5,"Hidden Springs Elementary",92557
"20020",33,67124,6108732,4,2012,31,58.5365853658537,"Hidden Springs Elementary",92557
"20021",33,67124,6108732,4,2012,111,87.5,"Hidden Springs Elementary",92557
"20022",33,67124,6108732,5,2012,31,64.725,"Hidden Springs Elementary",92557
"20023",33,67124,6108732,5,2012,111,77.6864406779661,"Hidden Springs Elementary",92557
"20024",33,67124,6109110,2,2012,31,66.5,"North Ridge Elementary",92557
"20025",33,67124,6109110,2,2012,111,84,"North Ridge Elementary",92557
"20026",33,67124,6109110,3,2012,31,56.5,"North Ridge Elementary",92557
"20027",33,67124,6109110,3,2012,111,78.5,"North Ridge Elementary",92557
"20028",33,67124,6109110,4,2012,31,83.5,"North Ridge Elementary",92557
"20029",33,67124,6109110,4,2012,111,83,"North Ridge Elementary",92557
"20030",33,67124,6109110,5,2012,31,57.6666666666667,"North Ridge Elementary",92557
"20031",33,67124,6109110,5,2012,111,84.3374233128834,"North Ridge Elementary",92557
"20032",33,67124,6109508,2,2012,31,60,"Ridge Crest Elementary",92555
"20033",33,67124,6109508,2,2012,111,71,"Ridge Crest Elementary",92555
"20034",33,67124,6109508,3,2012,31,52.1532846715328,"Ridge Crest Elementary",92555
"20035",33,67124,6109508,3,2012,111,51.0655737704918,"Ridge Crest Elementary",92555
"20036",33,67124,6109508,4,2012,31,52.5,"Ridge Crest Elementary",92555
"20037",33,67124,6109508,4,2012,111,59,"Ridge Crest Elementary",92555
"20038",33,67124,6109508,5,2012,31,50.3905325443787,"Ridge Crest Elementary",92555
"20039",33,67124,6109508,5,2012,111,54.6666666666667,"Ridge Crest Elementary",92555
"20040",33,67124,6109979,6,2012,31,44.5149359886202,"Landmark Middle",92555
"20041",33,67124,6109979,6,2012,111,60.5,"Landmark Middle",92555
"20042",33,67124,6109979,7,2012,31,43.4991843393148,"Landmark Middle",92555
"20043",33,67124,6109979,7,2012,111,53,"Landmark Middle",92555
"20044",33,67124,6109979,8,2012,31,39.4985119047619,"Landmark Middle",92555
"20045",33,67124,6109979,8,2012,111,60.0386643233743,"Landmark Middle",92555
"20046",33,67124,6110027,6,2012,31,36.4878444084279,"Palm Middle",92557
"20047",33,67124,6110027,6,2012,111,65,"Palm Middle",92557
"20048",33,67124,6110027,7,2012,31,41.5097690941385,"Palm Middle",92557
"20049",33,67124,6110027,7,2012,111,57.5,"Palm Middle",92557
"20050",33,67124,6110027,8,2012,31,40.411198600175,"Palm Middle",92557
"20051",33,67124,6110027,8,2012,111,57.4988290398126,"Palm Middle",92557
"20052",33,67124,6110928,2,2012,31,42.5,"Seneca Elementary",92557
"20053",33,67124,6110928,2,2012,111,64.5,"Seneca Elementary",92557
"20054",33,67124,6110928,3,2012,31,62.6725663716814,"Seneca Elementary",92557
"20055",33,67124,6110928,3,2012,111,64.5,"Seneca Elementary",92557
"20056",33,67124,6110928,4,2012,31,43.4504504504505,"Seneca Elementary",92557
"20057",33,67124,6110928,4,2012,111,72,"Seneca Elementary",92557
"20058",33,67124,6110928,5,2012,31,29.7647058823529,"Seneca Elementary",92557
"20059",33,67124,6110928,5,2012,111,37.3333333333333,"Seneca Elementary",92557
"20060",33,67157,6032353,2,2012,31,64,"Nuview Elementary",92567
"20061",33,67157,6032353,3,2012,31,34.328,"Nuview Elementary",92567
"20062",33,67157,6032353,4,2012,31,50,"Nuview Elementary",92567
"20063",33,67157,6032353,4,2012,111,86.5,"Nuview Elementary",92567
"20064",33,67157,6032353,5,2012,31,51.9576271186441,"Nuview Elementary",92567
"20065",33,67157,6032353,5,2012,111,83.6666666666667,"Nuview Elementary",92567
"20066",33,67157,6109334,6,2012,31,49.5061224489796,"Mountain Shadows Middle",92567
"20067",33,67157,6109334,6,2012,111,71.5368421052632,"Mountain Shadows Middle",92567
"20068",33,67157,6109334,7,2012,31,45.4842105263158,"Mountain Shadows Middle",92567
"20069",33,67157,6109334,7,2012,111,88,"Mountain Shadows Middle",92567
"20070",33,67157,6109334,8,2012,31,46.0379061371841,"Mountain Shadows Middle",92567
"20071",33,67157,6109334,8,2012,111,75.9720670391062,"Mountain Shadows Middle",92567
"20072",33,67157,6111488,2,2012,31,53.5,"Valley View Elementary",92567
"20073",33,67157,6111488,2,2012,111,80,"Valley View Elementary",92567
"20074",33,67157,6111488,3,2012,31,53.6280991735537,"Valley View Elementary",92567
"20075",33,67157,6111488,3,2012,111,86,"Valley View Elementary",92567
"20076",33,67157,6111488,4,2012,31,74,"Valley View Elementary",92567
"20077",33,67157,6111488,4,2012,111,82.5,"Valley View Elementary",92567
"20078",33,67157,6111488,5,2012,31,74.6666666666667,"Valley View Elementary",92567
"20079",33,67157,6111488,5,2012,111,73,"Valley View Elementary",92567
"20080",33,67173,105767,2,2012,31,67.5079365079365,"Rio Vista Elementary",92234
"20081",33,67173,105767,2,2012,111,88,"Rio Vista Elementary",92234
"20082",33,67173,105767,3,2012,31,72.5,"Rio Vista Elementary",92234
"20083",33,67173,105767,3,2012,111,90.4691358024691,"Rio Vista Elementary",92234
"20084",33,67173,105767,4,2012,31,71,"Rio Vista Elementary",92234
"20085",33,67173,105767,4,2012,111,82.5,"Rio Vista Elementary",92234
"20086",33,67173,105767,5,2012,31,55,"Rio Vista Elementary",92234
"20087",33,67173,105767,5,2012,111,81.6666666666667,"Rio Vista Elementary",92234
"20088",33,67173,118943,2,2012,31,41,"Cabot Yerxa Elementary",92240
"20089",33,67173,118943,3,2012,31,31,"Cabot Yerxa Elementary",92240
"20090",33,67173,118943,4,2012,31,46.9777777777778,"Cabot Yerxa Elementary",92240
"20091",33,67173,118943,5,2012,31,28.3481228668942,"Cabot Yerxa Elementary",92240
"20092",33,67173,123703,6,2012,31,30.9981583793738,"Painted Hills Middle",92240
"20093",33,67173,123703,6,2012,111,50,"Painted Hills Middle",92240
"20094",33,67173,123703,7,2012,31,28.0494117647059,"Painted Hills Middle",92240
"20095",33,67173,123703,7,2012,111,26.9230769230769,"Painted Hills Middle",92240
"20096",33,67173,123703,8,2012,31,18.5638166047088,"Painted Hills Middle",92240
"20097",33,67173,123703,8,2012,111,42.7058823529412,"Painted Hills Middle",92240
"20098",33,67173,3330578,9,2012,31,33.8121284185493,"Cathedral City High",92234
"20099",33,67173,3330578,9,2012,111,55.3956043956044,"Cathedral City High",92234
"20100",33,67173,3330578,10,2012,31,31.4642593957259,"Cathedral City High",92234
"20101",33,67173,3330578,10,2012,111,57.22,"Cathedral City High",92234
"20102",33,67173,3330578,11,2012,31,32.8481886141461,"Cathedral City High",92234
"20103",33,67173,3330578,11,2012,111,42.9109589041096,"Cathedral City High",92234
"20104",33,67173,3330818,9,2012,31,28.6086587436333,"Desert Hot Springs High",92240
"20105",33,67173,3330818,9,2012,111,44.4649122807018,"Desert Hot Springs High",92240
"20106",33,67173,3330818,10,2012,31,27.3070559610706,"Desert Hot Springs High",92240
"20107",33,67173,3330818,10,2012,111,45.5466666666667,"Desert Hot Springs High",92240
"20108",33,67173,3330818,11,2012,31,26.8150572831424,"Desert Hot Springs High",92240
"20109",33,67173,3330818,11,2012,111,49,"Desert Hot Springs High",92240
"20110",33,67173,3331121,11,2012,31,4.70974155069583,"Mt. San Jacinto High",92234
"20111",33,67173,3331121,11,2012,111,5.98795180722892,"Mt. San Jacinto High",92234
"20112",33,67173,3335130,9,2012,31,37.6175195143105,"Palm Springs High",92262
"20113",33,67173,3335130,9,2012,111,61.2477718360071,"Palm Springs High",92262
"20114",33,67173,3335130,10,2012,31,41.1349342481418,"Palm Springs High",92262
"20115",33,67173,3335130,10,2012,111,59.4152542372881,"Palm Springs High",92262
"20116",33,67173,3335130,11,2012,31,40.259,"Palm Springs High",92262
"20117",33,67173,3335130,11,2012,111,54.9101307189542,"Palm Springs High",92262
"20118",33,67173,6032387,2,2012,31,50.5,"Agua Caliente Elementary",92234
"20119",33,67173,6032387,3,2012,31,42,"Agua Caliente Elementary",92234
"20120",33,67173,6032387,4,2012,31,49.5,"Agua Caliente Elementary",92234
"20121",33,67173,6032387,5,2012,31,53.7699680511182,"Agua Caliente Elementary",92234
"20122",33,67173,6032395,2,2012,31,61.9503105590062,"Cahuilla Elementary",92264
"20123",33,67173,6032395,2,2012,111,74.5,"Cahuilla Elementary",92264
"20124",33,67173,6032395,3,2012,31,51.5,"Cahuilla Elementary",92264
"20125",33,67173,6032395,3,2012,111,80.2,"Cahuilla Elementary",92264
"20126",33,67173,6032395,4,2012,31,64,"Cahuilla Elementary",92264
"20127",33,67173,6032395,5,2012,31,64,"Cahuilla Elementary",92264
"20128",33,67173,6032395,5,2012,111,80,"Cahuilla Elementary",92264
"20129",33,67173,6032403,2,2012,31,34,"Cathedral City Elementary",92234
"20130",33,67173,6032403,3,2012,31,36,"Cathedral City Elementary",92234
"20131",33,67173,6032403,4,2012,31,52.4805194805195,"Cathedral City Elementary",92234
"20132",33,67173,6032403,5,2012,31,51.6666666666667,"Cathedral City Elementary",92234
"20133",33,67173,6032411,2,2012,31,75,"Cielo Vista Charter",92264
"20134",33,67173,6032411,2,2012,111,84,"Cielo Vista Charter",92264
"20135",33,67173,6032411,3,2012,31,68,"Cielo Vista Charter",92264
"20136",33,67173,6032411,3,2012,111,77,"Cielo Vista Charter",92264
"20137",33,67173,6032411,4,2012,31,76.6845238095238,"Cielo Vista Charter",92264
"20138",33,67173,6032411,4,2012,111,84.7118644067797,"Cielo Vista Charter",92264
"20139",33,67173,6032411,5,2012,31,78.713567839196,"Cielo Vista Charter",92264
"20140",33,67173,6032411,5,2012,111,89.3333333333333,"Cielo Vista Charter",92264
"20141",33,67173,6032411,6,2012,31,74,"Cielo Vista Charter",92264
"20142",33,67173,6032411,6,2012,111,90,"Cielo Vista Charter",92264
"20143",33,67173,6032437,2,2012,31,62,"Katherine Finchy Elementary",92262
"20144",33,67173,6032437,2,2012,111,89,"Katherine Finchy Elementary",92262
"20145",33,67173,6032437,3,2012,31,64.68,"Katherine Finchy Elementary",92262
"20146",33,67173,6032437,3,2012,111,77.3584905660377,"Katherine Finchy Elementary",92262
"20147",33,67173,6032437,4,2012,31,72.0647482014388,"Katherine Finchy Elementary",92262
"20148",33,67173,6032437,4,2012,111,92,"Katherine Finchy Elementary",92262
"20149",33,67173,6032437,5,2012,31,73.3688212927757,"Katherine Finchy Elementary",92262
"20150",33,67173,6032437,5,2012,111,90.6666666666667,"Katherine Finchy Elementary",92262
"20151",33,67173,6032445,2,2012,31,51.4873949579832,"Rancho Mirage Elementary",92270
"20152",33,67173,6032445,2,2012,111,80.5,"Rancho Mirage Elementary",92270
"20153",33,67173,6032445,3,2012,31,63.0782608695652,"Rancho Mirage Elementary",92270
"20154",33,67173,6032445,3,2012,111,75.1818181818182,"Rancho Mirage Elementary",92270
"20155",33,67173,6032445,4,2012,31,67.5691056910569,"Rancho Mirage Elementary",92270
"20156",33,67173,6032445,4,2012,111,89,"Rancho Mirage Elementary",92270
"20157",33,67173,6032445,5,2012,31,54.4415584415584,"Rancho Mirage Elementary",92270
"20158",33,67173,6032445,5,2012,111,83,"Rancho Mirage Elementary",92270
"20159",33,67173,6032452,2,2012,31,50.8434782608696,"Vista del Monte Elementary",92262
"20160",33,67173,6032452,3,2012,31,46.6277372262774,"Vista del Monte Elementary",92262
"20161",33,67173,6032452,4,2012,31,42.9915966386555,"Vista del Monte Elementary",92262
"20162",33,67173,6032452,5,2012,31,47.4065420560748,"Vista del Monte Elementary",92262
"20163",33,67173,6059091,6,2012,31,40,"Nellie N. Coffman Middle",92234
"20164",33,67173,6059091,6,2012,111,46,"Nellie N. Coffman Middle",92234
"20165",33,67173,6059091,7,2012,31,41.0049099836334,"Nellie N. Coffman Middle",92234
"20166",33,67173,6059091,7,2012,111,61,"Nellie N. Coffman Middle",92234
"20167",33,67173,6059091,8,2012,31,38.236746550472,"Nellie N. Coffman Middle",92234
"20168",33,67173,6059091,8,2012,111,62.4333333333333,"Nellie N. Coffman Middle",92234
"20169",33,67173,6059109,6,2012,31,35.9793103448276,"Raymond Cree Middle",92262
"20170",33,67173,6059109,6,2012,111,58.4943820224719,"Raymond Cree Middle",92262
"20171",33,67173,6059109,7,2012,31,39.4099378881988,"Raymond Cree Middle",92262
"20172",33,67173,6059109,7,2012,111,64.2252252252252,"Raymond Cree Middle",92262
"20173",33,67173,6059109,8,2012,31,39.3503503503504,"Raymond Cree Middle",92262
"20174",33,67173,6059109,8,2012,111,69.7540322580645,"Raymond Cree Middle",92262
"20175",33,67173,6102560,2,2012,31,50,"Julius Corsini Elementary",92240
"20176",33,67173,6102560,3,2012,31,32,"Julius Corsini Elementary",92240
"20177",33,67173,6102560,4,2012,31,58.4028776978417,"Julius Corsini Elementary",92240
"20178",33,67173,6102560,5,2012,31,44,"Julius Corsini Elementary",92240
"20179",33,67173,6107601,2,2012,31,57.4748858447489,"Landau Elementary",92234
"20180",33,67173,6107601,2,2012,111,68.5,"Landau Elementary",92234
"20181",33,67173,6107601,3,2012,31,60.5,"Landau Elementary",92234
"20182",33,67173,6107601,3,2012,111,63,"Landau Elementary",92234
"20183",33,67173,6107601,4,2012,31,69.5949367088608,"Landau Elementary",92234
"20184",33,67173,6107601,4,2012,111,84,"Landau Elementary",92234
"20185",33,67173,6107601,5,2012,31,61.026706231454,"Landau Elementary",92234
"20186",33,67173,6107601,5,2012,111,85,"Landau Elementary",92234
"20187",33,67173,6108443,6,2012,31,19.5,"Desert Springs Middle",92240
"20188",33,67173,6108443,6,2012,111,52.3913043478261,"Desert Springs Middle",92240
"20189",33,67173,6108443,7,2012,31,31.6399217221135,"Desert Springs Middle",92240
"20190",33,67173,6108443,8,2012,31,36.8741905642923,"Desert Springs Middle",92240
"20191",33,67173,6108443,8,2012,111,54.0384615384615,"Desert Springs Middle",92240
"20192",33,67173,6108450,2,2012,31,51,"Sunny Sands Elementary",92234
"20193",33,67173,6108450,2,2012,111,81,"Sunny Sands Elementary",92234
"20194",33,67173,6108450,3,2012,31,53.1186440677966,"Sunny Sands Elementary",92234
"20195",33,67173,6108450,3,2012,111,73,"Sunny Sands Elementary",92234
"20196",33,67173,6108450,4,2012,31,73.0239043824701,"Sunny Sands Elementary",92234
"20197",33,67173,6108450,4,2012,111,89,"Sunny Sands Elementary",92234
"20198",33,67173,6108450,5,2012,31,71.6920980926431,"Sunny Sands Elementary",92234
"20199",33,67173,6108450,5,2012,111,86,"Sunny Sands Elementary",92234
"20200",33,67173,6111025,2,2012,31,49.5,"Bubbling Wells Elementary",92240
"20201",33,67173,6111025,3,2012,31,48.5,"Bubbling Wells Elementary",92240
"20202",33,67173,6111025,4,2012,31,51,"Bubbling Wells Elementary",92240
"20203",33,67173,6111025,5,2012,31,39.6578947368421,"Bubbling Wells Elementary",92240
"20204",33,67173,6112692,6,2012,31,48.9897172236504,"James Workman Middle",92234
"20205",33,67173,6112692,6,2012,111,65.5,"James Workman Middle",92234
"20206",33,67173,6112692,7,2012,31,51.9452411994785,"James Workman Middle",92234
"20207",33,67173,6112692,7,2012,111,72.5,"James Workman Middle",92234
"20208",33,67173,6112692,8,2012,31,52.2531486146096,"James Workman Middle",92234
"20209",33,67173,6112692,8,2012,111,70.8220338983051,"James Workman Middle",92234
"20210",33,67181,3331139,11,2012,31,9.40157480314961,"Twin Palms Continuation",92225
"20211",33,67181,3335759,9,2012,31,13.8279569892473,"Palo Verde High",92225
"20212",33,67181,3335759,9,2012,111,29.1520912547529,"Palo Verde High",92225
"20213",33,67181,3335759,10,2012,31,14.9761273209549,"Palo Verde High",92225
"20214",33,67181,3335759,10,2012,111,26.5785536159601,"Palo Verde High",92225
"20215",33,67181,3335759,11,2012,31,16.9721448467967,"Palo Verde High",92225
"20216",33,67181,3335759,11,2012,111,37.3539094650206,"Palo Verde High",92225
"20217",33,67181,6032460,2,2012,31,47,"Felix J. Appleby Elementary",92225
"20218",33,67181,6032460,2,2012,111,79,"Felix J. Appleby Elementary",92225
"20219",33,67181,6032460,3,2012,31,44,"Felix J. Appleby Elementary",92225
"20220",33,67181,6032460,3,2012,111,73.5,"Felix J. Appleby Elementary",92225
"20221",33,67181,6032460,4,2012,31,51,"Felix J. Appleby Elementary",92225
"20222",33,67181,6032460,4,2012,111,57.5,"Felix J. Appleby Elementary",92225
"20223",33,67181,6032460,5,2012,31,44.6666666666667,"Felix J. Appleby Elementary",92225
"20224",33,67181,6032460,5,2012,111,66.6666666666667,"Felix J. Appleby Elementary",92225
"20225",33,67181,6032460,6,2012,31,39,"Felix J. Appleby Elementary",92225
"20226",33,67181,6032460,6,2012,111,46,"Felix J. Appleby Elementary",92225
"20227",33,67181,6032478,2,2012,31,46.5,"Margaret White Elementary",92225
"20228",33,67181,6032478,2,2012,111,69.5,"Margaret White Elementary",92225
"20229",33,67181,6032478,3,2012,31,29.5,"Margaret White Elementary",92225
"20230",33,67181,6032478,3,2012,111,70,"Margaret White Elementary",92225
"20231",33,67181,6032478,4,2012,31,34.5,"Margaret White Elementary",92225
"20232",33,67181,6032478,4,2012,111,65.5,"Margaret White Elementary",92225
"20233",33,67181,6032478,5,2012,31,27.3333333333333,"Margaret White Elementary",92225
"20234",33,67181,6032478,5,2012,111,44,"Margaret White Elementary",92225
"20235",33,67181,6032478,6,2012,31,35,"Margaret White Elementary",92225
"20236",33,67181,6032478,6,2012,111,67,"Margaret White Elementary",92225
"20237",33,67181,6032494,2,2012,31,31,"Ruth Brown Elementary",92225
"20238",33,67181,6032494,2,2012,111,56.5,"Ruth Brown Elementary",92225
"20239",33,67181,6032494,3,2012,31,34,"Ruth Brown Elementary",92225
"20240",33,67181,6032494,3,2012,111,53.5,"Ruth Brown Elementary",92225
"20241",33,67181,6032494,4,2012,31,32.5,"Ruth Brown Elementary",92225
"20242",33,67181,6032494,4,2012,111,54.5,"Ruth Brown Elementary",92225
"20243",33,67181,6032494,5,2012,31,23.6666666666667,"Ruth Brown Elementary",92225
"20244",33,67181,6032494,5,2012,111,62.6666666666667,"Ruth Brown Elementary",92225
"20245",33,67181,6032494,6,2012,31,31,"Ruth Brown Elementary",92225
"20246",33,67181,6032494,6,2012,111,58,"Ruth Brown Elementary",92225
"20247",33,67199,110577,2,2012,31,62.5,"Railway Elementary",92570
"20248",33,67199,110577,3,2012,31,47.042194092827,"Railway Elementary",92570
"20249",33,67199,110577,4,2012,31,62.4657534246575,"Railway Elementary",92570
"20250",33,67199,110577,5,2012,31,67,"Railway Elementary",92570
"20251",33,67199,110577,6,2012,31,61.5084745762712,"Railway Elementary",92570
"20252",33,67199,110585,2,2012,31,29,"Sky View Elementary",92570
"20253",33,67199,110585,3,2012,31,41.5925925925926,"Sky View Elementary",92570
"20254",33,67199,110585,4,2012,31,50.9644268774704,"Sky View Elementary",92570
"20255",33,67199,110585,5,2012,31,39.7582417582418,"Sky View Elementary",92570
"20256",33,67199,110585,6,2012,31,46.0084388185654,"Sky View Elementary",92570
"20257",33,67199,6032502,2,2012,31,32.5,"Good Hope Elementary",92570
"20258",33,67199,6032502,3,2012,31,36.0497925311203,"Good Hope Elementary",92570
"20259",33,67199,6032502,4,2012,31,48.5384615384615,"Good Hope Elementary",92570
"20260",33,67199,6032502,5,2012,31,40.6666666666667,"Good Hope Elementary",92570
"20261",33,67199,6032502,6,2012,31,34.5050505050505,"Good Hope Elementary",92570
"20262",33,67199,6032510,2,2012,31,37,"Perris Elementary",92571
"20263",33,67199,6032510,3,2012,31,32,"Perris Elementary",92571
"20264",33,67199,6032510,4,2012,31,62,"Perris Elementary",92571
"20265",33,67199,6032510,5,2012,31,50.0748663101604,"Perris Elementary",92571
"20266",33,67199,6032510,6,2012,31,44,"Perris Elementary",92571
"20267",33,67199,6105571,2,2012,31,51.5,"Innovative Horizons Charter",92570
"20268",33,67199,6105571,3,2012,31,57.5714285714286,"Innovative Horizons Charter",92570
"20269",33,67199,6105571,4,2012,31,51.5,"Innovative Horizons Charter",92570
"20270",33,67199,6105571,5,2012,31,32.6666666666667,"Innovative Horizons Charter",92570
"20271",33,67199,6105571,6,2012,31,38.5,"Innovative Horizons Charter",92570
"20272",33,67199,6105571,7,2012,31,37.0566037735849,"Innovative Horizons Charter",92570
"20273",33,67199,6111843,2,2012,31,47.9919028340081,"Palms Elementary",92571
"20274",33,67199,6111843,3,2012,31,35,"Palms Elementary",92571
"20275",33,67199,6111843,4,2012,31,62.0045662100457,"Palms Elementary",92571
"20276",33,67199,6111843,5,2012,31,39.3633720930233,"Palms Elementary",92571
"20277",33,67199,6111843,6,2012,31,47.4584980237154,"Palms Elementary",92571
"20278",33,67207,101170,5,2012,31,57.6666666666667,"California Military Institute",92570
"20279",33,67207,101170,6,2012,31,54.5,"California Military Institute",92570
"20280",33,67207,101170,6,2012,111,70,"California Military Institute",92570
"20281",33,67207,101170,7,2012,31,73.2444444444444,"California Military Institute",92570
"20282",33,67207,101170,7,2012,111,92,"California Military Institute",92570
"20283",33,67207,101170,8,2012,31,78.966,"California Military Institute",92570
"20284",33,67207,101170,8,2012,111,92,"California Military Institute",92570
"20285",33,67207,101170,9,2012,31,53.5936507936508,"California Military Institute",92570
"20286",33,67207,101170,9,2012,111,65.5,"California Military Institute",92570
"20287",33,67207,101170,10,2012,31,45.5718157181572,"California Military Institute",92570
"20288",33,67207,101170,11,2012,31,46.1326530612245,"California Military Institute",92570
"20289",33,67207,101170,11,2012,111,65.5,"California Military Institute",92570
"20290",33,67207,113191,9,2012,31,39.2014453477868,"Heritage High",92585
"20291",33,67207,113191,9,2012,111,56.7302231237323,"Heritage High",92585
"20292",33,67207,113191,10,2012,31,34.5073800738007,"Heritage High",92585
"20293",33,67207,113191,10,2012,111,49.8391845979615,"Heritage High",92585
"20294",33,67207,113191,11,2012,31,34.9496350364964,"Heritage High",92585
"20295",33,67207,113191,11,2012,111,49.4108527131783,"Heritage High",92585
"20296",33,67207,3330727,9,2012,31,51.699196326062,"Paloma Valley High",92584
"20297",33,67207,3330727,9,2012,111,61.2238410596026,"Paloma Valley High",92584
"20298",33,67207,3330727,10,2012,31,40.1962864721485,"Paloma Valley High",92584
"20299",33,67207,3330727,10,2012,111,58.1332436069987,"Paloma Valley High",92584
"20300",33,67207,3330727,11,2012,31,53.0512624330528,"Paloma Valley High",92584
"20301",33,67207,3330727,11,2012,111,64.3292788879236,"Paloma Valley High",92584
"20302",33,67207,6106223,7,2012,31,31.7380254154448,"Pinacate Middle",92570
"20303",33,67207,6106223,7,2012,111,48.1860465116279,"Pinacate Middle",92570
"20304",33,67207,6106223,8,2012,31,28.467777290662,"Pinacate Middle",92570
"20305",33,67207,6106223,8,2012,111,39.0896551724138,"Pinacate Middle",92570
"20306",33,67215,111252,2,2012,31,65,"Mark Twain Elementary",92508
"20307",33,67215,111252,2,2012,111,72.9621621621622,"Mark Twain Elementary",92508
"20308",33,67215,111252,3,2012,31,65,"Mark Twain Elementary",92508
"20309",33,67215,111252,3,2012,111,74.0666666666667,"Mark Twain Elementary",92508
"20310",33,67215,111252,4,2012,31,59,"Mark Twain Elementary",92508
"20311",33,67215,111252,4,2012,111,76,"Mark Twain Elementary",92508
"20312",33,67215,111252,5,2012,31,50.7450980392157,"Mark Twain Elementary",92508
"20313",33,67215,111252,5,2012,111,70.9938650306748,"Mark Twain Elementary",92508
"20314",33,67215,111252,6,2012,31,62.5,"Mark Twain Elementary",92508
"20315",33,67215,111252,6,2012,111,75.4975124378109,"Mark Twain Elementary",92508
"20316",33,67215,114181,2,2012,31,51.5,"Patricia Beatty Elementary",92501
"20317",33,67215,114181,3,2012,31,53,"Patricia Beatty Elementary",92501
"20318",33,67215,114181,3,2012,111,79,"Patricia Beatty Elementary",92501
"20319",33,67215,114181,4,2012,31,50.0331125827815,"Patricia Beatty Elementary",92501
"20320",33,67215,114181,4,2012,111,76,"Patricia Beatty Elementary",92501
"20321",33,67215,114181,5,2012,31,54.3031674208145,"Patricia Beatty Elementary",92501
"20322",33,67215,114181,5,2012,111,80,"Patricia Beatty Elementary",92501
"20323",33,67215,114181,6,2012,31,44.515923566879,"Patricia Beatty Elementary",92501
"20324",33,67215,114181,6,2012,111,71.5,"Patricia Beatty Elementary",92501
"20325",33,67215,119180,7,2012,31,68.6383647798742,"Frank Augustus Miller Middle",92504
"20326",33,67215,119180,7,2012,111,85.4149305555556,"Frank Augustus Miller Middle",92504
"20327",33,67215,119180,8,2012,31,63.8359240069085,"Frank Augustus Miller Middle",92504
"20328",33,67215,119180,8,2012,111,75.1424632352941,"Frank Augustus Miller Middle",92504
"20329",33,67215,3330024,9,2012,31,31.982332155477,"Arlington High",92503
"20330",33,67215,3330024,9,2012,111,47.9113924050633,"Arlington High",92503
"20331",33,67215,3330024,10,2012,31,33.5597889800703,"Arlington High",92503
"20332",33,67215,3330024,10,2012,111,50.2741751990899,"Arlington High",92503
"20333",33,67215,3330024,11,2012,31,36.0124555160142,"Arlington High",92503
"20334",33,67215,3330024,11,2012,111,45.8978873239437,"Arlington High",92503
"20335",33,67215,3330511,7,2012,31,0,"Opportunity Program",92506
"20336",33,67215,3330511,8,2012,31,9.61176470588235,"Opportunity Program",92506
"20337",33,67215,3330511,9,2012,31,7.22222222222222,"Opportunity Program",92506
"20338",33,67215,3330511,10,2012,31,6.375,"Opportunity Program",92506
"20339",33,67215,3330511,10,2012,111,14.4479166666667,"Opportunity Program",92506
"20340",33,67215,3330511,11,2012,31,6.65882352941177,"Opportunity Program",92506
"20341",33,67215,3330511,11,2012,111,10.6439393939394,"Opportunity Program",92506
"20342",33,67215,3330859,9,2012,31,51.2103703703704,"Martin Luther King Jr. High",92508
"20343",33,67215,3330859,9,2012,111,61.3333333333333,"Martin Luther King Jr. High",92508
"20344",33,67215,3330859,10,2012,31,44.326247689464,"Martin Luther King Jr. High",92508
"20345",33,67215,3330859,10,2012,111,62.1697108066971,"Martin Luther King Jr. High",92508
"20346",33,67215,3330859,11,2012,31,42.56202143951,"Martin Luther King Jr. High",92508
"20347",33,67215,3330859,11,2012,111,60.7614457831325,"Martin Luther King Jr. High",92508
"20348",33,67215,3336237,9,2012,31,29.5982286634461,"Polytechnic High",92506
"20349",33,67215,3336237,9,2012,111,53.6946410515672,"Polytechnic High",92506
"20350",33,67215,3336237,10,2012,31,29.7029876977153,"Polytechnic High",92506
"20351",33,67215,3336237,10,2012,111,53.4141351518909,"Polytechnic High",92506
"20352",33,67215,3336237,11,2012,31,30.8141831238779,"Polytechnic High",92506
"20353",33,67215,3336237,11,2012,111,53.7727975270479,"Polytechnic High",92506
"20354",33,67215,3336492,9,2012,31,33.7338521400778,"Ramona High",92504
"20355",33,67215,3336492,9,2012,111,44.8686868686869,"Ramona High",92504
"20356",33,67215,3336492,10,2012,31,34.9288617886179,"Ramona High",92504
"20357",33,67215,3336492,10,2012,111,46.2944162436548,"Ramona High",92504
"20358",33,67215,3336492,11,2012,31,35.170007423905,"Ramona High",92504
"20359",33,67215,3336492,11,2012,111,52.9291338582677,"Ramona High",92504
"20360",33,67215,6032528,2,2012,31,60.5,"Adams Elementary",92504
"20361",33,67215,6032528,2,2012,111,57.5,"Adams Elementary",92504
"20362",33,67215,6032528,3,2012,31,50,"Adams Elementary",92504
"20363",33,67215,6032528,3,2012,111,68.5,"Adams Elementary",92504
"20364",33,67215,6032528,4,2012,31,65.4466019417476,"Adams Elementary",92504
"20365",33,67215,6032528,5,2012,31,56,"Adams Elementary",92504
"20366",33,67215,6032528,5,2012,111,70.6666666666667,"Adams Elementary",92504
"20367",33,67215,6032528,6,2012,31,54,"Adams Elementary",92504
"20368",33,67215,6032528,6,2012,111,77,"Adams Elementary",92504
"20369",33,67215,6032536,2,2012,31,33.9852941176471,"Alcott Elementary",92506
"20370",33,67215,6032536,2,2012,111,74,"Alcott Elementary",92506
"20371",33,67215,6032536,3,2012,31,44.0728476821192,"Alcott Elementary",92506
"20372",33,67215,6032536,3,2012,111,70,"Alcott Elementary",92506
"20373",33,67215,6032536,4,2012,31,63.4285714285714,"Alcott Elementary",92506
"20374",33,67215,6032536,4,2012,111,94.9894736842105,"Alcott Elementary",92506
"20375",33,67215,6032536,5,2012,31,59.6666666666667,"Alcott Elementary",92506
"20376",33,67215,6032536,5,2012,111,79.6666666666667,"Alcott Elementary",92506
"20377",33,67215,6032536,6,2012,31,50,"Alcott Elementary",92506
"20378",33,67215,6032536,6,2012,111,82.9382716049383,"Alcott Elementary",92506
"20379",33,67215,6032544,2,2012,31,46,"Bryant Elementary",92501
"20380",33,67215,6032544,2,2012,111,78.5,"Bryant Elementary",92501
"20381",33,67215,6032544,3,2012,31,43.6129032258064,"Bryant Elementary",92501
"20382",33,67215,6032544,4,2012,31,74.5,"Bryant Elementary",92501
"20383",33,67215,6032544,4,2012,111,84,"Bryant Elementary",92501
"20384",33,67215,6032544,5,2012,31,48.0943396226415,"Bryant Elementary",92501
"20385",33,67215,6032544,6,2012,31,60.5,"Bryant Elementary",92501
"20386",33,67215,6032544,6,2012,111,73,"Bryant Elementary",92501
"20387",33,67215,6032569,2,2012,31,47.5,"Castle View Elementary",92506
"20388",33,67215,6032569,2,2012,111,81,"Castle View Elementary",92506
"20389",33,67215,6032569,3,2012,31,51.5,"Castle View Elementary",92506
"20390",33,67215,6032569,3,2012,111,74,"Castle View Elementary",92506
"20391",33,67215,6032569,4,2012,31,60.5,"Castle View Elementary",92506
"20392",33,67215,6032569,4,2012,111,89,"Castle View Elementary",92506
"20393",33,67215,6032569,5,2012,31,46.7478260869565,"Castle View Elementary",92506
"20394",33,67215,6032569,5,2012,111,81.6666666666667,"Castle View Elementary",92506
"20395",33,67215,6032569,6,2012,31,54,"Castle View Elementary",92506
"20396",33,67215,6032569,6,2012,111,71,"Castle View Elementary",92506
"20397",33,67215,6032577,2,2012,31,39,"Emerson Elementary",92507
"20398",33,67215,6032577,2,2012,111,54,"Emerson Elementary",92507
"20399",33,67215,6032577,3,2012,31,42.1551724137931,"Emerson Elementary",92507
"20400",33,67215,6032577,3,2012,111,70.5,"Emerson Elementary",92507
"20401",33,67215,6032577,4,2012,31,67.0124223602485,"Emerson Elementary",92507
"20402",33,67215,6032577,4,2012,111,80.741935483871,"Emerson Elementary",92507
"20403",33,67215,6032577,5,2012,31,55,"Emerson Elementary",92507
"20404",33,67215,6032577,5,2012,111,76.3333333333333,"Emerson Elementary",92507
"20405",33,67215,6032577,6,2012,31,53.5045045045045,"Emerson Elementary",92507
"20406",33,67215,6032577,6,2012,111,84.5,"Emerson Elementary",92507
"20407",33,67215,6032585,2,2012,31,50,"Fremont Elementary",92501
"20408",33,67215,6032585,3,2012,31,48.8151260504202,"Fremont Elementary",92501
"20409",33,67215,6032585,4,2012,31,48.5,"Fremont Elementary",92501
"20410",33,67215,6032585,5,2012,31,41.4114285714286,"Fremont Elementary",92501
"20411",33,67215,6032585,6,2012,31,52.5,"Fremont Elementary",92501
"20412",33,67215,6032601,2,2012,31,69,"Harrison Elementary",92503
"20413",33,67215,6032601,2,2012,111,83.5,"Harrison Elementary",92503
"20414",33,67215,6032601,3,2012,31,35.5,"Harrison Elementary",92503
"20415",33,67215,6032601,3,2012,111,66.2264150943396,"Harrison Elementary",92503
"20416",33,67215,6032601,4,2012,31,67,"Harrison Elementary",92503
"20417",33,67215,6032601,4,2012,111,88.5,"Harrison Elementary",92503
"20418",33,67215,6032601,5,2012,31,51.9397590361446,"Harrison Elementary",92503
"20419",33,67215,6032601,5,2012,111,78,"Harrison Elementary",92503
"20420",33,67215,6032601,6,2012,31,41.4631578947368,"Harrison Elementary",92503
"20421",33,67215,6032601,6,2012,111,60.9638554216867,"Harrison Elementary",92503
"20422",33,67215,6032619,2,2012,31,57.5,"Hawthorne Elementary",92503
"20423",33,67215,6032619,2,2012,111,78,"Hawthorne Elementary",92503
"20424",33,67215,6032619,3,2012,31,52.4108527131783,"Hawthorne Elementary",92503
"20425",33,67215,6032619,3,2012,111,65.5172413793103,"Hawthorne Elementary",92503
"20426",33,67215,6032619,4,2012,31,63.0340136054422,"Hawthorne Elementary",92503
"20427",33,67215,6032619,4,2012,111,80,"Hawthorne Elementary",92503
"20428",33,67215,6032619,5,2012,31,48.009900990099,"Hawthorne Elementary",92503
"20429",33,67215,6032619,5,2012,111,59.6666666666667,"Hawthorne Elementary",92503
"20430",33,67215,6032619,6,2012,31,43.5,"Hawthorne Elementary",92503
"20431",33,67215,6032619,6,2012,111,50.5789473684211,"Hawthorne Elementary",92503
"20432",33,67215,6032627,2,2012,31,61.5,"Highgrove Elementary",92507
"20433",33,67215,6032627,3,2012,31,66,"Highgrove Elementary",92507
"20434",33,67215,6032627,4,2012,31,77.5,"Highgrove Elementary",92507
"20435",33,67215,6032627,4,2012,111,92,"Highgrove Elementary",92507
"20436",33,67215,6032627,5,2012,31,59.243654822335,"Highgrove Elementary",92507
"20437",33,67215,6032627,6,2012,31,57.9941520467836,"Highgrove Elementary",92507
"20438",33,67215,6032635,2,2012,31,48.5,"Highland Elementary",92507
"20439",33,67215,6032635,2,2012,111,61,"Highland Elementary",92507
"20440",33,67215,6032635,3,2012,31,48.8421052631579,"Highland Elementary",92507
"20441",33,67215,6032635,3,2012,111,42.8857142857143,"Highland Elementary",92507
"20442",33,67215,6032635,4,2012,31,48.4970760233918,"Highland Elementary",92507
"20443",33,67215,6032635,4,2012,111,67.5,"Highland Elementary",92507
"20444",33,67215,6032635,5,2012,31,56.3697478991597,"Highland Elementary",92507
"20445",33,67215,6032635,5,2012,111,63.6666666666667,"Highland Elementary",92507
"20446",33,67215,6032635,6,2012,31,55.979020979021,"Highland Elementary",92507
"20447",33,67215,6032635,6,2012,111,71.88,"Highland Elementary",92507
"20448",33,67215,6032650,2,2012,31,49.989417989418,"Jackson Elementary",92503
"20449",33,67215,6032650,3,2012,31,39.5538461538462,"Jackson Elementary",92503
"20450",33,67215,6032650,3,2012,111,74,"Jackson Elementary",92503
"20451",33,67215,6032650,4,2012,31,64.3795620437956,"Jackson Elementary",92503
"20452",33,67215,6032650,4,2012,111,90,"Jackson Elementary",92503
"20453",33,67215,6032650,5,2012,31,54.3884892086331,"Jackson Elementary",92503
"20454",33,67215,6032650,5,2012,111,72.7045454545455,"Jackson Elementary",92503
"20455",33,67215,6032650,6,2012,31,50,"Jackson Elementary",92503
"20456",33,67215,6032650,6,2012,111,88.5,"Jackson Elementary",92503
"20457",33,67215,6032668,2,2012,31,56.5,"Jefferson Elementary",92504
"20458",33,67215,6032668,2,2012,111,75,"Jefferson Elementary",92504
"20459",33,67215,6032668,3,2012,31,52,"Jefferson Elementary",92504
"20460",33,67215,6032668,3,2012,111,86,"Jefferson Elementary",92504
"20461",33,67215,6032668,4,2012,31,68.5044642857143,"Jefferson Elementary",92504
"20462",33,67215,6032668,4,2012,111,73.5,"Jefferson Elementary",92504
"20463",33,67215,6032668,5,2012,31,42.9630872483221,"Jefferson Elementary",92504
"20464",33,67215,6032668,5,2012,111,69.1724137931034,"Jefferson Elementary",92504
"20465",33,67215,6032668,6,2012,31,47.9786096256684,"Jefferson Elementary",92504
"20466",33,67215,6032668,6,2012,111,55,"Jefferson Elementary",92504
"20467",33,67215,6032684,2,2012,31,56.9777777777778,"Liberty Elementary",92503
"20468",33,67215,6032684,3,2012,31,40,"Liberty Elementary",92503
"20469",33,67215,6032684,4,2012,31,54.5080213903743,"Liberty Elementary",92503
"20470",33,67215,6032684,5,2012,31,42.6744966442953,"Liberty Elementary",92503
"20471",33,67215,6032684,6,2012,31,37,"Liberty Elementary",92503
"20472",33,67215,6032692,2,2012,31,44.5,"Longfellow Elementary",92507
"20473",33,67215,6032692,3,2012,31,40.5706806282722,"Longfellow Elementary",92507
"20474",33,67215,6032692,4,2012,31,45.0276497695853,"Longfellow Elementary",92507
"20475",33,67215,6032692,5,2012,31,41.0805860805861,"Longfellow Elementary",92507
"20476",33,67215,6032692,6,2012,31,55.0196078431373,"Longfellow Elementary",92507
"20477",33,67215,6032700,2,2012,31,45.5,"Madison Elementary",92504
"20478",33,67215,6032700,3,2012,31,60.6326530612245,"Madison Elementary",92504
"20479",33,67215,6032700,3,2012,111,95.5,"Madison Elementary",92504
"20480",33,67215,6032700,4,2012,31,74,"Madison Elementary",92504
"20481",33,67215,6032700,4,2012,111,95.5,"Madison Elementary",92504
"20482",33,67215,6032700,5,2012,31,56.6307692307692,"Madison Elementary",92504
"20483",33,67215,6032700,5,2012,111,69.241935483871,"Madison Elementary",92504
"20484",33,67215,6032700,6,2012,31,66.4834437086093,"Madison Elementary",92504
"20485",33,67215,6032700,6,2012,111,66.6296296296296,"Madison Elementary",92504
"20486",33,67215,6032718,2,2012,31,53,"Magnolia Elementary",92506
"20487",33,67215,6032718,2,2012,111,74,"Magnolia Elementary",92506
"20488",33,67215,6032718,3,2012,31,65.9333333333333,"Magnolia Elementary",92506
"20489",33,67215,6032718,3,2012,111,88.6197183098592,"Magnolia Elementary",92506
"20490",33,67215,6032718,4,2012,31,65.5,"Magnolia Elementary",92506
"20491",33,67215,6032718,4,2012,111,87.5106382978723,"Magnolia Elementary",92506
"20492",33,67215,6032718,5,2012,31,52.6666666666667,"Magnolia Elementary",92506
"20493",33,67215,6032718,5,2012,111,69.4196428571429,"Magnolia Elementary",92506
"20494",33,67215,6032718,6,2012,31,53.5,"Magnolia Elementary",92506
"20495",33,67215,6032718,6,2012,111,63.9056603773585,"Magnolia Elementary",92506
"20496",33,67215,6032726,2,2012,31,46.9677419354839,"Monroe Elementary",92504
"20497",33,67215,6032726,3,2012,31,54.5,"Monroe Elementary",92504
"20498",33,67215,6032726,4,2012,31,78,"Monroe Elementary",92504
"20499",33,67215,6032726,5,2012,31,51,"Monroe Elementary",92504
"20500",33,67215,6032726,5,2012,111,57,"Monroe Elementary",92504
"20501",33,67215,6032726,6,2012,31,49,"Monroe Elementary",92504
"20502",33,67215,6032734,2,2012,31,54,"Mountain View Elementary",92504
"20503",33,67215,6032734,2,2012,111,73.5,"Mountain View Elementary",92504
"20504",33,67215,6032734,3,2012,31,44.5403726708075,"Mountain View Elementary",92504
"20505",33,67215,6032734,3,2012,111,73,"Mountain View Elementary",92504
"20506",33,67215,6032734,4,2012,31,45,"Mountain View Elementary",92504
"20507",33,67215,6032734,4,2012,111,59,"Mountain View Elementary",92504
"20508",33,67215,6032734,5,2012,31,54.3113553113553,"Mountain View Elementary",92504
"20509",33,67215,6032734,5,2012,111,75.6666666666667,"Mountain View Elementary",92504
"20510",33,67215,6032734,6,2012,31,63.7727272727273,"Mountain View Elementary",92504
"20511",33,67215,6032734,6,2012,111,73,"Mountain View Elementary",92504
"20512",33,67215,6032742,2,2012,31,49,"Pachappa Elementary",92506
"20513",33,67215,6032742,2,2012,111,74,"Pachappa Elementary",92506
"20514",33,67215,6032742,3,2012,31,51,"Pachappa Elementary",92506
"20515",33,67215,6032742,3,2012,111,77.0769230769231,"Pachappa Elementary",92506
"20516",33,67215,6032742,4,2012,31,62.578125,"Pachappa Elementary",92506
"20517",33,67215,6032742,4,2012,111,90,"Pachappa Elementary",92506
"20518",33,67215,6032742,5,2012,31,69.5661375661376,"Pachappa Elementary",92506
"20519",33,67215,6032742,5,2012,111,87,"Pachappa Elementary",92506
"20520",33,67215,6032742,6,2012,31,56.9548872180451,"Pachappa Elementary",92506
"20521",33,67215,6032742,6,2012,111,75.5,"Pachappa Elementary",92506
"20522",33,67215,6032775,2,2012,31,61,"Victoria Elementary",92506
"20523",33,67215,6032775,2,2012,111,88.5581395348837,"Victoria Elementary",92506
"20524",33,67215,6032775,3,2012,31,44.5,"Victoria Elementary",92506
"20525",33,67215,6032775,3,2012,111,74.3818181818182,"Victoria Elementary",92506
"20526",33,67215,6032775,4,2012,31,68,"Victoria Elementary",92506
"20527",33,67215,6032775,4,2012,111,64.5,"Victoria Elementary",92506
"20528",33,67215,6032775,5,2012,31,46.7123287671233,"Victoria Elementary",92506
"20529",33,67215,6032775,5,2012,111,73.6666666666667,"Victoria Elementary",92506
"20530",33,67215,6032775,6,2012,31,52.5,"Victoria Elementary",92506
"20531",33,67215,6032775,6,2012,111,86.5,"Victoria Elementary",92506
"20532",33,67215,6032783,2,2012,31,44.5,"Washington Elementary",92506
"20533",33,67215,6032783,2,2012,111,85,"Washington Elementary",92506
"20534",33,67215,6032783,3,2012,31,44,"Washington Elementary",92506
"20535",33,67215,6032783,3,2012,111,78,"Washington Elementary",92506
"20536",33,67215,6032783,4,2012,31,58,"Washington Elementary",92506
"20537",33,67215,6032783,4,2012,111,91.0103092783505,"Washington Elementary",92506
"20538",33,67215,6032783,5,2012,31,54.3404255319149,"Washington Elementary",92506
"20539",33,67215,6032783,5,2012,111,66.2210526315789,"Washington Elementary",92506
"20540",33,67215,6032783,6,2012,31,42,"Washington Elementary",92506
"20541",33,67215,6032783,6,2012,111,75.0277777777778,"Washington Elementary",92506
"20542",33,67215,6059125,5,2012,31,97.6666666666667,"Central Middle",92506
"20543",33,67215,6059125,5,2012,111,98,"Central Middle",92506
"20544",33,67215,6059125,6,2012,31,88.5,"Central Middle",92506
"20545",33,67215,6059125,6,2012,111,97,"Central Middle",92506
"20546",33,67215,6059125,7,2012,31,58.9190207156309,"Central Middle",92506
"20547",33,67215,6059125,7,2012,111,88.3928571428571,"Central Middle",92506
"20548",33,67215,6059125,8,2012,31,47.9461020211742,"Central Middle",92506
"20549",33,67215,6059125,8,2012,111,65.3055555555556,"Central Middle",92506
"20550",33,67215,6059141,7,2012,31,53.589928057554,"Sierra Middle",92504
"20551",33,67215,6059141,7,2012,111,77.2970297029703,"Sierra Middle",92504
"20552",33,67215,6059141,8,2012,31,54.116393442623,"Sierra Middle",92504
"20553",33,67215,6059141,8,2012,111,62.1091703056769,"Sierra Middle",92504
"20554",33,67215,6059158,7,2012,31,48.4658385093168,"University Heights Middle",92507
"20555",33,67215,6059158,7,2012,111,68.2926829268293,"University Heights Middle",92507
"20556",33,67215,6059158,8,2012,31,42.9954751131222,"University Heights Middle",92507
"20557",33,67215,6059158,8,2012,111,72.830985915493,"University Heights Middle",92507
"20558",33,67215,6061790,7,2012,31,52.0642201834862,"Chemawa Middle",92503
"20559",33,67215,6061790,7,2012,111,60.125,"Chemawa Middle",92503
"20560",33,67215,6061790,8,2012,31,54.941213653603,"Chemawa Middle",92503
"20561",33,67215,6061790,8,2012,111,55.6045454545455,"Chemawa Middle",92503
"20562",33,67215,6099188,2,2012,31,56.5,"Woodcrest Elementary",92504
"20563",33,67215,6099188,2,2012,111,63,"Woodcrest Elementary",92504
"20564",33,67215,6099188,3,2012,31,42.6901408450704,"Woodcrest Elementary",92504
"20565",33,67215,6099188,3,2012,111,55,"Woodcrest Elementary",92504
"20566",33,67215,6099188,4,2012,31,51.4375,"Woodcrest Elementary",92504
"20567",33,67215,6099188,4,2012,111,67.9908256880734,"Woodcrest Elementary",92504
"20568",33,67215,6099188,5,2012,31,54.0451127819549,"Woodcrest Elementary",92504
"20569",33,67215,6099188,5,2012,111,67.0432098765432,"Woodcrest Elementary",92504
"20570",33,67215,6099188,6,2012,31,58.5,"Woodcrest Elementary",92504
"20571",33,67215,6099188,6,2012,111,74.4363636363636,"Woodcrest Elementary",92504
"20572",33,67231,6032791,2,2012,31,67,"Romoland Elementary",92585
"20573",33,67231,6032791,3,2012,31,57.8595041322314,"Romoland Elementary",92585
"20574",33,67231,6032791,3,2012,111,65.5,"Romoland Elementary",92585
"20575",33,67231,6032791,4,2012,31,71,"Romoland Elementary",92585
"20576",33,67231,6032791,4,2012,111,77.5,"Romoland Elementary",92585
"20577",33,67231,6032791,5,2012,31,52.9882352941176,"Romoland Elementary",92585
"20578",33,67231,6032791,5,2012,111,40.6666666666667,"Romoland Elementary",92585
"20579",33,67231,6109581,2,2012,31,68.5,"Harvest Valley Elementary",92585
"20580",33,67231,6109581,2,2012,111,60,"Harvest Valley Elementary",92585
"20581",33,67231,6109581,3,2012,31,41.046783625731,"Harvest Valley Elementary",92585
"20582",33,67231,6109581,4,2012,31,45.020725388601,"Harvest Valley Elementary",92585
"20583",33,67231,6109581,4,2012,111,70.030303030303,"Harvest Valley Elementary",92585
"20584",33,67231,6109581,5,2012,31,40.70703125,"Harvest Valley Elementary",92585
"20585",33,67231,6109581,5,2012,111,73,"Harvest Valley Elementary",92585
"20586",33,67249,102715,2,2012,31,62,"Estudillo Elementary",92583
"20587",33,67249,102715,2,2012,111,54.5,"Estudillo Elementary",92583
"20588",33,67249,102715,3,2012,31,51.8403361344538,"Estudillo Elementary",92583
"20589",33,67249,102715,3,2012,111,53.5,"Estudillo Elementary",92583
"20590",33,67249,102715,4,2012,31,40.0425531914894,"Estudillo Elementary",92583
"20591",33,67249,102715,4,2012,111,70.5490196078431,"Estudillo Elementary",92583
"20592",33,67249,102715,5,2012,31,54.6721991701245,"Estudillo Elementary",92583
"20593",33,67249,102715,5,2012,111,55.3333333333333,"Estudillo Elementary",92583
"20594",33,67249,121319,2,2012,31,56,"Megan Cope Elementary",92582
"20595",33,67249,121319,2,2012,111,81.5,"Megan Cope Elementary",92582
"20596",33,67249,121319,3,2012,31,49.5,"Megan Cope Elementary",92582
"20597",33,67249,121319,3,2012,111,59.5,"Megan Cope Elementary",92582
"20598",33,67249,121319,4,2012,31,57.2040816326531,"Megan Cope Elementary",92582
"20599",33,67249,121319,4,2012,111,75,"Megan Cope Elementary",92582
"20600",33,67249,121319,5,2012,31,53.3786008230453,"Megan Cope Elementary",92582
"20601",33,67249,121319,5,2012,111,61.6218487394958,"Megan Cope Elementary",92582
"20602",33,67249,3337656,9,2012,31,29.8097412480974,"San Jacinto High",92583
"20603",33,67249,3337656,9,2012,111,43.3846153846154,"San Jacinto High",92583
"20604",33,67249,3337656,10,2012,31,32.618406285073,"San Jacinto High",92583
"20605",33,67249,3337656,10,2012,111,47.5111111111111,"San Jacinto High",92583
"20606",33,67249,3337656,11,2012,31,31.3298578199052,"San Jacinto High",92583
"20607",33,67249,3337656,11,2012,111,44.2808716707022,"San Jacinto High",92583
"20608",33,67249,6032817,2,2012,31,36,"San Jacinto Elementary",92583
"20609",33,67249,6032817,3,2012,31,49.1547619047619,"San Jacinto Elementary",92583
"20610",33,67249,6032817,4,2012,31,46.5,"San Jacinto Elementary",92583
"20611",33,67249,6032817,5,2012,31,42.0301886792453,"San Jacinto Elementary",92583
"20612",33,67249,6106884,2,2012,31,61,"De Anza Elementary",92582
"20613",33,67249,6106884,2,2012,111,65.5,"De Anza Elementary",92582
"20614",33,67249,6106884,3,2012,31,39.8782608695652,"De Anza Elementary",92582
"20615",33,67249,6106884,3,2012,111,47.5,"De Anza Elementary",92582
"20616",33,67249,6106884,4,2012,31,52.4788732394366,"De Anza Elementary",92582
"20617",33,67249,6106884,4,2012,111,84,"De Anza Elementary",92582
"20618",33,67249,6106884,5,2012,31,49,"De Anza Elementary",92582
"20619",33,67249,6106884,5,2012,111,59.1224489795918,"De Anza Elementary",92582
"20620",33,67249,6109490,2,2012,31,50.5,"Park Hill Elementary",92583
"20621",33,67249,6109490,2,2012,111,61.5,"Park Hill Elementary",92583
"20622",33,67249,6109490,3,2012,31,45.9512195121951,"Park Hill Elementary",92583
"20623",33,67249,6109490,3,2012,111,49.5,"Park Hill Elementary",92583
"20624",33,67249,6109490,4,2012,31,41.0128755364807,"Park Hill Elementary",92583
"20625",33,67249,6109490,4,2012,111,50,"Park Hill Elementary",92583
"20626",33,67249,6109490,5,2012,31,37.3811074918567,"Park Hill Elementary",92583
"20627",33,67249,6109490,5,2012,111,59.6666666666667,"Park Hill Elementary",92583
"20628",33,67249,6114748,2,2012,31,53,"San Jacinto Valley Academy",92583
"20629",33,67249,6114748,2,2012,111,57.5,"San Jacinto Valley Academy",92583
"20630",33,67249,6114748,3,2012,31,73,"San Jacinto Valley Academy",92583
"20631",33,67249,6114748,3,2012,111,71.5,"San Jacinto Valley Academy",92583
"20632",33,67249,6114748,4,2012,31,58.5,"San Jacinto Valley Academy",92583
"20633",33,67249,6114748,4,2012,111,54.5,"San Jacinto Valley Academy",92583
"20634",33,67249,6114748,5,2012,31,48.6666666666667,"San Jacinto Valley Academy",92583
"20635",33,67249,6114748,5,2012,111,72.3333333333333,"San Jacinto Valley Academy",92583
"20636",33,67249,6114748,6,2012,31,48,"San Jacinto Valley Academy",92583
"20637",33,67249,6114748,6,2012,111,43.5,"San Jacinto Valley Academy",92583
"20638",33,67249,6114748,7,2012,31,44.910447761194,"San Jacinto Valley Academy",92583
"20639",33,67249,6114748,7,2012,111,51.2857142857143,"San Jacinto Valley Academy",92583
"20640",33,67249,6114748,8,2012,31,43.2125984251969,"San Jacinto Valley Academy",92583
"20641",33,67249,6114748,8,2012,111,45.1976744186046,"San Jacinto Valley Academy",92583
"20642",33,67249,6114748,9,2012,31,39.4545454545455,"San Jacinto Valley Academy",92583
"20643",33,67249,6114748,9,2012,111,89.5,"San Jacinto Valley Academy",92583
"20644",33,67249,6114748,10,2012,31,33.5,"San Jacinto Valley Academy",92583
"20645",33,67249,6114748,10,2012,111,38.4767441860465,"San Jacinto Valley Academy",92583
"20646",33,67249,6114748,11,2012,31,33.5,"San Jacinto Valley Academy",92583
"20647",33,67249,6114748,11,2012,111,55,"San Jacinto Valley Academy",92583
"20648",33,67249,6115125,6,2012,31,44.5153374233129,"North Mountain Middle",92583
"20649",33,67249,6115125,6,2012,111,57,"North Mountain Middle",92583
"20650",33,67249,6115125,7,2012,31,44.0023094688222,"North Mountain Middle",92583
"20651",33,67249,6115125,7,2012,111,63,"North Mountain Middle",92583
"20652",33,67249,6115125,8,2012,31,50.0691287878788,"North Mountain Middle",92583
"20653",33,67249,6115125,8,2012,111,62.7816091954023,"North Mountain Middle",92583
"20654",33,73676,100248,2,2012,31,24.5,"Las Palmitas Elementary",92274
"20655",33,73676,100248,3,2012,31,20.5441860465116,"Las Palmitas Elementary",92274
"20656",33,73676,100248,4,2012,31,48.0409356725146,"Las Palmitas Elementary",92274
"20657",33,73676,100248,5,2012,31,33.9483282674772,"Las Palmitas Elementary",92274
"20658",33,73676,100248,6,2012,31,27.0053475935829,"Las Palmitas Elementary",92274
"20659",33,73676,100255,9,2012,31,25.1699134199134,"Desert Mirage High",92274
"20660",33,73676,100255,9,2012,111,31,"Desert Mirage High",92274
"20661",33,73676,100255,10,2012,31,17.0794326241135,"Desert Mirage High",92274
"20662",33,73676,100255,10,2012,111,28.253164556962,"Desert Mirage High",92274
"20663",33,73676,100255,11,2012,31,17.0179372197309,"Desert Mirage High",92274
"20664",33,73676,100255,11,2012,111,36.962962962963,"Desert Mirage High",92274
"20665",33,73676,100263,7,2012,31,31.9001218026797,"Toro Canyon Middle",92274
"20666",33,73676,100263,7,2012,111,53.0526315789474,"Toro Canyon Middle",92274
"20667",33,73676,100263,8,2012,31,32.1484419263456,"Toro Canyon Middle",92274
"20668",33,73676,100263,8,2012,111,40.3064516129032,"Toro Canyon Middle",92274
"20669",33,73676,112649,2,2012,31,45.4842105263158,"Coral Mountain Academy",92236
"20670",33,73676,112649,3,2012,31,42.5966386554622,"Coral Mountain Academy",92236
"20671",33,73676,112649,4,2012,31,56,"Coral Mountain Academy",92236
"20672",33,73676,112649,5,2012,31,49.6621621621622,"Coral Mountain Academy",92236
"20673",33,73676,112649,6,2012,31,54.5,"Coral Mountain Academy",92236
"20674",33,73676,113753,7,2012,31,31.9625,"Bobby Duke Middle",92236
"20675",33,73676,113753,7,2012,111,63.5,"Bobby Duke Middle",92236
"20676",33,73676,113753,8,2012,31,34.6513833992095,"Bobby Duke Middle",92236
"20677",33,73676,113753,8,2012,111,36,"Bobby Duke Middle",92236
"20678",33,73676,3330032,11,2012,31,3.49704142011834,"La Familia Continuation High",92274
"20679",33,73676,3330354,7,2012,31,41.025641025641,"West Shores High",92275
"20680",33,73676,3330354,8,2012,31,27.2208835341365,"West Shores High",92275
"20681",33,73676,3330354,9,2012,31,36.7278911564626,"West Shores High",92275
"20682",33,73676,3330354,10,2012,31,24.4308176100629,"West Shores High",92275
"20683",33,73676,3330354,11,2012,31,22.4,"West Shores High",92275
"20684",33,73676,3330990,9,2012,31,43.7204106280193,"Coachella Valley High",92274
"20685",33,73676,3330990,9,2012,111,58.7155172413793,"Coachella Valley High",92274
"20686",33,73676,3330990,10,2012,31,31.3573131955485,"Coachella Valley High",92274
"20687",33,73676,3330990,10,2012,111,40.9166666666667,"Coachella Valley High",92274
"20688",33,73676,3330990,11,2012,31,25.2862616310892,"Coachella Valley High",92274
"20689",33,73676,3330990,11,2012,111,38.5145631067961,"Coachella Valley High",92274
"20690",33,73676,6031694,2,2012,31,30,"Valle del Sol Elementary",92236
"20691",33,73676,6031694,3,2012,31,20.5521472392638,"Valle del Sol Elementary",92236
"20692",33,73676,6031694,4,2012,31,43.5280898876404,"Valle del Sol Elementary",92236
"20693",33,73676,6031694,5,2012,31,40,"Valle del Sol Elementary",92236
"20694",33,73676,6031694,6,2012,31,45.5,"Valle del Sol Elementary",92236
"20695",33,73676,6031702,2,2012,31,29.5,"Palm View Elementary",92236
"20696",33,73676,6031702,3,2012,31,10.5,"Palm View Elementary",92236
"20697",33,73676,6031702,4,2012,31,51.5748502994012,"Palm View Elementary",92236
"20698",33,73676,6031702,5,2012,31,39,"Palm View Elementary",92236
"20699",33,73676,6031702,6,2012,31,20.0111731843575,"Palm View Elementary",92236
"20700",33,73676,6031710,2,2012,31,52,"Peter Pendleton Elementary",92236
"20701",33,73676,6031710,3,2012,31,43.4123711340206,"Peter Pendleton Elementary",92236
"20702",33,73676,6031710,4,2012,31,41.0462962962963,"Peter Pendleton Elementary",92236
"20703",33,73676,6031710,5,2012,31,29.6184210526316,"Peter Pendleton Elementary",92236
"20704",33,73676,6031710,6,2012,31,26.4776119402985,"Peter Pendleton Elementary",92236
"20705",33,73676,6031728,2,2012,31,36.5,"Valley View Elementary",92236
"20706",33,73676,6031728,3,2012,31,24.5492957746479,"Valley View Elementary",92236
"20707",33,73676,6031728,4,2012,31,44.5,"Valley View Elementary",92236
"20708",33,73676,6031728,5,2012,31,28.0441640378549,"Valley View Elementary",92236
"20709",33,73676,6031728,6,2012,31,30,"Valley View Elementary",92236
"20710",33,73676,6032254,2,2012,31,50,"Mecca Elementary",92254
"20711",33,73676,6032254,3,2012,31,21,"Mecca Elementary",92254
"20712",33,73676,6032254,4,2012,31,53.5450643776824,"Mecca Elementary",92254
"20713",33,73676,6032254,5,2012,31,39.3333333333333,"Mecca Elementary",92254
"20714",33,73676,6032254,6,2012,31,33,"Mecca Elementary",92254
"20715",33,73676,6032361,2,2012,31,46.9528795811518,"Oasis Elementary",92274
"20716",33,73676,6032361,3,2012,31,31.407960199005,"Oasis Elementary",92274
"20717",33,73676,6032361,4,2012,31,59,"Oasis Elementary",92274
"20718",33,73676,6032361,5,2012,31,53.7772511848341,"Oasis Elementary",92274
"20719",33,73676,6032361,6,2012,31,28.5189873417722,"Oasis Elementary",92274
"20720",33,73676,6032833,2,2012,31,42,"John Kelley Elementary",92274
"20721",33,73676,6032833,4,2012,31,74.168,"John Kelley Elementary",92274
"20722",33,73676,6032833,5,2012,31,43.9806763285024,"John Kelley Elementary",92274
"20723",33,73676,6032833,6,2012,31,33.5,"John Kelley Elementary",92274
"20724",33,73676,6032841,2,2012,31,41,"Westside Elementary",92274
"20725",33,73676,6032841,3,2012,31,61.5,"Westside Elementary",92274
"20726",33,73676,6032841,4,2012,31,59.5298013245033,"Westside Elementary",92274
"20727",33,73676,6032841,5,2012,31,43.3788546255507,"Westside Elementary",92274
"20728",33,73676,6032841,6,2012,31,26.9795918367347,"Westside Elementary",92274
"20729",33,73676,6108906,2,2012,31,46,"Cesar Chavez Elementary",92236
"20730",33,73676,6108906,3,2012,31,19.5531914893617,"Cesar Chavez Elementary",92236
"20731",33,73676,6108906,4,2012,31,39.0431034482759,"Cesar Chavez Elementary",92236
"20732",33,73676,6108906,5,2012,31,22.6902173913043,"Cesar Chavez Elementary",92236
"20733",33,73676,6108906,6,2012,31,30.4549180327869,"Cesar Chavez Elementary",92236
"20734",33,73676,6114789,2,2012,31,47.5,"Saul Martinez Elementary",92254
"20735",33,73676,6114789,3,2012,31,48.0531561461794,"Saul Martinez Elementary",92254
"20736",33,73676,6114789,4,2012,31,65.5,"Saul Martinez Elementary",92254
"20737",33,73676,6114789,5,2012,31,41.5162790697674,"Saul Martinez Elementary",92254
"20738",33,73676,6114789,6,2012,31,37,"Saul Martinez Elementary",92254
"20739",33,73676,6117774,2,2012,31,43,"Mountain Vista Elementary",92201
"20740",33,73676,6117774,3,2012,31,40.5,"Mountain Vista Elementary",92201
"20741",33,73676,6117774,4,2012,31,54,"Mountain Vista Elementary",92201
"20742",33,73676,6117774,5,2012,31,51,"Mountain Vista Elementary",92201
"20743",33,73676,6117774,6,2012,31,54.5,"Mountain Vista Elementary",92201
"20744",33,75176,107920,9,2012,31,35.9019607843137,"Lakeside High",92530
"20745",33,75176,107920,9,2012,111,53.7892156862745,"Lakeside High",92530
"20746",33,75176,107920,10,2012,31,37.4863574351978,"Lakeside High",92530
"20747",33,75176,107920,10,2012,111,62.5975609756098,"Lakeside High",92530
"20748",33,75176,107920,11,2012,31,34.5969202898551,"Lakeside High",92530
"20749",33,75176,107920,11,2012,111,45.3042016806723,"Lakeside High",92530
"20750",33,75176,113100,2,2012,31,64,"Earl Warren Elementary",92532
"20751",33,75176,113100,2,2012,111,78.4957264957265,"Earl Warren Elementary",92532
"20752",33,75176,113100,3,2012,31,59.5,"Earl Warren Elementary",92532
"20753",33,75176,113100,3,2012,111,79.5,"Earl Warren Elementary",92532
"20754",33,75176,113100,4,2012,31,83.5,"Earl Warren Elementary",92532
"20755",33,75176,113100,4,2012,111,84,"Earl Warren Elementary",92532
"20756",33,75176,113100,5,2012,31,62.3333333333333,"Earl Warren Elementary",92532
"20757",33,75176,113100,5,2012,111,83.021897810219,"Earl Warren Elementary",92532
"20758",33,75176,116343,10,2012,31,11,"Keith McCarthy Academy",92530
"20759",33,75176,116343,11,2012,31,2.66666666666667,"Keith McCarthy Academy",92530
"20760",33,75176,116343,11,2012,111,14.6341463414634,"Keith McCarthy Academy",92530
"20761",33,75176,122960,2,2012,31,42,"Lakeland Village",92530
"20762",33,75176,122960,2,2012,111,82,"Lakeland Village",92530
"20763",33,75176,122960,3,2012,31,34.0809248554913,"Lakeland Village",92530
"20764",33,75176,122960,3,2012,111,61.1428571428571,"Lakeland Village",92530
"20765",33,75176,122960,4,2012,31,52.0177514792899,"Lakeland Village",92530
"20766",33,75176,122960,4,2012,111,68.5,"Lakeland Village",92530
"20767",33,75176,122960,5,2012,31,38.9856115107914,"Lakeland Village",92530
"20768",33,75176,122960,5,2012,111,59.0454545454545,"Lakeland Village",92530
"20769",33,75176,122960,6,2012,31,19.5,"Lakeland Village",92530
"20770",33,75176,122960,6,2012,111,37,"Lakeland Village",92530
"20771",33,75176,122960,7,2012,31,35.5,"Lakeland Village",92530
"20772",33,75176,122960,7,2012,111,58.5,"Lakeland Village",92530
"20773",33,75176,122960,8,2012,31,38.2900432900433,"Lakeland Village",92530
"20774",33,75176,122960,8,2012,111,46.2272727272727,"Lakeland Village",92530
"20775",33,75176,3330115,11,2012,31,5.9698275862069,"Ortega High",92530
"20776",33,75176,3330115,11,2012,111,11.7931034482759,"Ortega High",92530
"20777",33,75176,3330487,9,2012,31,29.7404371584699,"Temescal Canyon High",92532
"20778",33,75176,3330487,9,2012,111,50.8341232227488,"Temescal Canyon High",92532
"20779",33,75176,3330487,10,2012,31,34.2966333030027,"Temescal Canyon High",92532
"20780",33,75176,3330487,10,2012,111,52.3286821705426,"Temescal Canyon High",92532
"20781",33,75176,3330487,11,2012,31,32.0304635761589,"Temescal Canyon High",92532
"20782",33,75176,3330487,11,2012,111,41.6688668866887,"Temescal Canyon High",92532
"20783",33,75176,3332350,9,2012,31,36.468085106383,"Elsinore High",92595
"20784",33,75176,3332350,9,2012,111,51.691156462585,"Elsinore High",92595
"20785",33,75176,3332350,10,2012,31,33.1140042223786,"Elsinore High",92595
"20786",33,75176,3332350,10,2012,111,53.3448858833474,"Elsinore High",92595
"20787",33,75176,3332350,11,2012,31,40.397616468039,"Elsinore High",92595
"20788",33,75176,3332350,11,2012,111,52.2809523809524,"Elsinore High",92595
"20789",33,75176,6032031,2,2012,31,66,"Elsinore Elementary",92530
"20790",33,75176,6032031,3,2012,31,38.5960264900662,"Elsinore Elementary",92530
"20791",33,75176,6032031,4,2012,31,51.4645669291339,"Elsinore Elementary",92530
"20792",33,75176,6032031,5,2012,31,54.6632124352332,"Elsinore Elementary",92530
"20793",33,75176,6032056,2,2012,31,59.5,"Machado Elementary",92530
"20794",33,75176,6032056,3,2012,31,41.8263157894737,"Machado Elementary",92530
"20795",33,75176,6032056,4,2012,31,52,"Machado Elementary",92530
"20796",33,75176,6032056,5,2012,31,41.7095435684647,"Machado Elementary",92530
"20797",33,75176,6032056,5,2012,111,68.8448275862069,"Machado Elementary",92530
"20798",33,75176,6032064,2,2012,31,61,"Wildomar Elementary",92595
"20799",33,75176,6032064,2,2012,111,68,"Wildomar Elementary",92595
"20800",33,75176,6032064,3,2012,31,55.5,"Wildomar Elementary",92595
"20801",33,75176,6032064,3,2012,111,77,"Wildomar Elementary",92595
"20802",33,75176,6032064,4,2012,31,48.4932432432432,"Wildomar Elementary",92595
"20803",33,75176,6032064,4,2012,111,73.4222222222222,"Wildomar Elementary",92595
"20804",33,75176,6032064,5,2012,31,55.096256684492,"Wildomar Elementary",92595
"20805",33,75176,6032064,5,2012,111,84.4,"Wildomar Elementary",92595
"20806",33,75176,6071203,6,2012,31,36.4619883040936,"Elsinore Middle",92530
"20807",33,75176,6071203,6,2012,111,85,"Elsinore Middle",92530
"20808",33,75176,6071203,7,2012,31,47.4790996784566,"Elsinore Middle",92530
"20809",33,75176,6071203,7,2012,111,79.4563106796116,"Elsinore Middle",92530
"20810",33,75176,6071203,8,2012,31,43.0057803468208,"Elsinore Middle",92530
"20811",33,75176,6071203,8,2012,111,71.8789237668161,"Elsinore Middle",92530
"20812",33,75176,6105548,6,2012,31,47.4920634920635,"Terra Cotta Middle",92530
"20813",33,75176,6105548,6,2012,111,65.4973544973545,"Terra Cotta Middle",92530
"20814",33,75176,6105548,7,2012,31,54.0070052539405,"Terra Cotta Middle",92530
"20815",33,75176,6105548,7,2012,111,64,"Terra Cotta Middle",92530
"20816",33,75176,6105548,8,2012,31,44.9366197183099,"Terra Cotta Middle",92530
"20817",33,75176,6105548,8,2012,111,68.8699551569507,"Terra Cotta Middle",92530
"20818",33,75176,6108278,2,2012,31,71,"Withrow Elementary",92530
"20819",33,75176,6108278,2,2012,111,85,"Withrow Elementary",92530
"20820",33,75176,6108278,3,2012,31,53.5,"Withrow Elementary",92530
"20821",33,75176,6108278,3,2012,111,59.5769230769231,"Withrow Elementary",92530
"20822",33,75176,6108278,4,2012,31,73.4816753926702,"Withrow Elementary",92530
"20823",33,75176,6108278,4,2012,111,81,"Withrow Elementary",92530
"20824",33,75176,6108278,5,2012,31,66.7433155080214,"Withrow Elementary",92530
"20825",33,75176,6108278,5,2012,111,64.7032967032967,"Withrow Elementary",92530
"20826",33,75176,6109938,2,2012,31,78.5,"Luiseno",92883
"20827",33,75176,6109938,2,2012,111,81,"Luiseno",92883
"20828",33,75176,6109938,3,2012,31,56.8641975308642,"Luiseno",92883
"20829",33,75176,6109938,3,2012,111,72,"Luiseno",92883
"20830",33,75176,6109938,4,2012,31,82.5,"Luiseno",92883
"20831",33,75176,6109938,4,2012,111,83,"Luiseno",92883
"20832",33,75176,6109938,5,2012,31,63.5051546391753,"Luiseno",92883
"20833",33,75176,6109938,5,2012,111,76.6666666666667,"Luiseno",92883
"20834",33,75176,6109938,6,2012,31,48.5,"Luiseno",92883
"20835",33,75176,6109938,6,2012,111,58.941935483871,"Luiseno",92883
"20836",33,75176,6109938,7,2012,31,64.5,"Luiseno",92883
"20837",33,75176,6109938,7,2012,111,74.5,"Luiseno",92883
"20838",33,75176,6111082,2,2012,31,74,"Tuscany Hills Elementary",92532
"20839",33,75176,6111082,2,2012,111,87.5,"Tuscany Hills Elementary",92532
"20840",33,75176,6111082,3,2012,31,69.3647058823529,"Tuscany Hills Elementary",92532
"20841",33,75176,6111082,3,2012,111,87.5286624203822,"Tuscany Hills Elementary",92532
"20842",33,75176,6111082,4,2012,31,73,"Tuscany Hills Elementary",92532
"20843",33,75176,6111082,4,2012,111,93.5103448275862,"Tuscany Hills Elementary",92532
"20844",33,75176,6111082,5,2012,31,72.6666666666667,"Tuscany Hills Elementary",92532
"20845",33,75176,6111082,5,2012,111,79.25,"Tuscany Hills Elementary",92532
"20846",33,75176,6118442,2,2012,31,68.5,"Rice Canyon Elementary",92530
"20847",33,75176,6118442,2,2012,111,84,"Rice Canyon Elementary",92530
"20848",33,75176,6118442,3,2012,31,66.0606060606061,"Rice Canyon Elementary",92530
"20849",33,75176,6118442,3,2012,111,86.8676470588235,"Rice Canyon Elementary",92530
"20850",33,75176,6118442,4,2012,31,70.5187969924812,"Rice Canyon Elementary",92530
"20851",33,75176,6118442,4,2012,111,91.5,"Rice Canyon Elementary",92530
"20852",33,75176,6118442,5,2012,31,65.0155642023346,"Rice Canyon Elementary",92530
"20853",33,75176,6118442,5,2012,111,82.3333333333333,"Rice Canyon Elementary",92530
"20854",33,75176,6120463,6,2012,31,52.9717514124294,"Canyon Lake Middle",92532
"20855",33,75176,6120463,6,2012,111,70.5,"Canyon Lake Middle",92532
"20856",33,75176,6120463,7,2012,31,58.0216606498195,"Canyon Lake Middle",92532
"20857",33,75176,6120463,7,2012,111,73.0677966101695,"Canyon Lake Middle",92532
"20858",33,75176,6120463,8,2012,31,47.7151162790698,"Canyon Lake Middle",92532
"20859",33,75176,6120463,8,2012,111,58.7037037037037,"Canyon Lake Middle",92532
"20860",33,75192,101097,2,2012,31,78.5,"French Valley Elementary",92596
"20861",33,75192,101097,2,2012,111,83,"French Valley Elementary",92596
"20862",33,75192,101097,3,2012,31,62.5,"French Valley Elementary",92596
"20863",33,75192,101097,3,2012,111,77.5645933014354,"French Valley Elementary",92596
"20864",33,75192,101097,4,2012,31,76,"French Valley Elementary",92596
"20865",33,75192,101097,4,2012,111,89.5,"French Valley Elementary",92596
"20866",33,75192,101097,5,2012,31,83,"French Valley Elementary",92596
"20867",33,75192,101097,5,2012,111,80.6620689655172,"French Valley Elementary",92596
"20868",33,75192,105734,9,2012,31,48.5253164556962,"Great Oak High",92592
"20869",33,75192,105734,9,2012,111,64.7430287430287,"Great Oak High",92592
"20870",33,75192,105734,10,2012,31,49.6972010178117,"Great Oak High",92592
"20871",33,75192,105734,10,2012,111,66.2311252531096,"Great Oak High",92592
"20872",33,75192,105734,11,2012,31,51.258883248731,"Great Oak High",92592
"20873",33,75192,105734,11,2012,111,58.0189873417722,"Great Oak High",92592
"20874",33,75192,105742,2,2012,31,80,"Alamos Elementary",92563
"20875",33,75192,105742,2,2012,111,92,"Alamos Elementary",92563
"20876",33,75192,105742,3,2012,31,71.9767441860465,"Alamos Elementary",92563
"20877",33,75192,105742,3,2012,111,90.4387096774194,"Alamos Elementary",92563
"20878",33,75192,105742,4,2012,31,80,"Alamos Elementary",92563
"20879",33,75192,105742,4,2012,111,94.5,"Alamos Elementary",92563
"20880",33,75192,105742,5,2012,31,85.6666666666667,"Alamos Elementary",92563
"20881",33,75192,105742,5,2012,111,94.6692607003891,"Alamos Elementary",92563
"20882",33,75192,105759,6,2012,31,66.0503144654088,"Bella Vista Middle",92563
"20883",33,75192,105759,6,2012,111,74.5148205928237,"Bella Vista Middle",92563
"20884",33,75192,105759,7,2012,31,73.758064516129,"Bella Vista Middle",92563
"20885",33,75192,105759,7,2012,111,76.2329545454545,"Bella Vista Middle",92563
"20886",33,75192,105759,8,2012,31,63.2605363984674,"Bella Vista Middle",92563
"20887",33,75192,105759,8,2012,111,77.556943423953,"Bella Vista Middle",92563
"20888",33,75192,108480,2,2012,31,81,"Crowne Hill Elementary",92592
"20889",33,75192,108480,2,2012,111,84,"Crowne Hill Elementary",92592
"20890",33,75192,108480,3,2012,31,68.5098039215686,"Crowne Hill Elementary",92592
"20891",33,75192,108480,3,2012,111,87,"Crowne Hill Elementary",92592
"20892",33,75192,108480,4,2012,31,64.7843137254902,"Crowne Hill Elementary",92592
"20893",33,75192,108480,4,2012,111,89.4776785714286,"Crowne Hill Elementary",92592
"20894",33,75192,108480,5,2012,31,58.3333333333333,"Crowne Hill Elementary",92592
"20895",33,75192,108480,5,2012,111,90.0033444816054,"Crowne Hill Elementary",92592
"20896",33,75192,113696,2,2012,31,64.5,"Temecula Luiseno Elementary",92592
"20897",33,75192,113696,2,2012,111,75,"Temecula Luiseno Elementary",92592
"20898",33,75192,113696,3,2012,31,68.6274509803922,"Temecula Luiseno Elementary",92592
"20899",33,75192,113696,3,2012,111,84.0343347639485,"Temecula Luiseno Elementary",92592
"20900",33,75192,113696,4,2012,31,76.5454545454545,"Temecula Luiseno Elementary",92592
"20901",33,75192,113696,4,2012,111,88.9506172839506,"Temecula Luiseno Elementary",92592
"20902",33,75192,113696,5,2012,31,76.6666666666667,"Temecula Luiseno Elementary",92592
"20903",33,75192,113696,5,2012,111,84.9877750611247,"Temecula Luiseno Elementary",92592
"20904",33,75192,3330370,9,2012,31,48.7635933806147,"Temecula Valley High",92592
"20905",33,75192,3330370,9,2012,111,62.1768625075712,"Temecula Valley High",92592
"20906",33,75192,3330370,10,2012,31,45.3980952380952,"Temecula Valley High",92592
"20907",33,75192,3330370,10,2012,111,57.1031941031941,"Temecula Valley High",92592
"20908",33,75192,3330370,11,2012,31,37.421568627451,"Temecula Valley High",92592
"20909",33,75192,3330370,11,2012,111,53.8633200795229,"Temecula Valley High",92592
"20910",33,75192,3330495,10,2012,111,20,"Rancho Vista High",92592
"20911",33,75192,3330495,11,2012,31,17.5333333333333,"Rancho Vista High",92592
"20912",33,75192,3330495,11,2012,111,28.3349056603774,"Rancho Vista High",92592
"20913",33,75192,3330743,9,2012,31,42.0677966101695,"Chaparral High",92591
"20914",33,75192,3330743,9,2012,111,63.3560918187169,"Chaparral High",92591
"20915",33,75192,3330743,10,2012,31,48.2259970457903,"Chaparral High",92591
"20916",33,75192,3330743,10,2012,111,60.0728051391863,"Chaparral High",92591
"20917",33,75192,3330743,11,2012,31,45.2040404040404,"Chaparral High",92591
"20918",33,75192,3330743,11,2012,111,59.7227853680035,"Chaparral High",92591
"20919",33,75192,3330917,2,2012,111,78.5,"Temecula Preparatory",92596
"20920",33,75192,3330917,3,2012,111,75.5,"Temecula Preparatory",92596
"20921",33,75192,3330917,4,2012,111,79.38125,"Temecula Preparatory",92596
"20922",33,75192,3330917,5,2012,111,84.95,"Temecula Preparatory",92596
"20923",33,75192,3330917,6,2012,111,81.0181818181818,"Temecula Preparatory",92596
"20924",33,75192,3330917,7,2012,111,68.5771428571429,"Temecula Preparatory",92596
"20925",33,75192,3330917,8,2012,111,73.2156862745098,"Temecula Preparatory",92596
"20926",33,75192,3330917,9,2012,111,59.8975609756098,"Temecula Preparatory",92596
"20927",33,75192,3330917,10,2012,111,45.2376543209877,"Temecula Preparatory",92596
"20928",33,75192,3330917,11,2012,111,47.6419213973799,"Temecula Preparatory",92596
"20929",33,75192,6032825,6,2012,31,64.0736842105263,"Temecula Middle",92592
"20930",33,75192,6032825,6,2012,111,74.5136,"Temecula Middle",92592
"20931",33,75192,6032825,7,2012,31,75.0927835051546,"Temecula Middle",92592
"20932",33,75192,6032825,7,2012,111,81.2373371924747,"Temecula Middle",92592
"20933",33,75192,6032825,8,2012,31,64.9169960474308,"Temecula Middle",92592
"20934",33,75192,6032825,8,2012,111,77.4033149171271,"Temecula Middle",92592
"20935",33,75192,6096994,2,2012,31,77,"Vail Elementary",92592
"20936",33,75192,6096994,2,2012,111,83,"Vail Elementary",92592
"20937",33,75192,6096994,3,2012,31,59.1826923076923,"Vail Elementary",92592
"20938",33,75192,6096994,3,2012,111,76.8767123287671,"Vail Elementary",92592
"20939",33,75192,6096994,4,2012,31,78.7640449438202,"Vail Elementary",92592
"20940",33,75192,6096994,4,2012,111,84.9302325581395,"Vail Elementary",92592
"20941",33,75192,6096994,5,2012,31,75.3522727272727,"Vail Elementary",92592
"20942",33,75192,6096994,5,2012,111,93.0103092783505,"Vail Elementary",92592
"20943",33,75192,6106017,2,2012,31,58,"Rancho Elementary",92591
"20944",33,75192,6106017,2,2012,111,88.5,"Rancho Elementary",92591
"20945",33,75192,6106017,3,2012,31,69.3939393939394,"Rancho Elementary",92591
"20946",33,75192,6106017,3,2012,111,78,"Rancho Elementary",92591
"20947",33,75192,6106017,4,2012,31,70.5,"Rancho Elementary",92591
"20948",33,75192,6106017,4,2012,111,90.5,"Rancho Elementary",92591
"20949",33,75192,6106017,5,2012,111,77.3333333333333,"Rancho Elementary",92591
"20950",33,75192,6107254,6,2012,31,55.9631901840491,"Margarita Middle",92591
"20951",33,75192,6107254,6,2012,111,80,"Margarita Middle",92591
"20952",33,75192,6107254,7,2012,31,53.7118644067797,"Margarita Middle",92591
"20953",33,75192,6107254,7,2012,111,76.2089201877934,"Margarita Middle",92591
"20954",33,75192,6107254,8,2012,31,58.2806451612903,"Margarita Middle",92591
"20955",33,75192,6107254,8,2012,111,79.6058315334773,"Margarita Middle",92591
"20956",33,75192,6108427,2,2012,31,46.4685314685315,"Temecula Elementary",92591
"20957",33,75192,6108427,2,2012,111,59.5,"Temecula Elementary",92591
"20958",33,75192,6108427,3,2012,31,47.4160583941606,"Temecula Elementary",92591
"20959",33,75192,6108427,3,2012,111,64.5,"Temecula Elementary",92591
"20960",33,75192,6108427,4,2012,31,68.4897959183673,"Temecula Elementary",92591
"20961",33,75192,6108427,4,2012,111,74.5,"Temecula Elementary",92591
"20962",33,75192,6109417,2,2012,31,69.5,"Nicolas Valley Elementary",92591
"20963",33,75192,6109417,2,2012,111,82,"Nicolas Valley Elementary",92591
"20964",33,75192,6109417,3,2012,31,55.5,"Nicolas Valley Elementary",92591
"20965",33,75192,6109417,3,2012,111,75.5,"Nicolas Valley Elementary",92591
"20966",33,75192,6109417,4,2012,31,73,"Nicolas Valley Elementary",92591
"20967",33,75192,6109417,4,2012,111,84.5,"Nicolas Valley Elementary",92591
"20968",33,75192,6109417,5,2012,31,83.7606837606838,"Nicolas Valley Elementary",92591
"20969",33,75192,6109417,5,2012,111,79.6694214876033,"Nicolas Valley Elementary",92591
"20970",33,75192,6110084,2,2012,31,63,"Red Hawk Elementary",92592
"20971",33,75192,6110084,2,2012,111,82,"Red Hawk Elementary",92592
"20972",33,75192,6110084,3,2012,31,62.5,"Red Hawk Elementary",92592
"20973",33,75192,6110084,3,2012,111,75.096,"Red Hawk Elementary",92592
"20974",33,75192,6110084,4,2012,111,92.495867768595,"Red Hawk Elementary",92592
"20975",33,75192,6110084,5,2012,31,93.3333333333333,"Red Hawk Elementary",92592
"20976",33,75192,6110084,5,2012,111,88.3073170731707,"Red Hawk Elementary",92592
"20977",33,75192,6112098,6,2012,31,62.3663366336634,"Vail Ranch Middle",92592
"20978",33,75192,6112098,6,2012,111,74,"Vail Ranch Middle",92592
"20979",33,75192,6112098,7,2012,31,56.7283950617284,"Vail Ranch Middle",92592
"20980",33,75192,6112098,7,2012,111,77.8720930232558,"Vail Ranch Middle",92592
"20981",33,75192,6112098,8,2012,31,67.8846153846154,"Vail Ranch Middle",92592
"20982",33,75192,6112098,8,2012,111,79.002830856334,"Vail Ranch Middle",92592
"20983",33,75192,6112551,2,2012,111,88.5,"Temecula Valley Charter",92596
"20984",33,75192,6112551,3,2012,111,74.5,"Temecula Valley Charter",92596
"20985",33,75192,6112551,4,2012,111,90.9770114942529,"Temecula Valley Charter",92596
"20986",33,75192,6112551,5,2012,111,73.3,"Temecula Valley Charter",92596
"20987",33,75192,6112551,6,2012,31,45,"Temecula Valley Charter",92596
"20988",33,75192,6112551,6,2012,111,70.5,"Temecula Valley Charter",92596
"20989",33,75192,6112551,7,2012,111,84.010752688172,"Temecula Valley Charter",92596
"20990",33,75192,6112551,8,2012,31,72.5294117647059,"Temecula Valley Charter",92596
"20991",33,75192,6112551,8,2012,111,88.1119402985075,"Temecula Valley Charter",92596
"20992",33,75192,6112809,2,2012,31,81.5,"Paloma Elementary",92592
"20993",33,75192,6112809,2,2012,111,84.5,"Paloma Elementary",92592
"20994",33,75192,6112809,3,2012,31,63.5,"Paloma Elementary",92592
"20995",33,75192,6112809,3,2012,111,76.5,"Paloma Elementary",92592
"20996",33,75192,6112809,4,2012,31,71.5897435897436,"Paloma Elementary",92592
"20997",33,75192,6112809,4,2012,111,83.9230769230769,"Paloma Elementary",92592
"20998",33,75192,6112809,5,2012,31,82.7931034482759,"Paloma Elementary",92592
"20999",33,75192,6112809,5,2012,111,98,"Paloma Elementary",92592
"21000",33,75192,6113641,2,2012,31,69,"Pauba Valley Elementary",92592
"21001",33,75192,6113641,2,2012,111,82.5,"Pauba Valley Elementary",92592
"21002",33,75192,6113641,3,2012,31,42.5,"Pauba Valley Elementary",92592
"21003",33,75192,6113641,3,2012,111,75.5,"Pauba Valley Elementary",92592
"21004",33,75192,6113641,4,2012,31,82.5,"Pauba Valley Elementary",92592
"21005",33,75192,6113641,4,2012,111,84.5031055900621,"Pauba Valley Elementary",92592
"21006",33,75192,6113641,5,2012,31,61.6666666666667,"Pauba Valley Elementary",92592
"21007",33,75192,6113641,5,2012,111,90.6654545454546,"Pauba Valley Elementary",92592
"21008",33,75192,6114243,2,2012,31,59.5,"Vintage Hills Elementary",92592
"21009",33,75192,6114243,2,2012,111,73,"Vintage Hills Elementary",92592
"21010",33,75192,6114243,3,2012,31,68.5,"Vintage Hills Elementary",92592
"21011",33,75192,6114243,3,2012,111,69.5,"Vintage Hills Elementary",92592
"21012",33,75192,6114243,4,2012,31,87,"Vintage Hills Elementary",92592
"21013",33,75192,6114243,4,2012,111,91,"Vintage Hills Elementary",92592
"21014",33,75192,6114243,5,2012,31,75.6666666666667,"Vintage Hills Elementary",92592
"21015",33,75192,6114243,5,2012,111,88.6768802228412,"Vintage Hills Elementary",92592
"21016",33,75192,6118822,2,2012,31,71,"Ysabel Barnett Elementary",92591
"21017",33,75192,6118822,2,2012,111,87,"Ysabel Barnett Elementary",92591
"21018",33,75192,6118822,3,2012,31,63,"Ysabel Barnett Elementary",92591
"21019",33,75192,6118822,3,2012,111,78.5,"Ysabel Barnett Elementary",92591
"21020",33,75192,6118822,4,2012,31,78,"Ysabel Barnett Elementary",92591
"21021",33,75192,6118822,4,2012,111,92.9951690821256,"Ysabel Barnett Elementary",92591
"21022",33,75192,6118822,5,2012,31,84.6666666666667,"Ysabel Barnett Elementary",92591
"21023",33,75192,6118822,5,2012,111,92.3508196721312,"Ysabel Barnett Elementary",92591
"21024",33,75200,100412,2,2012,31,59,"Monte Vista Elementary",92563
"21025",33,75200,100412,2,2012,111,78.9948186528497,"Monte Vista Elementary",92563
"21026",33,75200,100412,3,2012,31,57,"Monte Vista Elementary",92563
"21027",33,75200,100412,3,2012,111,67.4162162162162,"Monte Vista Elementary",92563
"21028",33,75200,100412,4,2012,31,55,"Monte Vista Elementary",92563
"21029",33,75200,100412,4,2012,111,78.9893048128342,"Monte Vista Elementary",92563
"21030",33,75200,100412,5,2012,31,59.6666666666667,"Monte Vista Elementary",92563
"21031",33,75200,100412,5,2012,111,69.6802507836991,"Monte Vista Elementary",92563
"21032",33,75200,100420,9,2012,31,54.6102236421725,"Vista Murrieta High",92563
"21033",33,75200,100420,9,2012,111,68.3525305410122,"Vista Murrieta High",92563
"21034",33,75200,100420,10,2012,31,52.6078431372549,"Vista Murrieta High",92563
"21035",33,75200,100420,10,2012,111,60.9947643979058,"Vista Murrieta High",92563
"21036",33,75200,100420,11,2012,31,44.3919308357349,"Vista Murrieta High",92563
"21037",33,75200,100420,11,2012,111,57.0405330372016,"Vista Murrieta High",92563
"21038",33,75200,108530,2,2012,31,61.5,"Antelope Hills Elementary",92562
"21039",33,75200,108530,2,2012,111,86.5,"Antelope Hills Elementary",92562
"21040",33,75200,108530,3,2012,31,61.6666666666667,"Antelope Hills Elementary",92562
"21041",33,75200,108530,3,2012,111,66.0940170940171,"Antelope Hills Elementary",92562
"21042",33,75200,108530,4,2012,31,70.9830508474576,"Antelope Hills Elementary",92562
"21043",33,75200,108530,4,2012,111,86.4845360824742,"Antelope Hills Elementary",92562
"21044",33,75200,108530,5,2012,31,80.3636363636364,"Antelope Hills Elementary",92562
"21045",33,75200,108530,5,2012,111,85.0057142857143,"Antelope Hills Elementary",92562
"21046",33,75200,114058,2,2012,31,71,"Lisa J. Mails Elementary",92563
"21047",33,75200,114058,2,2012,111,80.5,"Lisa J. Mails Elementary",92563
"21048",33,75200,114058,3,2012,31,43.1492537313433,"Lisa J. Mails Elementary",92563
"21049",33,75200,114058,3,2012,111,74.5458167330677,"Lisa J. Mails Elementary",92563
"21050",33,75200,114058,4,2012,31,70.84,"Lisa J. Mails Elementary",92563
"21051",33,75200,114058,4,2012,111,85.9252336448598,"Lisa J. Mails Elementary",92563
"21052",33,75200,114058,5,2012,31,70.6666666666667,"Lisa J. Mails Elementary",92563
"21053",33,75200,114058,5,2012,111,78.3140877598152,"Lisa J. Mails Elementary",92563
"21054",33,75200,117408,6,2012,31,59.5,"Dorothy McElhinney Middle",92563
"21055",33,75200,117408,6,2012,111,81.4671968190855,"Dorothy McElhinney Middle",92563
"21056",33,75200,117408,7,2012,31,65.5336787564767,"Dorothy McElhinney Middle",92563
"21057",33,75200,117408,7,2012,111,83.6116322701689,"Dorothy McElhinney Middle",92563
"21058",33,75200,117408,8,2012,31,68.1797385620915,"Dorothy McElhinney Middle",92563
"21059",33,75200,117408,8,2012,111,72.7660256410256,"Dorothy McElhinney Middle",92563
"21060",33,75200,118794,9,2012,31,50.2538759689922,"Murrieta Mesa High",92562
"21061",33,75200,118794,9,2012,111,65.1341134113411,"Murrieta Mesa High",92562
"21062",33,75200,118794,10,2012,31,45.5355392156863,"Murrieta Mesa High",92562
"21063",33,75200,118794,10,2012,111,60.6929392446634,"Murrieta Mesa High",92562
"21064",33,75200,118794,11,2012,31,36.9347079037801,"Murrieta Mesa High",92562
"21065",33,75200,118794,11,2012,111,50.3558805606338,"Murrieta Mesa High",92562
"21066",33,75200,3330529,9,2012,31,57.1111111111111,"Murrieta Valley High",92562
"21067",33,75200,3330529,9,2012,111,70.9451313755796,"Murrieta Valley High",92562
"21068",33,75200,3330529,10,2012,31,56.0449897750511,"Murrieta Valley High",92562
"21069",33,75200,3330529,10,2012,111,66.1003536693192,"Murrieta Valley High",92562
"21070",33,75200,3330529,11,2012,31,35.3944099378882,"Murrieta Valley High",92562
"21071",33,75200,3330529,11,2012,111,54.8196958725561,"Murrieta Valley High",92562
"21072",33,75200,6032346,2,2012,31,44.5,"Murrieta Elementary",92562
"21073",33,75200,6032346,2,2012,111,77,"Murrieta Elementary",92562
"21074",33,75200,6032346,3,2012,31,55.1284403669725,"Murrieta Elementary",92562
"21075",33,75200,6032346,3,2012,111,77.5913461538462,"Murrieta Elementary",92562
"21076",33,75200,6032346,4,2012,31,62,"Murrieta Elementary",92562
"21077",33,75200,6032346,4,2012,111,69.5,"Murrieta Elementary",92562
"21078",33,75200,6032346,5,2012,31,52.4696132596685,"Murrieta Elementary",92562
"21079",33,75200,6032346,5,2012,111,73.3233695652174,"Murrieta Elementary",92562
"21080",33,75200,6106868,2,2012,31,58,"Avaxat Elementary",92562
"21081",33,75200,6106868,2,2012,111,64,"Avaxat Elementary",92562
"21082",33,75200,6106868,3,2012,31,66.5954198473282,"Avaxat Elementary",92562
"21083",33,75200,6106868,3,2012,111,75.5,"Avaxat Elementary",92562
"21084",33,75200,6106868,4,2012,31,61.8659793814433,"Avaxat Elementary",92562
"21085",33,75200,6106868,4,2012,111,73.944,"Avaxat Elementary",92562
"21086",33,75200,6106868,5,2012,31,63.6470588235294,"Avaxat Elementary",92562
"21087",33,75200,6106868,5,2012,111,77.3333333333333,"Avaxat Elementary",92562
"21088",33,75200,6107841,2,2012,31,79.5,"Alta Murrieta Elementary",92563
"21089",33,75200,6107841,2,2012,111,88,"Alta Murrieta Elementary",92563
"21090",33,75200,6107841,3,2012,31,72.5,"Alta Murrieta Elementary",92563
"21091",33,75200,6107841,3,2012,111,87.0485436893204,"Alta Murrieta Elementary",92563
"21092",33,75200,6107841,4,2012,31,75.5,"Alta Murrieta Elementary",92563
"21093",33,75200,6107841,4,2012,111,89.504347826087,"Alta Murrieta Elementary",92563
"21094",33,75200,6107841,5,2012,31,73.6666666666667,"Alta Murrieta Elementary",92563
"21095",33,75200,6107841,5,2012,111,80.9766355140187,"Alta Murrieta Elementary",92563
"21096",33,75200,6108153,2,2012,31,65,"Rail Ranch Elementary",92563
"21097",33,75200,6108153,2,2012,111,82,"Rail Ranch Elementary",92563
"21098",33,75200,6108153,3,2012,31,58.448275862069,"Rail Ranch Elementary",92563
"21099",33,75200,6108153,3,2012,111,74,"Rail Ranch Elementary",92563
"21100",33,75200,6108153,4,2012,31,75.0461538461538,"Rail Ranch Elementary",92563
"21101",33,75200,6108153,4,2012,111,85.9548872180451,"Rail Ranch Elementary",92563
"21102",33,75200,6108153,5,2012,31,67.3988095238095,"Rail Ranch Elementary",92563
"21103",33,75200,6108153,5,2012,111,88.0055248618785,"Rail Ranch Elementary",92563
"21104",33,75200,6108153,6,2012,31,50,"Rail Ranch Elementary",92563
"21105",33,75200,6108153,6,2012,111,62.7450980392157,"Rail Ranch Elementary",92563
"21106",33,75200,6108849,6,2012,31,48.4703832752613,"Shivela Middle",92562
"21107",33,75200,6108849,6,2012,111,66,"Shivela Middle",92562
"21108",33,75200,6108849,7,2012,31,52.6571428571429,"Shivela Middle",92562
"21109",33,75200,6108849,7,2012,111,67.0211267605634,"Shivela Middle",92562
"21110",33,75200,6108849,8,2012,31,53.8917112299465,"Shivela Middle",92562
"21111",33,75200,6108849,8,2012,111,74.3904607922393,"Shivela Middle",92562
"21112",33,75200,6112429,6,2012,31,49.0137457044674,"Thompson Middle",92562
"21113",33,75200,6112429,6,2012,111,73.9927623642943,"Thompson Middle",92562
"21114",33,75200,6112429,7,2012,31,53.9501779359431,"Thompson Middle",92562
"21115",33,75200,6112429,7,2012,111,75.2806573957016,"Thompson Middle",92562
"21116",33,75200,6112429,8,2012,31,63.4154135338346,"Thompson Middle",92562
"21117",33,75200,6112429,8,2012,111,81.7837837837838,"Thompson Middle",92562
"21118",33,75200,6117659,2,2012,31,64,"Cole Canyon Elementary",92562
"21119",33,75200,6117659,2,2012,111,80.5016611295681,"Cole Canyon Elementary",92562
"21120",33,75200,6117659,3,2012,31,64,"Cole Canyon Elementary",92562
"21121",33,75200,6117659,3,2012,111,78.472131147541,"Cole Canyon Elementary",92562
"21122",33,75200,6117659,4,2012,31,69.945945945946,"Cole Canyon Elementary",92562
"21123",33,75200,6117659,4,2012,111,91.5235109717868,"Cole Canyon Elementary",92562
"21124",33,75200,6117659,5,2012,31,85,"Cole Canyon Elementary",92562
"21125",33,75200,6117659,5,2012,111,88,"Cole Canyon Elementary",92562
"21126",33,75200,6120554,6,2012,31,51.9962546816479,"Warm Springs Middle",92563
"21127",33,75200,6120554,6,2012,111,73.503125,"Warm Springs Middle",92563
"21128",33,75200,6120554,7,2012,31,51.131914893617,"Warm Springs Middle",92563
"21129",33,75200,6120554,7,2012,111,74.8781094527363,"Warm Springs Middle",92563
"21130",33,75200,6120554,8,2012,31,57.8689320388349,"Warm Springs Middle",92563
"21131",33,75200,6120554,8,2012,111,66.0637019230769,"Warm Springs Middle",92563
"21132",33,75242,100941,6,2012,31,56.0081466395112,"Lakeside Middle",92571
"21133",33,75242,100941,6,2012,111,70.5,"Lakeside Middle",92571
"21134",33,75242,100941,7,2012,31,53.1055495103373,"Lakeside Middle",92571
"21135",33,75242,100941,7,2012,111,61.4268292682927,"Lakeside Middle",92571
"21136",33,75242,100941,8,2012,31,59.0848416289593,"Lakeside Middle",92571
"21137",33,75242,100941,8,2012,111,72.3291139240506,"Lakeside Middle",92571
"21138",33,75242,100958,2,2012,31,48,"Sierra Vista Elementary",92571
"21139",33,75242,100958,2,2012,111,59.5,"Sierra Vista Elementary",92571
"21140",33,75242,100958,3,2012,31,59.5,"Sierra Vista Elementary",92571
"21141",33,75242,100958,3,2012,111,69.5,"Sierra Vista Elementary",92571
"21142",33,75242,100958,4,2012,31,72,"Sierra Vista Elementary",92571
"21143",33,75242,100958,4,2012,111,75.6551724137931,"Sierra Vista Elementary",92571
"21144",33,75242,100958,5,2012,31,63.125,"Sierra Vista Elementary",92571
"21145",33,75242,100958,5,2012,111,76.3333333333333,"Sierra Vista Elementary",92571
"21146",33,75242,106096,2,2012,31,41,"Columbia Elementary",92570
"21147",33,75242,106096,3,2012,31,62.0486486486487,"Columbia Elementary",92570
"21148",33,75242,106096,4,2012,31,75,"Columbia Elementary",92570
"21149",33,75242,106096,5,2012,31,50,"Columbia Elementary",92570
"21150",33,75242,109108,9,2012,31,40.3215339233038,"Citrus Hill High",92570
"21151",33,75242,109108,9,2012,111,44.2567567567568,"Citrus Hill High",92570
"21152",33,75242,109108,10,2012,31,37.7065598397596,"Citrus Hill High",92570
"21153",33,75242,109108,10,2012,111,50.2511210762332,"Citrus Hill High",92570
"21154",33,75242,109108,11,2012,31,35.4346701164295,"Citrus Hill High",92570
"21155",33,75242,109108,11,2012,111,50.8849840255591,"Citrus Hill High",92570
"21156",33,75242,109116,2,2012,31,67.5,"Lasselle Elementary",92555
"21157",33,75242,109116,2,2012,111,84,"Lasselle Elementary",92555
"21158",33,75242,109116,3,2012,31,55.5,"Lasselle Elementary",92555
"21159",33,75242,109116,3,2012,111,76.5384615384615,"Lasselle Elementary",92555
"21160",33,75242,109116,4,2012,31,71.4868421052632,"Lasselle Elementary",92555
"21161",33,75242,109116,4,2012,111,79,"Lasselle Elementary",92555
"21162",33,75242,109116,5,2012,31,53.6978851963746,"Lasselle Elementary",92555
"21163",33,75242,109116,5,2012,111,76,"Lasselle Elementary",92555
"21164",33,75242,109124,2,2012,31,60.5,"Avalon Elementary",92571
"21165",33,75242,109124,2,2012,111,84,"Avalon Elementary",92571
"21166",33,75242,109124,3,2012,31,52,"Avalon Elementary",92571
"21167",33,75242,109124,3,2012,111,82,"Avalon Elementary",92571
"21168",33,75242,109124,4,2012,31,70.0429447852761,"Avalon Elementary",92571
"21169",33,75242,109124,4,2012,111,84.9367088607595,"Avalon Elementary",92571
"21170",33,75242,109124,5,2012,31,54.8664383561644,"Avalon Elementary",92571
"21171",33,75242,109124,5,2012,111,76,"Avalon Elementary",92571
"21172",33,75242,112094,2,2012,31,56.5,"Triple Crown Elementary",92571
"21173",33,75242,112094,2,2012,111,83.5,"Triple Crown Elementary",92571
"21174",33,75242,112094,3,2012,31,60.5,"Triple Crown Elementary",92571
"21175",33,75242,112094,3,2012,111,71.5,"Triple Crown Elementary",92571
"21176",33,75242,112094,4,2012,31,76,"Triple Crown Elementary",92571
"21177",33,75242,112094,4,2012,111,91,"Triple Crown Elementary",92571
"21178",33,75242,112094,5,2012,31,46.6847457627119,"Triple Crown Elementary",92571
"21179",33,75242,112094,5,2012,111,59,"Triple Crown Elementary",92571
"21180",33,75242,112102,6,2012,31,47.0113378684807,"March Middle",92551
"21181",33,75242,112102,6,2012,111,54,"March Middle",92551
"21182",33,75242,112102,7,2012,31,55.5588972431078,"March Middle",92551
"21183",33,75242,112102,7,2012,111,53.9259259259259,"March Middle",92551
"21184",33,75242,112102,8,2012,31,60.6164556962025,"March Middle",92551
"21185",33,75242,112102,8,2012,111,66.672,"March Middle",92551
"21186",33,75242,117424,2,2012,31,71.5,"May Ranch Elementary",92571
"21187",33,75242,117424,2,2012,111,71,"May Ranch Elementary",92571
"21188",33,75242,117424,3,2012,31,69.5,"May Ranch Elementary",92571
"21189",33,75242,117424,3,2012,111,86,"May Ranch Elementary",92571
"21190",33,75242,117424,4,2012,31,69.9831932773109,"May Ranch Elementary",92571
"21191",33,75242,117424,4,2012,111,75,"May Ranch Elementary",92571
"21192",33,75242,117424,5,2012,31,59.3333333333333,"May Ranch Elementary",92571
"21193",33,75242,117424,5,2012,111,70,"May Ranch Elementary",92571
"21194",33,75242,123190,9,2012,31,33.9512195121951,"Val Verde Academy",92551
"21195",33,75242,123190,10,2012,31,31.6666666666667,"Val Verde Academy",92551
"21196",33,75242,123190,11,2012,31,16.2295081967213,"Val Verde Academy",92551
"21197",33,75242,3330552,9,2012,31,42.6886938564791,"Rancho Verde High",92551
"21198",33,75242,3330552,9,2012,111,55.4224422442244,"Rancho Verde High",92551
"21199",33,75242,3330552,10,2012,31,46.8247619047619,"Rancho Verde High",92551
"21200",33,75242,3330552,10,2012,111,52.9627766599598,"Rancho Verde High",92551
"21201",33,75242,3330552,11,2012,31,45.5835641735919,"Rancho Verde High",92551
"21202",33,75242,3330552,11,2012,111,48.5459770114943,"Rancho Verde High",92551
"21203",33,75242,3330560,10,2012,31,8.51063829787234,"Val Verde High",92571
"21204",33,75242,3330560,11,2012,31,6.79300699300699,"Val Verde High",92571
"21205",33,75242,3330560,11,2012,111,10.9487179487179,"Val Verde High",92571
"21206",33,75242,6032866,2,2012,31,58.9675675675676,"Mead Valley Elementary",92570
"21207",33,75242,6032866,3,2012,31,70,"Mead Valley Elementary",92570
"21208",33,75242,6032866,4,2012,31,71.5866666666667,"Mead Valley Elementary",92570
"21209",33,75242,6032866,5,2012,31,60.411214953271,"Mead Valley Elementary",92570
"21210",33,75242,6032874,2,2012,31,61,"Val Verde Elementary",92571
"21211",33,75242,6032874,3,2012,31,48.9668246445498,"Val Verde Elementary",92571
"21212",33,75242,6032874,4,2012,31,62.9924528301887,"Val Verde Elementary",92571
"21213",33,75242,6032874,5,2012,31,54.1157894736842,"Val Verde Elementary",92571
"21214",33,75242,6108039,2,2012,31,51.5,"Rainbow Ridge Elementary",92551
"21215",33,75242,6108039,2,2012,111,86.5,"Rainbow Ridge Elementary",92551
"21216",33,75242,6108039,3,2012,31,56.5,"Rainbow Ridge Elementary",92551
"21217",33,75242,6108039,4,2012,31,71,"Rainbow Ridge Elementary",92551
"21218",33,75242,6108039,4,2012,111,78,"Rainbow Ridge Elementary",92551
"21219",33,75242,6108039,5,2012,31,46.6677966101695,"Rainbow Ridge Elementary",92551
"21220",33,75242,6108039,5,2012,111,86,"Rainbow Ridge Elementary",92551
"21221",33,75242,6108047,2,2012,31,70.5,"Victoriano Elementary",92551
"21222",33,75242,6108047,2,2012,111,89.5,"Victoriano Elementary",92551
"21223",33,75242,6108047,3,2012,31,74.5,"Victoriano Elementary",92551
"21224",33,75242,6108047,3,2012,111,80.8904109589041,"Victoriano Elementary",92551
"21225",33,75242,6108047,4,2012,31,72,"Victoriano Elementary",92551
"21226",33,75242,6108047,4,2012,111,84.5,"Victoriano Elementary",92551
"21227",33,75242,6108047,5,2012,31,76.9803278688525,"Victoriano Elementary",92551
"21228",33,75242,6108047,5,2012,111,89,"Victoriano Elementary",92551
"21229",33,75242,6111033,6,2012,31,57.4787735849057,"Vista Verde Middle",92551
"21230",33,75242,6111033,6,2012,111,69.5,"Vista Verde Middle",92551
"21231",33,75242,6111033,7,2012,31,60.6581632653061,"Vista Verde Middle",92551
"21232",33,75242,6111033,7,2012,111,72.7272727272727,"Vista Verde Middle",92551
"21233",33,75242,6111033,8,2012,31,60.1633136094675,"Vista Verde Middle",92551
"21234",33,75242,6111033,8,2012,111,72.9818181818182,"Vista Verde Middle",92551
"21235",34,10348,124651,2,2012,31,86,"Fortune",95823
"21236",34,10348,124651,3,2012,31,70.5,"Fortune",95823
"21237",34,67280,6032890,2,2012,31,62.5,"Arcohe Elementary",95638
"21238",34,67280,6032890,2,2012,111,94.5,"Arcohe Elementary",95638
"21239",34,67280,6032890,3,2012,31,41.3725490196078,"Arcohe Elementary",95638
"21240",34,67280,6032890,3,2012,111,70,"Arcohe Elementary",95638
"21241",34,67280,6032890,4,2012,31,53,"Arcohe Elementary",95638
"21242",34,67280,6032890,4,2012,111,59,"Arcohe Elementary",95638
"21243",34,67280,6032890,5,2012,31,41.6666666666667,"Arcohe Elementary",95638
"21244",34,67280,6032890,5,2012,111,68.6666666666667,"Arcohe Elementary",95638
"21245",34,67280,6032890,6,2012,31,35,"Arcohe Elementary",95638
"21246",34,67280,6032890,6,2012,111,68.5,"Arcohe Elementary",95638
"21247",34,67280,6032890,7,2012,31,44,"Arcohe Elementary",95638
"21248",34,67280,6032890,7,2012,111,80.5,"Arcohe Elementary",95638
"21249",34,67280,6032890,8,2012,31,43.5882352941176,"Arcohe Elementary",95638
"21250",34,67280,6032890,8,2012,111,66.5344827586207,"Arcohe Elementary",95638
"21251",34,67314,101790,2,2012,31,68,"Edna Batey Elementary",95624
"21252",34,67314,101790,2,2012,111,75,"Edna Batey Elementary",95624
"21253",34,67314,101790,3,2012,31,53,"Edna Batey Elementary",95624
"21254",34,67314,101790,3,2012,111,70,"Edna Batey Elementary",95624
"21255",34,67314,101790,4,2012,31,74.4533333333333,"Edna Batey Elementary",95624
"21256",34,67314,101790,4,2012,111,88.9908675799087,"Edna Batey Elementary",95624
"21257",34,67314,101790,5,2012,31,78,"Edna Batey Elementary",95624
"21258",34,67314,101790,5,2012,111,83,"Edna Batey Elementary",95624
"21259",34,67314,101790,6,2012,31,71,"Edna Batey Elementary",95624
"21260",34,67314,101790,6,2012,111,82.5,"Edna Batey Elementary",95624
"21261",34,67314,105916,9,2012,31,48.3237410071942,"Monterey Trail High",95624
"21262",34,67314,105916,9,2012,111,57.1027253668763,"Monterey Trail High",95624
"21263",34,67314,105916,10,2012,31,39.258880192655,"Monterey Trail High",95624
"21264",34,67314,105916,10,2012,111,52.8472775564409,"Monterey Trail High",95624
"21265",34,67314,105916,11,2012,31,35.7473156764495,"Monterey Trail High",95624
"21266",34,67314,105916,11,2012,111,40.7647058823529,"Monterey Trail High",95624
"21267",34,67314,108753,9,2012,31,60.7821782178218,"Pleasant Grove High",95624
"21268",34,67314,108753,9,2012,111,78.4321907600596,"Pleasant Grove High",95624
"21269",34,67314,108753,10,2012,31,56.0653206650831,"Pleasant Grove High",95624
"21270",34,67314,108753,10,2012,111,77.5602067183463,"Pleasant Grove High",95624
"21271",34,67314,108753,11,2012,31,55.0110091743119,"Pleasant Grove High",95624
"21272",34,67314,108753,11,2012,111,71.3415468856947,"Pleasant Grove High",95624
"21273",34,67314,111112,2,2012,31,61.5,"Carroll Elementary",95757
"21274",34,67314,111112,2,2012,111,69,"Carroll Elementary",95757
"21275",34,67314,111112,3,2012,31,43.4883720930233,"Carroll Elementary",95757
"21276",34,67314,111112,3,2012,111,66.5,"Carroll Elementary",95757
"21277",34,67314,111112,4,2012,31,72.5,"Carroll Elementary",95757
"21278",34,67314,111112,4,2012,111,86.4891774891775,"Carroll Elementary",95757
"21279",34,67314,111112,5,2012,31,59.3333333333333,"Carroll Elementary",95757
"21280",34,67314,111112,5,2012,111,75.328313253012,"Carroll Elementary",95757
"21281",34,67314,111112,6,2012,31,50.5,"Carroll Elementary",95757
"21282",34,67314,111112,6,2012,111,76,"Carroll Elementary",95757
"21283",34,67314,114702,2,2012,31,73.5,"Sunrise Elementary",95742
"21284",34,67314,114702,2,2012,111,86,"Sunrise Elementary",95742
"21285",34,67314,114702,3,2012,31,62.5,"Sunrise Elementary",95742
"21286",34,67314,114702,3,2012,111,88.55,"Sunrise Elementary",95742
"21287",34,67314,114702,4,2012,31,81.5,"Sunrise Elementary",95742
"21288",34,67314,114702,4,2012,111,85.5161290322581,"Sunrise Elementary",95742
"21289",34,67314,114702,5,2012,31,75,"Sunrise Elementary",95742
"21290",34,67314,114702,5,2012,111,93.3317073170732,"Sunrise Elementary",95742
"21291",34,67314,114702,6,2012,31,55.7441860465116,"Sunrise Elementary",95742
"21292",34,67314,114702,6,2012,111,76.5,"Sunrise Elementary",95742
"21293",34,67314,116871,7,2012,31,62.6021505376344,"Elizabeth Pinkerton Middle",95757
"21294",34,67314,116871,7,2012,111,88.5286506469501,"Elizabeth Pinkerton Middle",95757
"21295",34,67314,116871,8,2012,31,63.6538987688099,"Elizabeth Pinkerton Middle",95757
"21296",34,67314,116871,8,2012,111,86.4172123479888,"Elizabeth Pinkerton Middle",95757
"21297",34,67314,116897,9,2012,31,47.2299794661191,"Cosumnes Oaks High",95757
"21298",34,67314,116897,9,2012,111,64.5835294117647,"Cosumnes Oaks High",95757
"21299",34,67314,116897,10,2012,31,34.6345646437995,"Cosumnes Oaks High",95757
"21300",34,67314,116897,10,2012,111,62.0416068866571,"Cosumnes Oaks High",95757
"21301",34,67314,116897,11,2012,31,33.1286089238845,"Cosumnes Oaks High",95757
"21302",34,67314,116897,11,2012,111,53.5919913419913,"Cosumnes Oaks High",95757
"21303",34,67314,3430170,9,2012,31,33.949860724234,"Valley High",95823
"21304",34,67314,3430170,9,2012,111,42.5818181818182,"Valley High",95823
"21305",34,67314,3430170,10,2012,31,41.7459190915543,"Valley High",95823
"21306",34,67314,3430170,10,2012,111,48.337899543379,"Valley High",95823
"21307",34,67314,3430170,11,2012,31,40.051724137931,"Valley High",95823
"21308",34,67314,3430170,11,2012,111,56.5945945945946,"Valley High",95823
"21309",34,67314,3430477,9,2012,31,36.0327868852459,"Florin High",95828
"21310",34,67314,3430477,9,2012,111,38.9761904761905,"Florin High",95828
"21311",34,67314,3430477,10,2012,31,37.0604428485937,"Florin High",95828
"21312",34,67314,3430477,10,2012,111,42.7865853658537,"Florin High",95828
"21313",34,67314,3430477,11,2012,31,34.6323051948052,"Florin High",95828
"21314",34,67314,3430477,11,2012,111,43.3589743589744,"Florin High",95828
"21315",34,67314,3430592,9,2012,31,38.9579831932773,"Laguna Creek High",95758
"21316",34,67314,3430592,9,2012,111,56.968,"Laguna Creek High",95758
"21317",34,67314,3430592,10,2012,31,32.9503105590062,"Laguna Creek High",95758
"21318",34,67314,3430592,10,2012,111,52.9746987951807,"Laguna Creek High",95758
"21319",34,67314,3430592,11,2012,31,35.5830303030303,"Laguna Creek High",95758
"21320",34,67314,3430592,11,2012,111,53.0522292993631,"Laguna Creek High",95758
"21321",34,67314,3430618,9,2012,31,37.5600425079702,"Sheldon High",95829
"21322",34,67314,3430618,9,2012,111,61.3930131004367,"Sheldon High",95829
"21323",34,67314,3430618,10,2012,31,44.2901813633521,"Sheldon High",95829
"21324",34,67314,3430618,10,2012,111,56.8813688212928,"Sheldon High",95829
"21325",34,67314,3430618,11,2012,31,37.0125673249551,"Sheldon High",95829
"21326",34,67314,3430618,11,2012,111,57.2789034564958,"Sheldon High",95829
"21327",34,67314,3430873,9,2012,31,49.2420289855072,"Franklin High",95757
"21328",34,67314,3430873,9,2012,111,68.0455192034139,"Franklin High",95757
"21329",34,67314,3430873,10,2012,31,39.9166666666667,"Franklin High",95757
"21330",34,67314,3430873,10,2012,111,65.3030583873957,"Franklin High",95757
"21331",34,67314,3430873,11,2012,31,38.8535980148883,"Franklin High",95757
"21332",34,67314,3430873,11,2012,111,55.8634336677815,"Franklin High",95757
"21333",34,67314,3432572,9,2012,31,41.295,"Elk Grove High",95624
"21334",34,67314,3432572,9,2012,111,66.0280748663102,"Elk Grove High",95624
"21335",34,67314,3432572,10,2012,31,37.2510638297872,"Elk Grove High",95624
"21336",34,67314,3432572,10,2012,111,58.1356783919598,"Elk Grove High",95624
"21337",34,67314,3432572,11,2012,31,37.5732009925558,"Elk Grove High",95624
"21338",34,67314,3432572,11,2012,111,56.4842883548983,"Elk Grove High",95624
"21339",34,67314,6033013,2,2012,111,97,"Cosumnes River Elementary",95683
"21340",34,67314,6033013,3,2012,111,85,"Cosumnes River Elementary",95683
"21341",34,67314,6033013,4,2012,111,87,"Cosumnes River Elementary",95683
"21342",34,67314,6033013,5,2012,111,88.0552486187845,"Cosumnes River Elementary",95683
"21343",34,67314,6033013,6,2012,111,87.9344262295082,"Cosumnes River Elementary",95683
"21344",34,67314,6033047,2,2012,31,43.5,"Elk Grove Elementary",95624
"21345",34,67314,6033047,2,2012,111,78.5,"Elk Grove Elementary",95624
"21346",34,67314,6033047,3,2012,31,69,"Elk Grove Elementary",95624
"21347",34,67314,6033047,3,2012,111,82.5,"Elk Grove Elementary",95624
"21348",34,67314,6033047,4,2012,31,72.0266666666667,"Elk Grove Elementary",95624
"21349",34,67314,6033047,4,2012,111,83.4853801169591,"Elk Grove Elementary",95624
"21350",34,67314,6033047,5,2012,31,53.6666666666667,"Elk Grove Elementary",95624
"21351",34,67314,6033047,5,2012,111,74.3333333333333,"Elk Grove Elementary",95624
"21352",34,67314,6033047,6,2012,31,55,"Elk Grove Elementary",95624
"21353",34,67314,6033047,6,2012,111,70,"Elk Grove Elementary",95624
"21354",34,67314,6033054,2,2012,31,31,"Florin Elementary",95828
"21355",34,67314,6033054,3,2012,31,39,"Florin Elementary",95828
"21356",34,67314,6033054,4,2012,31,47.5384615384615,"Florin Elementary",95828
"21357",34,67314,6033054,5,2012,31,30.0176991150442,"Florin Elementary",95828
"21358",34,67314,6033054,6,2012,31,40.4352941176471,"Florin Elementary",95828
"21359",34,67314,6033062,2,2012,31,65,"Franklin Elementary",95757
"21360",34,67314,6033062,2,2012,111,91,"Franklin Elementary",95757
"21361",34,67314,6033062,3,2012,31,56.8539325842697,"Franklin Elementary",95757
"21362",34,67314,6033062,3,2012,111,89,"Franklin Elementary",95757
"21363",34,67314,6033062,4,2012,31,57.5466666666667,"Franklin Elementary",95757
"21364",34,67314,6033062,4,2012,111,87,"Franklin Elementary",95757
"21365",34,67314,6033062,5,2012,31,66.0487804878049,"Franklin Elementary",95757
"21366",34,67314,6033062,5,2012,111,75,"Franklin Elementary",95757
"21367",34,67314,6033062,6,2012,31,56.5,"Franklin Elementary",95757
"21368",34,67314,6033062,6,2012,111,79.5,"Franklin Elementary",95757
"21369",34,67314,6033096,2,2012,31,73.5,"Pleasant Grove Elementary",95624
"21370",34,67314,6033096,2,2012,111,86,"Pleasant Grove Elementary",95624
"21371",34,67314,6033096,3,2012,31,47,"Pleasant Grove Elementary",95624
"21372",34,67314,6033096,3,2012,111,73.0388349514563,"Pleasant Grove Elementary",95624
"21373",34,67314,6033096,4,2012,31,82.6521739130435,"Pleasant Grove Elementary",95624
"21374",34,67314,6033096,4,2012,111,86,"Pleasant Grove Elementary",95624
"21375",34,67314,6033096,5,2012,31,67,"Pleasant Grove Elementary",95624
"21376",34,67314,6033096,5,2012,111,88,"Pleasant Grove Elementary",95624
"21377",34,67314,6033096,6,2012,31,50,"Pleasant Grove Elementary",95624
"21378",34,67314,6033096,6,2012,111,71.9565217391304,"Pleasant Grove Elementary",95624
"21379",34,67314,6033112,2,2012,31,46,"Sierra-Enterprise Elementary",95826
"21380",34,67314,6033112,3,2012,31,30,"Sierra-Enterprise Elementary",95826
"21381",34,67314,6098750,2,2012,31,60.5,"Prairie Elementary",95823
"21382",34,67314,6098750,3,2012,31,49.0484429065744,"Prairie Elementary",95823
"21383",34,67314,6098750,4,2012,31,61,"Prairie Elementary",95823
"21384",34,67314,6098750,5,2012,31,45,"Prairie Elementary",95823
"21385",34,67314,6098750,6,2012,31,39.5,"Prairie Elementary",95823
"21386",34,67314,6107700,2,2012,31,40,"Foulks Ranch Elementary",95758
"21387",34,67314,6107700,2,2012,111,80,"Foulks Ranch Elementary",95758
"21388",34,67314,6107700,3,2012,31,29.5,"Foulks Ranch Elementary",95758
"21389",34,67314,6107700,3,2012,111,71,"Foulks Ranch Elementary",95758
"21390",34,67314,6107700,4,2012,31,76,"Foulks Ranch Elementary",95758
"21391",34,67314,6107700,4,2012,111,83.5,"Foulks Ranch Elementary",95758
"21392",34,67314,6107700,5,2012,31,61,"Foulks Ranch Elementary",95758
"21393",34,67314,6107700,5,2012,111,76.3162939297125,"Foulks Ranch Elementary",95758
"21394",34,67314,6107700,6,2012,31,42.0704225352113,"Foulks Ranch Elementary",95758
"21395",34,67314,6107700,6,2012,111,78.0099502487562,"Foulks Ranch Elementary",95758
"21396",34,67314,6107718,2,2012,31,51.9809885931559,"Union House Elementary",95823
"21397",34,67314,6107718,3,2012,31,39.9506726457399,"Union House Elementary",95823
"21398",34,67314,6107718,4,2012,31,61.5,"Union House Elementary",95823
"21399",34,67314,6107718,5,2012,31,37.9397260273973,"Union House Elementary",95823
"21400",34,67314,6107718,6,2012,31,35.4894514767932,"Union House Elementary",95823
"21401",34,67314,6112254,9,2012,31,13.5686274509804,"Elk Grove Charter",95757
"21402",34,67314,6112254,9,2012,111,23.5,"Elk Grove Charter",95757
"21403",34,67314,6112254,10,2012,31,12.9655172413793,"Elk Grove Charter",95757
"21404",34,67314,6112254,10,2012,111,24.7974683544304,"Elk Grove Charter",95757
"21405",34,67314,6112254,11,2012,31,7.39495798319328,"Elk Grove Charter",95757
"21406",34,67314,6112254,11,2012,111,27.1868686868687,"Elk Grove Charter",95757
"21407",34,67314,6118053,2,2012,31,47,"Stone Lake Elementary",95758
"21408",34,67314,6118053,2,2012,111,76,"Stone Lake Elementary",95758
"21409",34,67314,6118053,3,2012,31,59.0588235294118,"Stone Lake Elementary",95758
"21410",34,67314,6118053,3,2012,111,85.035175879397,"Stone Lake Elementary",95758
"21411",34,67314,6118053,4,2012,31,64,"Stone Lake Elementary",95758
"21412",34,67314,6118053,4,2012,111,89.0152284263959,"Stone Lake Elementary",95758
"21413",34,67314,6118053,5,2012,31,56,"Stone Lake Elementary",95758
"21414",34,67314,6118053,5,2012,111,85.996138996139,"Stone Lake Elementary",95758
"21415",34,67314,6118053,6,2012,31,56.3396226415094,"Stone Lake Elementary",95758
"21416",34,67314,6118053,6,2012,111,78.5179487179487,"Stone Lake Elementary",95758
"21417",34,67314,6120000,7,2012,31,61.9616122840691,"Toby Johnson Middle",95757
"21418",34,67314,6120000,7,2012,111,82.9426321709786,"Toby Johnson Middle",95757
"21419",34,67314,6120000,8,2012,31,58.1433189655172,"Toby Johnson Middle",95757
"21420",34,67314,6120000,8,2012,111,77.2494908350306,"Toby Johnson Middle",95757
"21421",34,67314,6120018,2,2012,31,61.5,"Irene B. West Elementary",95758
"21422",34,67314,6120018,2,2012,111,74.5,"Irene B. West Elementary",95758
"21423",34,67314,6120018,3,2012,31,47.5,"Irene B. West Elementary",95758
"21424",34,67314,6120018,3,2012,111,82.9220779220779,"Irene B. West Elementary",95758
"21425",34,67314,6120018,4,2012,31,67.9866666666667,"Irene B. West Elementary",95758
"21426",34,67314,6120018,4,2012,111,90,"Irene B. West Elementary",95758
"21427",34,67314,6120018,5,2012,31,54,"Irene B. West Elementary",95758
"21428",34,67314,6120018,5,2012,111,83.3426966292135,"Irene B. West Elementary",95758
"21429",34,67314,6120018,6,2012,31,55.5433789954338,"Irene B. West Elementary",95758
"21430",34,67314,6120018,6,2012,111,69.5,"Irene B. West Elementary",95758
"21431",34,67314,6120026,2,2012,31,54,"Robert J. Fite Elementary",95829
"21432",34,67314,6120026,2,2012,111,72.5,"Robert J. Fite Elementary",95829
"21433",34,67314,6120026,3,2012,31,44.5,"Robert J. Fite Elementary",95829
"21434",34,67314,6120026,3,2012,111,73.5,"Robert J. Fite Elementary",95829
"21435",34,67314,6120026,4,2012,31,53.5126050420168,"Robert J. Fite Elementary",95829
"21436",34,67314,6120026,4,2012,111,71.5,"Robert J. Fite Elementary",95829
"21437",34,67314,6120026,5,2012,31,47.0397350993377,"Robert J. Fite Elementary",95829
"21438",34,67314,6120026,5,2012,111,56.6666666666667,"Robert J. Fite Elementary",95829
"21439",34,67314,6120026,6,2012,31,59,"Robert J. Fite Elementary",95829
"21440",34,67314,6120026,6,2012,111,88.5,"Robert J. Fite Elementary",95829
"21441",34,67314,6120034,2,2012,31,80.5,"Elliott Ranch Elementary",95757
"21442",34,67314,6120034,2,2012,111,91,"Elliott Ranch Elementary",95757
"21443",34,67314,6120034,3,2012,31,70.5,"Elliott Ranch Elementary",95757
"21444",34,67314,6120034,3,2012,111,83.9715639810426,"Elliott Ranch Elementary",95757
"21445",34,67314,6120034,4,2012,31,68,"Elliott Ranch Elementary",95757
"21446",34,67314,6120034,4,2012,111,90,"Elliott Ranch Elementary",95757
"21447",34,67314,6120034,5,2012,31,68.5930232558139,"Elliott Ranch Elementary",95757
"21448",34,67314,6120034,5,2012,111,92,"Elliott Ranch Elementary",95757
"21449",34,67314,6120034,6,2012,31,53.5,"Elliott Ranch Elementary",95757
"21450",34,67314,6120034,6,2012,111,79,"Elliott Ranch Elementary",95757
"21451",34,67322,6033120,6,2012,31,41.4905660377358,"Alpha Technology Middle",95626
"21452",34,67322,6033120,7,2012,31,57.8666666666667,"Alpha Technology Middle",95626
"21453",34,67322,6033120,8,2012,31,38.8059701492537,"Alpha Technology Middle",95626
"21454",34,67322,6033138,2,2012,31,45.5,"Elverta Elementary",95626
"21455",34,67322,6033138,3,2012,31,45.5,"Elverta Elementary",95626
"21456",34,67322,6033138,4,2012,31,58,"Elverta Elementary",95626
"21457",34,67322,6033138,5,2012,31,42.3333333333333,"Elverta Elementary",95626
"21458",34,67330,100404,2,2012,111,92.5,"Sandra J. Gallardo Elementary",95630
"21459",34,67330,100404,3,2012,111,88.5,"Sandra J. Gallardo Elementary",95630
"21460",34,67330,100404,4,2012,111,91.9921568627451,"Sandra J. Gallardo Elementary",95630
"21461",34,67330,100404,5,2012,111,91.6666666666667,"Sandra J. Gallardo Elementary",95630
"21462",34,67330,111278,2,2012,31,41.5,"Navigator Elementary",95670
"21463",34,67330,111278,2,2012,111,79,"Navigator Elementary",95670
"21464",34,67330,111278,3,2012,31,32.7021276595745,"Navigator Elementary",95670
"21465",34,67330,111278,3,2012,111,58.5,"Navigator Elementary",95670
"21466",34,67330,111278,4,2012,31,60.9393939393939,"Navigator Elementary",95670
"21467",34,67330,111278,4,2012,111,77,"Navigator Elementary",95670
"21468",34,67330,111278,5,2012,31,29,"Navigator Elementary",95670
"21469",34,67330,111278,5,2012,111,83.3333333333333,"Navigator Elementary",95670
"21470",34,67330,113571,9,2012,31,61.2238805970149,"Vista del Lago High",95630
"21471",34,67330,113571,9,2012,111,71.6456102783726,"Vista del Lago High",95630
"21472",34,67330,113571,10,2012,31,50.7583333333333,"Vista del Lago High",95630
"21473",34,67330,113571,10,2012,111,69.8620037807183,"Vista del Lago High",95630
"21474",34,67330,113571,11,2012,31,58.5,"Vista del Lago High",95630
"21475",34,67330,113571,11,2012,111,63.2071651090343,"Vista del Lago High",95630
"21476",34,67330,113621,2,2012,111,89.5,"Russell Ranch Elementary",95630
"21477",34,67330,113621,3,2012,111,87.5279187817259,"Russell Ranch Elementary",95630
"21478",34,67330,113621,4,2012,111,94.5,"Russell Ranch Elementary",95630
"21479",34,67330,113621,5,2012,111,87,"Russell Ranch Elementary",95630
"21480",34,67330,3430709,10,2012,111,30,"Folsom Lake High",95630
"21481",34,67330,3430709,11,2012,111,30,"Folsom Lake High",95630
"21482",34,67330,3431533,9,2012,31,34.9221748400853,"Cordova High",95670
"21483",34,67330,3431533,9,2012,111,51.7493606138107,"Cordova High",95670
"21484",34,67330,3431533,10,2012,31,39.1903735632184,"Cordova High",95670
"21485",34,67330,3431533,10,2012,111,55.4264705882353,"Cordova High",95670
"21486",34,67330,3431533,11,2012,31,37.7975903614458,"Cordova High",95670
"21487",34,67330,3431533,11,2012,111,47.2622107969152,"Cordova High",95670
"21488",34,67330,3433216,9,2012,31,46.9756097560976,"Folsom High",95630
"21489",34,67330,3433216,9,2012,111,73.4951744617669,"Folsom High",95630
"21490",34,67330,3433216,10,2012,31,43.0962199312715,"Folsom High",95630
"21491",34,67330,3433216,10,2012,111,71.1867915229177,"Folsom High",95630
"21492",34,67330,3433216,11,2012,31,55.5960264900662,"Folsom High",95630
"21493",34,67330,3433216,11,2012,111,66.345080763583,"Folsom High",95630
"21494",34,67330,6033153,2,2012,31,41.5,"Cordova Gardens Elementary",95670
"21495",34,67330,6033153,2,2012,111,46.390243902439,"Cordova Gardens Elementary",95670
"21496",34,67330,6033153,3,2012,31,48,"Cordova Gardens Elementary",95670
"21497",34,67330,6033153,3,2012,111,57,"Cordova Gardens Elementary",95670
"21498",34,67330,6033153,4,2012,31,53.5263157894737,"Cordova Gardens Elementary",95670
"21499",34,67330,6033153,4,2012,111,76.5,"Cordova Gardens Elementary",95670
"21500",34,67330,6033153,5,2012,31,33.5514705882353,"Cordova Gardens Elementary",95670
"21501",34,67330,6033153,5,2012,111,59.6666666666667,"Cordova Gardens Elementary",95670
"21502",34,67330,6033153,6,2012,31,52,"Cordova Gardens Elementary",95670
"21503",34,67330,6033187,2,2012,31,30.5,"Cordova Villa Elementary",95670
"21504",34,67330,6033187,3,2012,31,29,"Cordova Villa Elementary",95670
"21505",34,67330,6033187,4,2012,31,52.5555555555556,"Cordova Villa Elementary",95670
"21506",34,67330,6033187,5,2012,31,55.8545454545455,"Cordova Villa Elementary",95670
"21507",34,67330,6033203,2,2012,31,41,"Mather Heights Elementary",95655
"21508",34,67330,6033203,2,2012,111,86,"Mather Heights Elementary",95655
"21509",34,67330,6033203,3,2012,31,58.5,"Mather Heights Elementary",95655
"21510",34,67330,6033203,3,2012,111,75,"Mather Heights Elementary",95655
"21511",34,67330,6033203,4,2012,31,78,"Mather Heights Elementary",95655
"21512",34,67330,6033203,4,2012,111,87,"Mather Heights Elementary",95655
"21513",34,67330,6033203,5,2012,31,88.3333333333333,"Mather Heights Elementary",95655
"21514",34,67330,6033203,5,2012,111,85,"Mather Heights Elementary",95655
"21515",34,67330,6033203,6,2012,31,73.5,"Mather Heights Elementary",95655
"21516",34,67330,6033203,6,2012,111,81,"Mather Heights Elementary",95655
"21517",34,67330,6033229,2,2012,31,35.5,"Rancho Cordova Elementary",95670
"21518",34,67330,6033229,3,2012,31,39.0941176470588,"Rancho Cordova Elementary",95670
"21519",34,67330,6033229,4,2012,31,52.027397260274,"Rancho Cordova Elementary",95670
"21520",34,67330,6033229,5,2012,31,47.5736434108527,"Rancho Cordova Elementary",95670
"21521",34,67330,6033229,5,2012,111,64,"Rancho Cordova Elementary",95670
"21522",34,67330,6033229,6,2012,31,41,"Rancho Cordova Elementary",95670
"21523",34,67330,6033278,2,2012,31,33,"White Rock Elementary",95670
"21524",34,67330,6033278,2,2012,111,55.5,"White Rock Elementary",95670
"21525",34,67330,6033278,3,2012,31,34.5,"White Rock Elementary",95670
"21526",34,67330,6033278,4,2012,31,46.56,"White Rock Elementary",95670
"21527",34,67330,6033278,5,2012,31,45.2971428571429,"White Rock Elementary",95670
"21528",34,67330,6033278,6,2012,31,52,"White Rock Elementary",95670
"21529",34,67330,6033286,2,2012,31,30.5,"Williamson Elementary",95670
"21530",34,67330,6033286,3,2012,31,30.576,"Williamson Elementary",95670
"21531",34,67330,6033286,3,2012,111,42,"Williamson Elementary",95670
"21532",34,67330,6033286,4,2012,31,50,"Williamson Elementary",95670
"21533",34,67330,6033286,4,2012,111,50,"Williamson Elementary",95670
"21534",34,67330,6033286,5,2012,31,32.6534090909091,"Williamson Elementary",95670
"21535",34,67330,6059182,6,2012,31,58,"Folsom Middle",95630
"21536",34,67330,6059182,6,2012,111,79.5,"Folsom Middle",95630
"21537",34,67330,6059182,7,2012,31,71.5,"Folsom Middle",95630
"21538",34,67330,6059182,7,2012,111,83.521052631579,"Folsom Middle",95630
"21539",34,67330,6059182,8,2012,31,61.8,"Folsom Middle",95630
"21540",34,67330,6059182,8,2012,111,76.4905528341498,"Folsom Middle",95630
"21541",34,67330,6059190,6,2012,31,36,"Mills Middle",95670
"21542",34,67330,6059190,6,2012,111,61,"Mills Middle",95670
"21543",34,67330,6059190,7,2012,31,53.990099009901,"Mills Middle",95670
"21544",34,67330,6059190,7,2012,111,68.0333333333333,"Mills Middle",95670
"21545",34,67330,6059190,8,2012,31,42.3352872215709,"Mills Middle",95670
"21546",34,67330,6059190,8,2012,111,57.4342105263158,"Mills Middle",95670
"21547",34,67330,6106892,2,2012,111,81.456,"Carl H. Sundahl Elementary",95630
"21548",34,67330,6106892,3,2012,111,75.1666666666667,"Carl H. Sundahl Elementary",95630
"21549",34,67330,6106892,4,2012,111,88.4421052631579,"Carl H. Sundahl Elementary",95630
"21550",34,67330,6106892,5,2012,111,86,"Carl H. Sundahl Elementary",95630
"21551",34,67330,6106892,6,2012,111,68,"Carl H. Sundahl Elementary",95630
"21552",34,67330,6107965,2,2012,111,73.5095541401274,"Oak Chan Elementary",95630
"21553",34,67330,6107965,3,2012,111,78.5593220338983,"Oak Chan Elementary",95630
"21554",34,67330,6107965,4,2012,111,94.5028901734104,"Oak Chan Elementary",95630
"21555",34,67330,6107965,5,2012,111,80,"Oak Chan Elementary",95630
"21556",34,67330,6109755,2,2012,111,86,"Folsom Hills Elementary",95630
"21557",34,67330,6109755,3,2012,111,88.9776536312849,"Folsom Hills Elementary",95630
"21558",34,67330,6109755,4,2012,111,89.5,"Folsom Hills Elementary",95630
"21559",34,67330,6109755,5,2012,111,80.3333333333333,"Folsom Hills Elementary",95630
"21560",34,67330,6112916,2,2012,111,75.5,"Natoma Station Elementary",95630
"21561",34,67330,6112916,3,2012,111,87.5,"Natoma Station Elementary",95630
"21562",34,67330,6112916,4,2012,31,53.5,"Natoma Station Elementary",95630
"21563",34,67330,6112916,4,2012,111,76,"Natoma Station Elementary",95630
"21564",34,67330,6112916,5,2012,31,53.6666666666667,"Natoma Station Elementary",95630
"21565",34,67330,6112916,5,2012,111,74,"Natoma Station Elementary",95630
"21566",34,67330,6112916,6,2012,111,88.5,"Natoma Station Elementary",95630
"21567",34,67330,6115638,2,2012,111,77,"Gold Ridge Elementary",95630
"21568",34,67330,6115638,3,2012,31,59,"Gold Ridge Elementary",95630
"21569",34,67330,6115638,3,2012,111,81,"Gold Ridge Elementary",95630
"21570",34,67330,6115638,4,2012,111,86.5,"Gold Ridge Elementary",95630
"21571",34,67330,6115638,5,2012,31,58,"Gold Ridge Elementary",95630
"21572",34,67330,6115638,5,2012,111,82.6551724137931,"Gold Ridge Elementary",95630
"21573",34,67330,6118012,6,2012,31,54.0841121495327,"Sutter Middle",95630
"21574",34,67330,6118012,6,2012,111,78.0190779014308,"Sutter Middle",95630
"21575",34,67330,6118012,7,2012,31,51.552380952381,"Sutter Middle",95630
"21576",34,67330,6118012,7,2012,111,78.5586592178771,"Sutter Middle",95630
"21577",34,67330,6118012,8,2012,31,51.641592920354,"Sutter Middle",95630
"21578",34,67330,6118012,8,2012,111,75.4524612272421,"Sutter Middle",95630
"21579",34,67348,107946,2,2012,31,65.5,"Lake Canyon Elementary",95632
"21580",34,67348,107946,2,2012,111,74,"Lake Canyon Elementary",95632
"21581",34,67348,107946,3,2012,31,59.5,"Lake Canyon Elementary",95632
"21582",34,67348,107946,3,2012,111,66,"Lake Canyon Elementary",95632
"21583",34,67348,107946,4,2012,31,68.5,"Lake Canyon Elementary",95632
"21584",34,67348,107946,4,2012,111,81,"Lake Canyon Elementary",95632
"21585",34,67348,107946,5,2012,31,57.3636363636364,"Lake Canyon Elementary",95632
"21586",34,67348,107946,5,2012,111,76.9047619047619,"Lake Canyon Elementary",95632
"21587",34,67348,107946,6,2012,31,54,"Lake Canyon Elementary",95632
"21588",34,67348,107946,6,2012,111,72.5217391304348,"Lake Canyon Elementary",95632
"21589",34,67348,119420,2,2012,31,60,"Vernon E. Greer Elementary",95632
"21590",34,67348,119420,2,2012,111,87,"Vernon E. Greer Elementary",95632
"21591",34,67348,119420,3,2012,31,54.5,"Vernon E. Greer Elementary",95632
"21592",34,67348,119420,3,2012,111,83.5,"Vernon E. Greer Elementary",95632
"21593",34,67348,119420,4,2012,31,56.6382978723404,"Vernon E. Greer Elementary",95632
"21594",34,67348,119420,4,2012,111,58,"Vernon E. Greer Elementary",95632
"21595",34,67348,119420,5,2012,31,56.8940397350993,"Vernon E. Greer Elementary",95632
"21596",34,67348,119420,5,2012,111,73,"Vernon E. Greer Elementary",95632
"21597",34,67348,119420,6,2012,31,46.5,"Vernon E. Greer Elementary",95632
"21598",34,67348,119420,6,2012,111,69.5,"Vernon E. Greer Elementary",95632
"21599",34,67348,6033310,2,2012,31,42,"Valley Oaks Elementary",95632
"21600",34,67348,6033310,2,2012,111,59.5,"Valley Oaks Elementary",95632
"21601",34,67348,6033310,3,2012,31,55.7279411764706,"Valley Oaks Elementary",95632
"21602",34,67348,6033310,3,2012,111,55.5,"Valley Oaks Elementary",95632
"21603",34,67348,6033310,4,2012,31,67.1,"Valley Oaks Elementary",95632
"21604",34,67348,6033310,5,2012,31,50.2828947368421,"Valley Oaks Elementary",95632
"21605",34,67348,6033310,5,2012,111,67.6538461538462,"Valley Oaks Elementary",95632
"21606",34,67348,6033310,6,2012,31,49.5,"Valley Oaks Elementary",95632
"21607",34,67348,6033310,6,2012,111,73,"Valley Oaks Elementary",95632
"21608",34,67348,6110654,2,2012,31,63.5,"River Oaks Elementary",95632
"21609",34,67348,6110654,2,2012,111,86.5,"River Oaks Elementary",95632
"21610",34,67348,6110654,3,2012,31,62.5,"River Oaks Elementary",95632
"21611",34,67348,6110654,3,2012,111,85,"River Oaks Elementary",95632
"21612",34,67348,6110654,4,2012,31,64.5354330708661,"River Oaks Elementary",95632
"21613",34,67348,6110654,4,2012,111,79,"River Oaks Elementary",95632
"21614",34,67348,6110654,5,2012,31,48.3048780487805,"River Oaks Elementary",95632
"21615",34,67348,6110654,5,2012,111,88.9758064516129,"River Oaks Elementary",95632
"21616",34,67348,6110654,6,2012,31,62.965811965812,"River Oaks Elementary",95632
"21617",34,67348,6110654,6,2012,111,96.5,"River Oaks Elementary",95632
"21618",34,67348,6114185,2,2012,31,57,"Marengo Ranch Elementary",95632
"21619",34,67348,6114185,2,2012,111,77.5,"Marengo Ranch Elementary",95632
"21620",34,67348,6114185,3,2012,31,51.1076923076923,"Marengo Ranch Elementary",95632
"21621",34,67348,6114185,3,2012,111,68.5,"Marengo Ranch Elementary",95632
"21622",34,67348,6114185,4,2012,31,55.5,"Marengo Ranch Elementary",95632
"21623",34,67348,6114185,4,2012,111,83.9259259259259,"Marengo Ranch Elementary",95632
"21624",34,67348,6114185,5,2012,31,61.3333333333333,"Marengo Ranch Elementary",95632
"21625",34,67348,6114185,5,2012,111,82.6666666666667,"Marengo Ranch Elementary",95632
"21626",34,67348,6114185,6,2012,31,70.4175824175824,"Marengo Ranch Elementary",95632
"21627",34,67348,6114185,6,2012,111,86.5,"Marengo Ranch Elementary",95632
"21628",34,67355,119131,9,2012,31,43.2571428571429,"Liberty Ranch High",95632
"21629",34,67355,119131,9,2012,111,60.4588477366255,"Liberty Ranch High",95632
"21630",34,67355,119131,10,2012,31,33.3388554216867,"Liberty Ranch High",95632
"21631",34,67355,119131,10,2012,111,49.4389920424403,"Liberty Ranch High",95632
"21632",34,67355,119131,11,2012,31,34.758389261745,"Liberty Ranch High",95632
"21633",34,67355,119131,11,2012,111,50.0762852404643,"Liberty Ranch High",95632
"21634",34,67355,3432903,11,2012,31,18.4733727810651,"Estrellita Continuation High",95632
"21635",34,67355,3433471,9,2012,31,37.318,"Galt High",95632
"21636",34,67355,3433471,9,2012,111,52.0305676855895,"Galt High",95632
"21637",34,67355,3433471,10,2012,31,37.8278301886792,"Galt High",95632
"21638",34,67355,3433471,10,2012,111,56.3342939481268,"Galt High",95632
"21639",34,67355,3433471,11,2012,31,36.4346666666667,"Galt High",95632
"21640",34,67355,3433471,11,2012,111,52.2869955156951,"Galt High",95632
"21641",34,67413,112078,7,2012,31,25.8235294117647,"Clarksburg Middle",95612
"21642",34,67413,112078,7,2012,111,46.4769230769231,"Clarksburg Middle",95612
"21643",34,67413,112078,8,2012,31,53.4609929078014,"Clarksburg Middle",95612
"21644",34,67413,112078,8,2012,111,71.4285714285714,"Clarksburg Middle",95612
"21645",34,67413,112078,9,2012,31,22.4496124031008,"Clarksburg Middle",95612
"21646",34,67413,112078,9,2012,111,55.8088235294118,"Clarksburg Middle",95612
"21647",34,67413,114660,2,2012,31,50,"Delta Elementary Charter",95612
"21648",34,67413,114660,2,2012,111,78.5,"Delta Elementary Charter",95612
"21649",34,67413,114660,3,2012,111,53.5,"Delta Elementary Charter",95612
"21650",34,67413,114660,4,2012,111,70.5,"Delta Elementary Charter",95612
"21651",34,67413,114660,5,2012,31,35.3333333333333,"Delta Elementary Charter",95612
"21652",34,67413,114660,5,2012,111,48.6666666666667,"Delta Elementary Charter",95612
"21653",34,67413,114660,6,2012,111,76.5,"Delta Elementary Charter",95612
"21654",34,67413,4835302,9,2012,31,39.5916666666667,"Rio Vista High",94571
"21655",34,67413,4835302,9,2012,111,55.4736842105263,"Rio Vista High",94571
"21656",34,67413,4835302,10,2012,31,30.1197183098592,"Rio Vista High",94571
"21657",34,67413,4835302,10,2012,111,41.3732718894009,"Rio Vista High",94571
"21658",34,67413,4835302,11,2012,31,27.7777777777778,"Rio Vista High",94571
"21659",34,67413,4835302,11,2012,111,51.5112359550562,"Rio Vista High",94571
"21660",34,67413,5731708,10,2012,31,26.6521739130435,"Delta High",95612
"21661",34,67413,5731708,10,2012,111,66.0722891566265,"Delta High",95612
"21662",34,67413,5731708,11,2012,31,47.4761904761905,"Delta High",95612
"21663",34,67413,5731708,11,2012,111,48.6857142857143,"Delta High",95612
"21664",34,67413,6033641,2,2012,31,33,"Bates Elementary",95615
"21665",34,67413,6033641,3,2012,31,54.2786885245902,"Bates Elementary",95615
"21666",34,67413,6033641,4,2012,31,81.2325581395349,"Bates Elementary",95615
"21667",34,67413,6033641,5,2012,31,53.6666666666667,"Bates Elementary",95615
"21668",34,67413,6033641,6,2012,31,63.5,"Bates Elementary",95615
"21669",34,67413,6033666,2,2012,31,52.5,"Isleton Elementary",95641
"21670",34,67413,6033666,3,2012,31,75.780487804878,"Isleton Elementary",95641
"21671",34,67413,6033666,4,2012,31,70.5121951219512,"Isleton Elementary",95641
"21672",34,67413,6033666,5,2012,31,70.8545454545455,"Isleton Elementary",95641
"21673",34,67413,6033666,6,2012,31,78.5,"Isleton Elementary",95641
"21674",34,67413,6033690,6,2012,31,65.6896551724138,"Riverview Middle",94571
"21675",34,67413,6033690,6,2012,111,75.8666666666667,"Riverview Middle",94571
"21676",34,67413,6033690,7,2012,31,58.4903846153846,"Riverview Middle",94571
"21677",34,67413,6033690,7,2012,111,71.6235294117647,"Riverview Middle",94571
"21678",34,67413,6033690,8,2012,31,53.9514563106796,"Riverview Middle",94571
"21679",34,67413,6033690,8,2012,111,53.0704225352113,"Riverview Middle",94571
"21680",34,67413,6033708,2,2012,31,25,"Walnut Grove Elementary",95690
"21681",34,67413,6033708,3,2012,31,29.5,"Walnut Grove Elementary",95690
"21682",34,67413,6033708,4,2012,31,41.5,"Walnut Grove Elementary",95690
"21683",34,67413,6033708,5,2012,31,49.6666666666667,"Walnut Grove Elementary",95690
"21684",34,67413,6033708,6,2012,31,50,"Walnut Grove Elementary",95690
"21685",34,67413,6033716,2,2012,31,54,"D. H. White Elementary",94571
"21686",34,67413,6033716,2,2012,111,73.5,"D. H. White Elementary",94571
"21687",34,67413,6033716,3,2012,31,42.1333333333333,"D. H. White Elementary",94571
"21688",34,67413,6033716,3,2012,111,65.5,"D. H. White Elementary",94571
"21689",34,67413,6033716,4,2012,31,50.6901408450704,"D. H. White Elementary",94571
"21690",34,67413,6033716,4,2012,111,71.5,"D. H. White Elementary",94571
"21691",34,67413,6033716,5,2012,31,48.9268292682927,"D. H. White Elementary",94571
"21692",34,67413,6033716,5,2012,111,67.3706896551724,"D. H. White Elementary",94571
"21693",34,67421,6033724,2,2012,31,58,"Bell Avenue Elementary",95838
"21694",34,67421,6033724,2,2012,111,61.5,"Bell Avenue Elementary",95838
"21695",34,67421,6033724,3,2012,31,51,"Bell Avenue Elementary",95838
"21696",34,67421,6033724,3,2012,111,59,"Bell Avenue Elementary",95838
"21697",34,67421,6033724,4,2012,31,46.5287356321839,"Bell Avenue Elementary",95838
"21698",34,67421,6033724,5,2012,31,47.7846153846154,"Bell Avenue Elementary",95838
"21699",34,67421,6033724,6,2012,31,42.5,"Bell Avenue Elementary",95838
"21700",34,67421,6033732,2,2012,31,66.5,"Main Avenue Elementary",95838
"21701",34,67421,6033732,3,2012,31,61.5,"Main Avenue Elementary",95838
"21702",34,67421,6033732,4,2012,31,55.5,"Main Avenue Elementary",95838
"21703",34,67421,6033732,5,2012,31,49.3333333333333,"Main Avenue Elementary",95838
"21704",34,67421,6033732,6,2012,31,37.2558139534884,"Main Avenue Elementary",95838
"21705",34,67421,6033740,2,2012,31,67,"Robla Elementary",95838
"21706",34,67421,6033740,2,2012,111,73,"Robla Elementary",95838
"21707",34,67421,6033740,3,2012,31,33.1981981981982,"Robla Elementary",95838
"21708",34,67421,6033740,4,2012,31,56.9772727272727,"Robla Elementary",95838
"21709",34,67421,6033740,4,2012,111,64.9354838709677,"Robla Elementary",95838
"21710",34,67421,6033740,5,2012,31,75.5111111111111,"Robla Elementary",95838
"21711",34,67421,6033740,6,2012,31,42.0322580645161,"Robla Elementary",95838
"21712",34,67421,6033740,6,2012,111,64,"Robla Elementary",95838
"21713",34,67421,6033757,2,2012,31,47.494623655914,"Taylor Street Elementary",95838
"21714",34,67421,6033757,3,2012,31,39.3740458015267,"Taylor Street Elementary",95838
"21715",34,67421,6033757,3,2012,111,54.5,"Taylor Street Elementary",95838
"21716",34,67421,6033757,4,2012,31,40,"Taylor Street Elementary",95838
"21717",34,67421,6033757,5,2012,31,53,"Taylor Street Elementary",95838
"21718",34,67421,6033757,6,2012,31,41.5221238938053,"Taylor Street Elementary",95838
"21719",34,67421,6112296,2,2012,31,58.5,"Glenwood Elementary",95838
"21720",34,67421,6112296,2,2012,111,86.5,"Glenwood Elementary",95838
"21721",34,67421,6112296,3,2012,31,30.2376237623762,"Glenwood Elementary",95838
"21722",34,67421,6112296,3,2012,111,32,"Glenwood Elementary",95838
"21723",34,67421,6112296,4,2012,31,59.0560747663551,"Glenwood Elementary",95838
"21724",34,67421,6112296,5,2012,31,41.5971223021583,"Glenwood Elementary",95838
"21725",34,67421,6112296,6,2012,31,40.5,"Glenwood Elementary",95838
"21726",34,67439,101881,9,2012,31,40.5569620253165,"New Technology High",95822
"21727",34,67439,101881,9,2012,111,48.7111111111111,"New Technology High",95822
"21728",34,67439,101881,10,2012,31,26.1809523809524,"New Technology High",95822
"21729",34,67439,101881,10,2012,111,22.3134328358209,"New Technology High",95822
"21730",34,67439,101881,11,2012,31,28.1899441340782,"New Technology High",95822
"21731",34,67439,101881,11,2012,111,40.1829268292683,"New Technology High",95822
"21732",34,67439,101972,9,2012,31,41.4684975767367,"Rosemont High",95827
"21733",34,67439,101972,9,2012,111,52.548275862069,"Rosemont High",95827
"21734",34,67439,101972,10,2012,31,37.3446691176471,"Rosemont High",95827
"21735",34,67439,101972,10,2012,111,50.7529880478088,"Rosemont High",95827
"21736",34,67439,101972,11,2012,31,34.0587431693989,"Rosemont High",95827
"21737",34,67439,101972,11,2012,111,41.692513368984,"Rosemont High",95827
"21738",34,67439,3430865,9,2012,31,77.4416666666667,"West Campus",95820
"21739",34,67439,3430865,9,2012,111,77.0135135135135,"West Campus",95820
"21740",34,67439,3430865,10,2012,31,75.0792079207921,"West Campus",95820
"21741",34,67439,3430865,10,2012,111,79.2649253731343,"West Campus",95820
"21742",34,67439,3430865,11,2012,31,67.3991323210412,"West Campus",95820
"21743",34,67439,3430865,11,2012,111,77.727047146402,"West Campus",95820
"21744",34,67439,6033799,2,2012,31,51.5,"Bowling Green Elementary",95823
"21745",34,67439,6033799,3,2012,31,51,"Bowling Green Elementary",95823
"21746",34,67439,6033799,4,2012,31,52.5,"Bowling Green Elementary",95823
"21747",34,67439,6033799,5,2012,31,51,"Bowling Green Elementary",95823
"21748",34,67439,6033799,6,2012,31,44.5,"Bowling Green Elementary",95823
"21749",34,67439,6033807,2,2012,31,50.5,"Bret Harte Elementary",95818
"21750",34,67439,6033807,3,2012,31,55.5,"Bret Harte Elementary",95818
"21751",34,67439,6033807,4,2012,31,46.018018018018,"Bret Harte Elementary",95818
"21752",34,67439,6033807,5,2012,31,59.3832335329341,"Bret Harte Elementary",95818
"21753",34,67439,6033807,6,2012,31,46.5,"Bret Harte Elementary",95818
"21754",34,67439,6033823,2,2012,31,79,"Camellia Elementary",95828
"21755",34,67439,6033823,3,2012,31,70.5,"Camellia Elementary",95828
"21756",34,67439,6033823,3,2012,111,84.5,"Camellia Elementary",95828
"21757",34,67439,6033823,4,2012,31,81,"Camellia Elementary",95828
"21758",34,67439,6033823,4,2012,111,79,"Camellia Elementary",95828
"21759",34,67439,6033823,5,2012,31,66.3333333333333,"Camellia Elementary",95828
"21760",34,67439,6033823,6,2012,31,77.5,"Camellia Elementary",95828
"21761",34,67439,6033823,6,2012,111,76.5,"Camellia Elementary",95828
"21762",34,67439,6033914,2,2012,31,72,"Edward Kemble Elementary",95822
"21763",34,67439,6033914,3,2012,31,59.0633484162896,"Edward Kemble Elementary",95822
"21764",34,67439,6033930,2,2012,31,76,"Elder Creek Elementary",95824
"21765",34,67439,6033930,3,2012,31,53.5,"Elder Creek Elementary",95824
"21766",34,67439,6033930,4,2012,31,57.5,"Elder Creek Elementary",95824
"21767",34,67439,6033930,5,2012,31,44.0138408304498,"Elder Creek Elementary",95824
"21768",34,67439,6033930,6,2012,31,59.5,"Elder Creek Elementary",95824
"21769",34,67439,6034003,2,2012,31,42.5,"Hollywood Park Elementary",95822
"21770",34,67439,6034003,2,2012,111,36,"Hollywood Park Elementary",95822
"21771",34,67439,6034003,3,2012,31,56.5,"Hollywood Park Elementary",95822
"21772",34,67439,6034003,3,2012,111,68,"Hollywood Park Elementary",95822
"21773",34,67439,6034003,4,2012,31,56.5,"Hollywood Park Elementary",95822
"21774",34,67439,6034003,5,2012,31,38.6024096385542,"Hollywood Park Elementary",95822
"21775",34,67439,6034003,6,2012,31,52.9824561403509,"Hollywood Park Elementary",95822
"21776",34,67439,6034003,6,2012,111,76.5,"Hollywood Park Elementary",95822
"21777",34,67439,6034078,2,2012,31,24,"Alice Birney Waldorf-Inspired",95831
"21778",34,67439,6034078,2,2012,111,27,"Alice Birney Waldorf-Inspired",95831
"21779",34,67439,6034078,3,2012,31,27.5,"Alice Birney Waldorf-Inspired",95831
"21780",34,67439,6034078,3,2012,111,31.3972602739726,"Alice Birney Waldorf-Inspired",95831
"21781",34,67439,6034078,4,2012,31,53.5,"Alice Birney Waldorf-Inspired",95831
"21782",34,67439,6034078,4,2012,111,81.5,"Alice Birney Waldorf-Inspired",95831
"21783",34,67439,6034078,5,2012,31,42,"Alice Birney Waldorf-Inspired",95831
"21784",34,67439,6034078,5,2012,111,56.5049504950495,"Alice Birney Waldorf-Inspired",95831
"21785",34,67439,6034078,6,2012,111,79.5,"Alice Birney Waldorf-Inspired",95831
"21786",34,67439,6034078,7,2012,31,69.5,"Alice Birney Waldorf-Inspired",95831
"21787",34,67439,6034078,7,2012,111,94,"Alice Birney Waldorf-Inspired",95831
"21788",34,67439,6034078,8,2012,111,61.1578947368421,"Alice Birney Waldorf-Inspired",95831
"21789",34,67439,6034169,2,2012,31,32.5,"Nicholas Elementary",95823
"21790",34,67439,6034169,3,2012,31,26,"Nicholas Elementary",95823
"21791",34,67439,6034169,4,2012,31,61,"Nicholas Elementary",95823
"21792",34,67439,6034169,5,2012,31,33.6612903225806,"Nicholas Elementary",95823
"21793",34,67439,6034169,6,2012,31,38,"Nicholas Elementary",95823
"21794",34,67439,6034185,2,2012,31,50,"Oak Ridge Elementary",95820
"21795",34,67439,6034185,3,2012,31,34.568,"Oak Ridge Elementary",95820
"21796",34,67439,6034185,4,2012,31,45.5,"Oak Ridge Elementary",95820
"21797",34,67439,6034185,6,2012,31,42.5,"Oak Ridge Elementary",95820
"21798",34,67439,6034193,2,2012,31,35.4563758389262,"Pacific Elementary",95824
"21799",34,67439,6034193,3,2012,31,33.5,"Pacific Elementary",95824
"21800",34,67439,6034193,4,2012,31,53.576,"Pacific Elementary",95824
"21801",34,67439,6034193,5,2012,31,26,"Pacific Elementary",95824
"21802",34,67439,6034193,6,2012,31,43,"Pacific Elementary",95824
"21803",34,67439,6034201,2,2012,31,56.4913294797688,"Parkway Elementary",95823
"21804",34,67439,6034201,3,2012,31,45.8692810457516,"Parkway Elementary",95823
"21805",34,67439,6034201,4,2012,31,49.9931034482759,"Parkway Elementary",95823
"21806",34,67439,6034201,5,2012,31,36.6746411483254,"Parkway Elementary",95823
"21807",34,67439,6034219,2,2012,31,50,"Peter Burnett Elementary",95824
"21808",34,67439,6034219,3,2012,31,50,"Peter Burnett Elementary",95824
"21809",34,67439,6034219,4,2012,31,63.0575539568345,"Peter Burnett Elementary",95824
"21810",34,67439,6034219,5,2012,31,41,"Peter Burnett Elementary",95824
"21811",34,67439,6034219,6,2012,31,46.5,"Peter Burnett Elementary",95824
"21812",34,67439,6034235,2,2012,31,52,"Pony Express Elementary",95831
"21813",34,67439,6034235,2,2012,111,84,"Pony Express Elementary",95831
"21814",34,67439,6034235,3,2012,31,60.3684210526316,"Pony Express Elementary",95831
"21815",34,67439,6034235,3,2012,111,83.5,"Pony Express Elementary",95831
"21816",34,67439,6034235,4,2012,31,82,"Pony Express Elementary",95831
"21817",34,67439,6034235,4,2012,111,93.5,"Pony Express Elementary",95831
"21818",34,67439,6034235,5,2012,31,52,"Pony Express Elementary",95831
"21819",34,67439,6034235,5,2012,111,80.3333333333333,"Pony Express Elementary",95831
"21820",34,67439,6034235,6,2012,31,67.7457627118644,"Pony Express Elementary",95831
"21821",34,67439,6034235,6,2012,111,70.8923076923077,"Pony Express Elementary",95831
"21822",34,67439,6034243,2,2012,31,71,"Crocker/Riverside Elementary",95818
"21823",34,67439,6034243,2,2012,111,93.5,"Crocker/Riverside Elementary",95818
"21824",34,67439,6034243,3,2012,31,88,"Crocker/Riverside Elementary",95818
"21825",34,67439,6034243,3,2012,111,87.5,"Crocker/Riverside Elementary",95818
"21826",34,67439,6034243,4,2012,31,88.4313725490196,"Crocker/Riverside Elementary",95818
"21827",34,67439,6034243,4,2012,111,89.5,"Crocker/Riverside Elementary",95818
"21828",34,67439,6034243,5,2012,31,81.6666666666667,"Crocker/Riverside Elementary",95818
"21829",34,67439,6034243,5,2012,111,84,"Crocker/Riverside Elementary",95818
"21830",34,67439,6034243,6,2012,31,76.5,"Crocker/Riverside Elementary",95818
"21831",34,67439,6034243,6,2012,111,83.9393939393939,"Crocker/Riverside Elementary",95818
"21832",34,67439,6034250,2,2012,31,67.5,"Sequoia Elementary",95826
"21833",34,67439,6034250,2,2012,111,78,"Sequoia Elementary",95826
"21834",34,67439,6034250,3,2012,31,45,"Sequoia Elementary",95826
"21835",34,67439,6034250,3,2012,111,74,"Sequoia Elementary",95826
"21836",34,67439,6034250,4,2012,31,73.4084507042254,"Sequoia Elementary",95826
"21837",34,67439,6034250,4,2012,111,79.5,"Sequoia Elementary",95826
"21838",34,67439,6034250,5,2012,31,43.64,"Sequoia Elementary",95826
"21839",34,67439,6034250,5,2012,111,52.7764705882353,"Sequoia Elementary",95826
"21840",34,67439,6034250,6,2012,31,46,"Sequoia Elementary",95826
"21841",34,67439,6034250,6,2012,111,65,"Sequoia Elementary",95826
"21842",34,67439,6034276,2,2012,31,41,"Sutterville Elementary",95822
"21843",34,67439,6034276,2,2012,111,64.5,"Sutterville Elementary",95822
"21844",34,67439,6034276,3,2012,31,62.5,"Sutterville Elementary",95822
"21845",34,67439,6034276,3,2012,111,80.9240506329114,"Sutterville Elementary",95822
"21846",34,67439,6034276,4,2012,31,78.4137931034483,"Sutterville Elementary",95822
"21847",34,67439,6034276,4,2012,111,90,"Sutterville Elementary",95822
"21848",34,67439,6034276,5,2012,31,65.8295454545455,"Sutterville Elementary",95822
"21849",34,67439,6034276,5,2012,111,89.6666666666667,"Sutterville Elementary",95822
"21850",34,67439,6034276,6,2012,31,46.9113924050633,"Sutterville Elementary",95822
"21851",34,67439,6034276,6,2012,111,64,"Sutterville Elementary",95822
"21852",34,67439,6034284,2,2012,31,63.5,"Tahoe Elementary",95820
"21853",34,67439,6034284,3,2012,31,39,"Tahoe Elementary",95820
"21854",34,67439,6034284,4,2012,31,50.9710144927536,"Tahoe Elementary",95820
"21855",34,67439,6034284,5,2012,31,45.0782608695652,"Tahoe Elementary",95820
"21856",34,67439,6034284,6,2012,31,38,"Tahoe Elementary",95820
"21857",34,67439,6034334,2,2012,31,39.5,"Woodbine Elementary",95822
"21858",34,67439,6034334,3,2012,31,52.7142857142857,"Woodbine Elementary",95822
"21859",34,67439,6034334,4,2012,31,41.9428571428571,"Woodbine Elementary",95822
"21860",34,67439,6034334,6,2012,31,43.1627906976744,"Woodbine Elementary",95822
"21861",34,67439,6059281,7,2012,31,60.0386266094421,"California Middle",95818
"21862",34,67439,6059281,7,2012,111,77.7307692307692,"California Middle",95818
"21863",34,67439,6059281,8,2012,31,47.8835920177384,"California Middle",95818
"21864",34,67439,6059281,8,2012,111,79.3963254593176,"California Middle",95818
"21865",34,67439,6066690,7,2012,31,56.494964028777,"Sutter Middle",95816
"21866",34,67439,6066690,7,2012,111,78.1692307692308,"Sutter Middle",95816
"21867",34,67439,6066690,8,2012,31,59.1033816425121,"Sutter Middle",95816
"21868",34,67439,6066690,8,2012,111,76.343976777939,"Sutter Middle",95816
"21869",34,67439,6071336,2,2012,31,35,"Susan B. Anthony Elementary",95832
"21870",34,67439,6071336,3,2012,31,45,"Susan B. Anthony Elementary",95832
"21871",34,67439,6071336,4,2012,31,54,"Susan B. Anthony Elementary",95832
"21872",34,67439,6071336,5,2012,31,34.2075471698113,"Susan B. Anthony Elementary",95832
"21873",34,67439,6071336,6,2012,31,47,"Susan B. Anthony Elementary",95832
"21874",34,67439,6096655,2,2012,31,52,"Washington Elementary",95814
"21875",34,67439,6096655,3,2012,31,34,"Washington Elementary",95814
"21876",34,67439,6096655,5,2012,31,53.6666666666667,"Washington Elementary",95814
"21877",34,67439,6096655,6,2012,31,24,"Washington Elementary",95814
"21878",34,67439,6097083,2,2012,31,59.5,"Golden Empire Elementary",95826
"21879",34,67439,6097083,2,2012,111,72,"Golden Empire Elementary",95826
"21880",34,67439,6097083,3,2012,31,66.2022471910112,"Golden Empire Elementary",95826
"21881",34,67439,6097083,3,2012,111,79.0701754385965,"Golden Empire Elementary",95826
"21882",34,67439,6097083,4,2012,31,74,"Golden Empire Elementary",95826
"21883",34,67439,6097083,4,2012,111,91.0350877192982,"Golden Empire Elementary",95826
"21884",34,67439,6097083,5,2012,31,62.6474820143885,"Golden Empire Elementary",95826
"21885",34,67439,6097083,5,2012,111,74.75,"Golden Empire Elementary",95826
"21886",34,67439,6097083,6,2012,31,59.5263157894737,"Golden Empire Elementary",95826
"21887",34,67439,6097083,6,2012,111,82,"Golden Empire Elementary",95826
"21888",34,67439,6111389,2,2012,31,54,"Matsuyama Elementary",95831
"21889",34,67439,6111389,2,2012,111,79,"Matsuyama Elementary",95831
"21890",34,67439,6111389,3,2012,31,44.5,"Matsuyama Elementary",95831
"21891",34,67439,6111389,3,2012,111,74.340206185567,"Matsuyama Elementary",95831
"21892",34,67439,6111389,4,2012,31,57,"Matsuyama Elementary",95831
"21893",34,67439,6111389,4,2012,111,86,"Matsuyama Elementary",95831
"21894",34,67439,6111389,5,2012,31,61.030612244898,"Matsuyama Elementary",95831
"21895",34,67439,6111389,5,2012,111,86.0685714285714,"Matsuyama Elementary",95831
"21896",34,67439,6111389,6,2012,31,57.0117647058824,"Matsuyama Elementary",95831
"21897",34,67439,6111389,6,2012,111,90,"Matsuyama Elementary",95831
"21898",34,67439,6117097,8,2012,31,6.40178571428571,"Success Academy",95824
"21899",34,67439,6119440,4,2012,31,60.4739336492891,"Cesar Chavez Intermediate",95822
"21900",34,67439,6119440,5,2012,31,52.7528957528958,"Cesar Chavez Intermediate",95822
"21901",34,67439,6119440,6,2012,31,60.622641509434,"Cesar Chavez Intermediate",95822
"21902",34,67447,3430048,9,2012,31,26.76,"Mesa Verde High",95621
"21903",34,67447,3430048,9,2012,111,40.2375,"Mesa Verde High",95621
"21904",34,67447,3430048,10,2012,31,21.4303797468354,"Mesa Verde High",95621
"21905",34,67447,3430048,10,2012,111,31.874739039666,"Mesa Verde High",95621
"21906",34,67447,3430048,11,2012,31,29.7199124726477,"Mesa Verde High",95621
"21907",34,67447,3430048,11,2012,111,35.9651162790698,"Mesa Verde High",95621
"21908",34,67447,3430097,10,2012,31,0,"La Entrada Continuation High",95841
"21909",34,67447,3430097,11,2012,31,0.942857142857143,"La Entrada Continuation High",95841
"21910",34,67447,3430394,9,2012,31,9,"La Vista Center",95628
"21911",34,67447,3430394,10,2012,31,8.43333333333333,"La Vista Center",95628
"21912",34,67447,3430493,9,2012,31,47.6414565826331,"Bella Vista High",95628
"21913",34,67447,3430493,9,2012,111,72.3576423576424,"Bella Vista High",95628
"21914",34,67447,3430493,10,2012,31,40.9651639344262,"Bella Vista High",95628
"21915",34,67447,3430493,10,2012,111,69.6715291750503,"Bella Vista High",95628
"21916",34,67447,3430493,11,2012,31,46.6559766763848,"Bella Vista High",95628
"21917",34,67447,3430493,11,2012,111,69.0511695906433,"Bella Vista High",95628
"21918",34,67447,3430691,7,2012,31,31.5878787878788,"Options for Youth-San Juan",95608
"21919",34,67447,3430691,8,2012,31,26.8225469728601,"Options for Youth-San Juan",95608
"21920",34,67447,3430691,8,2012,111,25.7972972972973,"Options for Youth-San Juan",95608
"21921",34,67447,3430691,9,2012,31,24.9854809437387,"Options for Youth-San Juan",95608
"21922",34,67447,3430691,9,2012,111,41.8363636363636,"Options for Youth-San Juan",95608
"21923",34,67447,3430691,10,2012,31,21.980421686747,"Options for Youth-San Juan",95608
"21924",34,67447,3430691,10,2012,111,30.4829545454545,"Options for Youth-San Juan",95608
"21925",34,67447,3430691,11,2012,31,25.09963099631,"Options for Youth-San Juan",95608
"21926",34,67447,3430691,11,2012,111,44.5,"Options for Youth-San Juan",95608
"21927",34,67447,3430717,2,2012,31,40,"Visions In Education",95608
"21928",34,67447,3430717,2,2012,111,54.5,"Visions In Education",95608
"21929",34,67447,3430717,3,2012,31,36,"Visions In Education",95608
"21930",34,67447,3430717,3,2012,111,55,"Visions In Education",95608
"21931",34,67447,3430717,4,2012,31,51,"Visions In Education",95608
"21932",34,67447,3430717,4,2012,111,65.9396984924623,"Visions In Education",95608
"21933",34,67447,3430717,5,2012,31,43.3333333333333,"Visions In Education",95608
"21934",34,67447,3430717,5,2012,111,61.6666666666667,"Visions In Education",95608
"21935",34,67447,3430717,6,2012,31,47.0962962962963,"Visions In Education",95608
"21936",34,67447,3430717,6,2012,111,54.0531400966184,"Visions In Education",95608
"21937",34,67447,3430717,7,2012,31,42.4927536231884,"Visions In Education",95608
"21938",34,67447,3430717,7,2012,111,66.2385321100917,"Visions In Education",95608
"21939",34,67447,3430717,8,2012,31,36.9719387755102,"Visions In Education",95608
"21940",34,67447,3430717,8,2012,111,58.25,"Visions In Education",95608
"21941",34,67447,3430717,9,2012,31,28.4336283185841,"Visions In Education",95608
"21942",34,67447,3430717,9,2012,111,48.0494186046512,"Visions In Education",95608
"21943",34,67447,3430717,10,2012,31,18.3903477643719,"Visions In Education",95608
"21944",34,67447,3430717,10,2012,111,35.3268292682927,"Visions In Education",95608
"21945",34,67447,3430717,11,2012,31,14.1812136325852,"Visions In Education",95608
"21946",34,67447,3430717,11,2012,111,31.225,"Visions In Education",95608
"21947",34,67447,3430758,9,2012,31,34.8372093023256,"San Juan Choices Charter",95864
"21948",34,67447,3430758,9,2012,111,57,"San Juan Choices Charter",95864
"21949",34,67447,3430758,10,2012,31,23.8409090909091,"San Juan Choices Charter",95864
"21950",34,67447,3430758,10,2012,111,30.6821705426357,"San Juan Choices Charter",95864
"21951",34,67447,3430758,11,2012,31,22.0909090909091,"San Juan Choices Charter",95864
"21952",34,67447,3430758,11,2012,111,35.0149253731343,"San Juan Choices Charter",95864
"21953",34,67447,3431111,9,2012,31,30.2669039145907,"Casa Roble Fundamental High",95662
"21954",34,67447,3431111,9,2012,111,48.7304347826087,"Casa Roble Fundamental High",95662
"21955",34,67447,3431111,10,2012,31,40.3939393939394,"Casa Roble Fundamental High",95662
"21956",34,67447,3431111,10,2012,111,51.6017857142857,"Casa Roble Fundamental High",95662
"21957",34,67447,3431111,11,2012,31,50.9271708683473,"Casa Roble Fundamental High",95662
"21958",34,67447,3431111,11,2012,111,55.368125701459,"Casa Roble Fundamental High",95662
"21959",34,67447,3432051,9,2012,31,29.7434554973822,"Del Campo High",95628
"21960",34,67447,3432051,9,2012,111,42.746719160105,"Del Campo High",95628
"21961",34,67447,3432051,10,2012,31,34.0967351874244,"Del Campo High",95628
"21962",34,67447,3432051,10,2012,111,48.0635918937806,"Del Campo High",95628
"21963",34,67447,3432051,11,2012,31,32.8019323671498,"Del Campo High",95628
"21964",34,67447,3432051,11,2012,111,49.7136060894386,"Del Campo High",95628
"21965",34,67447,3432317,9,2012,31,31.0963114754098,"El Camino Fundamental High",95821
"21966",34,67447,3432317,9,2012,111,64.2956636005256,"El Camino Fundamental High",95821
"21967",34,67447,3432317,10,2012,31,33.5475409836066,"El Camino Fundamental High",95821
"21968",34,67447,3432317,10,2012,111,57.8694187026116,"El Camino Fundamental High",95821
"21969",34,67447,3432317,11,2012,31,28.9891008174387,"El Camino Fundamental High",95821
"21970",34,67447,3432317,11,2012,111,48.6735849056604,"El Camino Fundamental High",95821
"21971",34,67447,3432838,6,2012,31,14.9479166666667,"Encina Preparatory High",95825
"21972",34,67447,3432838,7,2012,31,14.59375,"Encina Preparatory High",95825
"21973",34,67447,3432838,8,2012,31,13.7285974499089,"Encina Preparatory High",95825
"21974",34,67447,3432838,9,2012,31,12.9821428571429,"Encina Preparatory High",95825
"21975",34,67447,3432838,10,2012,31,13.7516666666667,"Encina Preparatory High",95825
"21976",34,67447,3432838,10,2012,111,45,"Encina Preparatory High",95825
"21977",34,67447,3432838,11,2012,31,15.8361266294227,"Encina Preparatory High",95825
"21978",34,67447,3432838,11,2012,111,15.4166666666667,"Encina Preparatory High",95825
"21979",34,67447,3435930,9,2012,31,43.768,"Mira Loma High",95821
"21980",34,67447,3435930,9,2012,111,85.0886699507389,"Mira Loma High",95821
"21981",34,67447,3435930,10,2012,31,33.1863799283154,"Mira Loma High",95821
"21982",34,67447,3435930,10,2012,111,75.570581257414,"Mira Loma High",95821
"21983",34,67447,3435930,11,2012,31,36.7410358565737,"Mira Loma High",95821
"21984",34,67447,3435930,11,2012,111,76.0478260869565,"Mira Loma High",95821
"21985",34,67447,3436714,9,2012,31,40.4315352697095,"Rio Americano High",95864
"21986",34,67447,3436714,9,2012,111,66.1915137614679,"Rio Americano High",95864
"21987",34,67447,3436714,10,2012,31,44.7924528301887,"Rio Americano High",95864
"21988",34,67447,3436714,10,2012,111,65.1971279373368,"Rio Americano High",95864
"21989",34,67447,3436714,11,2012,31,41.0891089108911,"Rio Americano High",95864
"21990",34,67447,3436714,11,2012,111,61.4273576890399,"Rio Americano High",95864
"21991",34,67447,3438504,9,2012,31,23.6358543417367,"San Juan High",95610
"21992",34,67447,3438504,9,2012,111,39.0103092783505,"San Juan High",95610
"21993",34,67447,3438504,10,2012,31,18.8229376257545,"San Juan High",95610
"21994",34,67447,3438504,10,2012,111,22.5659340659341,"San Juan High",95610
"21995",34,67447,3438504,11,2012,31,17.007614213198,"San Juan High",95610
"21996",34,67447,3438504,11,2012,111,27.4093567251462,"San Juan High",95610
"21997",34,67447,6034359,6,2012,31,31.921568627451,"Arden Middle",95864
"21998",34,67447,6034359,6,2012,111,84.5,"Arden Middle",95864
"21999",34,67447,6034359,7,2012,31,55.3125,"Arden Middle",95864
"22000",34,67447,6034359,7,2012,111,81.0385604113111,"Arden Middle",95864
"22001",34,67447,6034359,8,2012,31,37.9973333333333,"Arden Middle",95864
"22002",34,67447,6034359,8,2012,111,77.5176056338028,"Arden Middle",95864
"22003",34,67447,6034367,2,2012,31,20.5,"Arlington Heights Elementary",95621
"22004",34,67447,6034367,2,2012,111,54,"Arlington Heights Elementary",95621
"22005",34,67447,6034367,3,2012,31,36.2790697674419,"Arlington Heights Elementary",95621
"22006",34,67447,6034367,3,2012,111,45,"Arlington Heights Elementary",95621
"22007",34,67447,6034367,4,2012,31,68,"Arlington Heights Elementary",95621
"22008",34,67447,6034367,4,2012,111,80,"Arlington Heights Elementary",95621
"22009",34,67447,6034367,5,2012,31,78.6666666666667,"Arlington Heights Elementary",95621
"22010",34,67447,6034367,5,2012,111,78.6666666666667,"Arlington Heights Elementary",95621
"22011",34,67447,6034383,2,2012,31,42,"Cameron Ranch Elementary",95608
"22012",34,67447,6034383,3,2012,31,38,"Cameron Ranch Elementary",95608
"22013",34,67447,6034383,3,2012,111,40,"Cameron Ranch Elementary",95608
"22014",34,67447,6034383,4,2012,31,35.8762886597938,"Cameron Ranch Elementary",95608
"22015",34,67447,6034383,4,2012,111,66.5,"Cameron Ranch Elementary",95608
"22016",34,67447,6034383,5,2012,31,60.6666666666667,"Cameron Ranch Elementary",95608
"22017",34,67447,6034383,5,2012,111,71.4081632653061,"Cameron Ranch Elementary",95608
"22018",34,67447,6034391,2,2012,31,33.5,"Carmichael Elementary",95608
"22019",34,67447,6034391,2,2012,111,54,"Carmichael Elementary",95608
"22020",34,67447,6034391,3,2012,31,39.5,"Carmichael Elementary",95608
"22021",34,67447,6034391,4,2012,31,58.9449541284404,"Carmichael Elementary",95608
"22022",34,67447,6034391,5,2012,31,39.3918918918919,"Carmichael Elementary",95608
"22023",34,67447,6034391,5,2012,111,77.6666666666667,"Carmichael Elementary",95608
"22024",34,67447,6034409,6,2012,31,73.5,"Andrew Carnegie Middle",95662
"22025",34,67447,6034409,6,2012,111,81.9663865546218,"Andrew Carnegie Middle",95662
"22026",34,67447,6034409,7,2012,31,53.3243243243243,"Andrew Carnegie Middle",95662
"22027",34,67447,6034409,7,2012,111,82.5761589403973,"Andrew Carnegie Middle",95662
"22028",34,67447,6034409,8,2012,31,50.8146453089245,"Andrew Carnegie Middle",95662
"22029",34,67447,6034409,8,2012,111,73.609640831758,"Andrew Carnegie Middle",95662
"22030",34,67447,6034441,2,2012,31,31.4623655913978,"Cottage Elementary",95825
"22031",34,67447,6034441,2,2012,111,50,"Cottage Elementary",95825
"22032",34,67447,6034441,3,2012,31,41.5,"Cottage Elementary",95825
"22033",34,67447,6034441,4,2012,31,73.5573770491803,"Cottage Elementary",95825
"22034",34,67447,6034441,5,2012,31,53.6532258064516,"Cottage Elementary",95825
"22035",34,67447,6034466,2,2012,31,50,"Coyle Avenue Elementary",95608
"22036",34,67447,6034466,3,2012,31,46.5862068965517,"Coyle Avenue Elementary",95608
"22037",34,67447,6034466,4,2012,31,69.4782608695652,"Coyle Avenue Elementary",95608
"22038",34,67447,6034466,4,2012,111,60.8695652173913,"Coyle Avenue Elementary",95608
"22039",34,67447,6034466,5,2012,31,64.6992481203008,"Coyle Avenue Elementary",95608
"22040",34,67447,6034466,5,2012,111,66.7380952380952,"Coyle Avenue Elementary",95608
"22041",34,67447,6034482,2,2012,111,85.5187969924812,"Del Dayo Elementary",95608
"22042",34,67447,6034482,3,2012,111,82.0841121495327,"Del Dayo Elementary",95608
"22043",34,67447,6034482,4,2012,111,94.9929078014184,"Del Dayo Elementary",95608
"22044",34,67447,6034482,5,2012,111,92.9772727272727,"Del Dayo Elementary",95608
"22045",34,67447,6034482,6,2012,111,89,"Del Dayo Elementary",95608
"22046",34,67447,6034490,2,2012,31,12.4939759036145,"Del Paso Manor Elementary",95821
"22047",34,67447,6034490,2,2012,111,83,"Del Paso Manor Elementary",95821
"22048",34,67447,6034490,3,2012,31,31.6233766233766,"Del Paso Manor Elementary",95821
"22049",34,67447,6034490,3,2012,111,71.7924528301887,"Del Paso Manor Elementary",95821
"22050",34,67447,6034490,4,2012,31,65.9620253164557,"Del Paso Manor Elementary",95821
"22051",34,67447,6034490,4,2012,111,91.5,"Del Paso Manor Elementary",95821
"22052",34,67447,6034490,5,2012,31,52.6190476190476,"Del Paso Manor Elementary",95821
"22053",34,67447,6034490,5,2012,111,87.9775280898876,"Del Paso Manor Elementary",95821
"22054",34,67447,6034490,6,2012,31,53.3559322033898,"Del Paso Manor Elementary",95821
"22055",34,67447,6034490,6,2012,111,85.5,"Del Paso Manor Elementary",95821
"22056",34,67447,6034524,2,2012,31,31,"Dyer-Kelly Elementary",95821
"22057",34,67447,6034524,3,2012,31,35,"Dyer-Kelly Elementary",95821
"22058",34,67447,6034524,4,2012,31,48.4235294117647,"Dyer-Kelly Elementary",95821
"22059",34,67447,6034524,5,2012,31,50.2054794520548,"Dyer-Kelly Elementary",95821
"22060",34,67447,6034573,2,2012,31,32.5445544554455,"Grand Oaks Elementary",95621
"22061",34,67447,6034573,2,2012,111,37,"Grand Oaks Elementary",95621
"22062",34,67447,6034573,3,2012,31,42.3804347826087,"Grand Oaks Elementary",95621
"22063",34,67447,6034573,3,2012,111,72,"Grand Oaks Elementary",95621
"22064",34,67447,6034573,4,2012,31,54.7045454545455,"Grand Oaks Elementary",95621
"22065",34,67447,6034573,4,2012,111,66.0285714285714,"Grand Oaks Elementary",95621
"22066",34,67447,6034573,5,2012,31,80.3979591836735,"Grand Oaks Elementary",95621
"22067",34,67447,6034573,5,2012,111,57,"Grand Oaks Elementary",95621
"22068",34,67447,6034599,3,2012,31,26,"Greer Elementary",95825
"22069",34,67447,6034599,4,2012,31,39.9516129032258,"Greer Elementary",95825
"22070",34,67447,6034599,5,2012,31,38.0193548387097,"Greer Elementary",95825
"22071",34,67447,6034623,2,2012,31,37.4923076923077,"Howe Avenue Elementary",95825
"22072",34,67447,6034623,3,2012,31,20.5,"Howe Avenue Elementary",95825
"22073",34,67447,6034623,4,2012,31,41.5212121212121,"Howe Avenue Elementary",95825
"22074",34,67447,6034623,5,2012,31,22.3203463203463,"Howe Avenue Elementary",95825
"22075",34,67447,6034631,2,2012,31,61,"Thomas Kelly Elementary",95608
"22076",34,67447,6034631,2,2012,111,70.5,"Thomas Kelly Elementary",95608
"22077",34,67447,6034631,3,2012,31,27.5,"Thomas Kelly Elementary",95608
"22078",34,67447,6034631,3,2012,111,64.5,"Thomas Kelly Elementary",95608
"22079",34,67447,6034631,4,2012,31,45.8983050847458,"Thomas Kelly Elementary",95608
"22080",34,67447,6034631,4,2012,111,83.5,"Thomas Kelly Elementary",95608
"22081",34,67447,6034631,5,2012,31,26.3076923076923,"Thomas Kelly Elementary",95608
"22082",34,67447,6034631,5,2012,111,68.6129032258064,"Thomas Kelly Elementary",95608
"22083",34,67447,6034680,2,2012,31,34.5,"Lichen K-8",95621
"22084",34,67447,6034680,2,2012,111,66.5,"Lichen K-8",95621
"22085",34,67447,6034680,3,2012,31,46.5777777777778,"Lichen K-8",95621
"22086",34,67447,6034680,3,2012,111,55.7777777777778,"Lichen K-8",95621
"22087",34,67447,6034680,4,2012,31,68,"Lichen K-8",95621
"22088",34,67447,6034680,4,2012,111,70,"Lichen K-8",95621
"22089",34,67447,6034680,5,2012,31,30,"Lichen K-8",95621
"22090",34,67447,6034680,5,2012,111,54.3333333333333,"Lichen K-8",95621
"22091",34,67447,6034680,6,2012,31,24.7142857142857,"Lichen K-8",95621
"22092",34,67447,6034680,6,2012,111,48.5,"Lichen K-8",95621
"22093",34,67447,6034680,7,2012,31,61.4457831325301,"Lichen K-8",95621
"22094",34,67447,6034680,7,2012,111,70,"Lichen K-8",95621
"22095",34,67447,6034680,8,2012,31,51.5384615384615,"Lichen K-8",95621
"22096",34,67447,6034680,8,2012,111,64.9625,"Lichen K-8",95621
"22097",34,67447,6034706,2,2012,31,50,"Mariemont Elementary",95864
"22098",34,67447,6034706,2,2012,111,83.5,"Mariemont Elementary",95864
"22099",34,67447,6034706,3,2012,31,53.3870967741936,"Mariemont Elementary",95864
"22100",34,67447,6034706,3,2012,111,80.9194630872483,"Mariemont Elementary",95864
"22101",34,67447,6034706,4,2012,111,91.4941860465116,"Mariemont Elementary",95864
"22102",34,67447,6034706,5,2012,31,44.12,"Mariemont Elementary",95864
"22103",34,67447,6034706,5,2012,111,85,"Mariemont Elementary",95864
"22104",34,67447,6034714,2,2012,31,42,"Mariposa Avenue Elementary",95610
"22105",34,67447,6034714,2,2012,111,50,"Mariposa Avenue Elementary",95610
"22106",34,67447,6034714,3,2012,31,31.5,"Mariposa Avenue Elementary",95610
"22107",34,67447,6034714,3,2012,111,33.5,"Mariposa Avenue Elementary",95610
"22108",34,67447,6034714,4,2012,31,57.0084033613445,"Mariposa Avenue Elementary",95610
"22109",34,67447,6034714,4,2012,111,45.5,"Mariposa Avenue Elementary",95610
"22110",34,67447,6034714,5,2012,31,30.7194244604317,"Mariposa Avenue Elementary",95610
"22111",34,67447,6034714,5,2012,111,55.6666666666667,"Mariposa Avenue Elementary",95610
"22112",34,67447,6034771,2,2012,31,61,"Oakview Community Elementary",95662
"22113",34,67447,6034771,2,2012,111,81,"Oakview Community Elementary",95662
"22114",34,67447,6034771,3,2012,31,59.5,"Oakview Community Elementary",95662
"22115",34,67447,6034771,3,2012,111,73.1269841269841,"Oakview Community Elementary",95662
"22116",34,67447,6034771,4,2012,31,64,"Oakview Community Elementary",95662
"22117",34,67447,6034771,4,2012,111,82.6315789473684,"Oakview Community Elementary",95662
"22118",34,67447,6034771,5,2012,31,81.3333333333333,"Oakview Community Elementary",95662
"22119",34,67447,6034771,5,2012,111,84.3333333333333,"Oakview Community Elementary",95662
"22120",34,67447,6034797,2,2012,31,79,"Orangevale Open K-8",95628
"22121",34,67447,6034797,2,2012,111,89,"Orangevale Open K-8",95628
"22122",34,67447,6034797,3,2012,31,50,"Orangevale Open K-8",95628
"22123",34,67447,6034797,3,2012,111,72.0344827586207,"Orangevale Open K-8",95628
"22124",34,67447,6034797,4,2012,31,69,"Orangevale Open K-8",95628
"22125",34,67447,6034797,4,2012,111,83.9894736842105,"Orangevale Open K-8",95628
"22126",34,67447,6034797,5,2012,111,86.3333333333333,"Orangevale Open K-8",95628
"22127",34,67447,6034797,6,2012,111,92.009009009009,"Orangevale Open K-8",95628
"22128",34,67447,6034797,7,2012,31,44,"Orangevale Open K-8",95628
"22129",34,67447,6034797,7,2012,111,83.0505050505051,"Orangevale Open K-8",95628
"22130",34,67447,6034797,8,2012,111,74.4009433962264,"Orangevale Open K-8",95628
"22131",34,67447,6034813,2,2012,31,40.5,"Pasadena Avenue Elementary",95821
"22132",34,67447,6034813,2,2012,111,41.5,"Pasadena Avenue Elementary",95821
"22133",34,67447,6034813,3,2012,31,30,"Pasadena Avenue Elementary",95821
"22134",34,67447,6034813,4,2012,31,33,"Pasadena Avenue Elementary",95821
"22135",34,67447,6034813,4,2012,111,54,"Pasadena Avenue Elementary",95821
"22136",34,67447,6034813,5,2012,31,59.2277227722772,"Pasadena Avenue Elementary",95821
"22137",34,67447,6034813,5,2012,111,68.6666666666667,"Pasadena Avenue Elementary",95821
"22138",34,67447,6034839,2,2012,31,47.5,"Charles Peck Elementary",95608
"22139",34,67447,6034839,3,2012,31,39,"Charles Peck Elementary",95608
"22140",34,67447,6034839,3,2012,111,60.6451612903226,"Charles Peck Elementary",95608
"22141",34,67447,6034839,4,2012,31,48.4235294117647,"Charles Peck Elementary",95608
"22142",34,67447,6034839,4,2012,111,82.5,"Charles Peck Elementary",95608
"22143",34,67447,6034839,5,2012,31,48.4310344827586,"Charles Peck Elementary",95608
"22144",34,67447,6034839,5,2012,111,52.6666666666667,"Charles Peck Elementary",95608
"22145",34,67447,6034847,2,2012,31,63,"Pershing Elementary",95662
"22146",34,67447,6034847,2,2012,111,85,"Pershing Elementary",95662
"22147",34,67447,6034847,3,2012,31,57.5,"Pershing Elementary",95662
"22148",34,67447,6034847,3,2012,111,80.5,"Pershing Elementary",95662
"22149",34,67447,6034847,4,2012,31,75,"Pershing Elementary",95662
"22150",34,67447,6034847,4,2012,111,94.5,"Pershing Elementary",95662
"22151",34,67447,6034847,5,2012,31,56.2191780821918,"Pershing Elementary",95662
"22152",34,67447,6034847,5,2012,111,89.6428571428571,"Pershing Elementary",95662
"22153",34,67447,6034847,6,2012,31,59,"Pershing Elementary",95662
"22154",34,67447,6034847,6,2012,111,68.9175257731959,"Pershing Elementary",95662
"22155",34,67447,6034870,6,2012,31,33.4352941176471,"Will Rogers Middle",95628
"22156",34,67447,6034870,6,2012,111,47.4646464646465,"Will Rogers Middle",95628
"22157",34,67447,6034870,7,2012,31,44.6221374045802,"Will Rogers Middle",95628
"22158",34,67447,6034870,7,2012,111,62.4910714285714,"Will Rogers Middle",95628
"22159",34,67447,6034870,8,2012,31,43.7351524879615,"Will Rogers Middle",95628
"22160",34,67447,6034870,8,2012,111,49.9075630252101,"Will Rogers Middle",95628
"22161",34,67447,6034896,2,2012,31,56,"Albert Schweitzer Elementary",95608
"22162",34,67447,6034896,2,2012,111,78.5,"Albert Schweitzer Elementary",95608
"22163",34,67447,6034896,3,2012,31,52.5,"Albert Schweitzer Elementary",95608
"22164",34,67447,6034896,3,2012,111,72,"Albert Schweitzer Elementary",95608
"22165",34,67447,6034896,4,2012,31,69,"Albert Schweitzer Elementary",95608
"22166",34,67447,6034896,4,2012,111,83.5,"Albert Schweitzer Elementary",95608
"22167",34,67447,6034896,5,2012,31,53.3333333333333,"Albert Schweitzer Elementary",95608
"22168",34,67447,6034896,5,2012,111,76,"Albert Schweitzer Elementary",95608
"22169",34,67447,6034904,2,2012,31,53.7441860465116,"Sierra Oaks K-8",95864
"22170",34,67447,6034904,2,2012,111,86.5189873417721,"Sierra Oaks K-8",95864
"22171",34,67447,6034904,3,2012,31,38.5,"Sierra Oaks K-8",95864
"22172",34,67447,6034904,3,2012,111,79.5,"Sierra Oaks K-8",95864
"22173",34,67447,6034904,4,2012,31,61.3584905660377,"Sierra Oaks K-8",95864
"22174",34,67447,6034904,4,2012,111,91.5,"Sierra Oaks K-8",95864
"22175",34,67447,6034904,5,2012,31,50.6666666666667,"Sierra Oaks K-8",95864
"22176",34,67447,6034904,5,2012,111,79.3560606060606,"Sierra Oaks K-8",95864
"22177",34,67447,6034904,6,2012,31,34.5,"Sierra Oaks K-8",95864
"22178",34,67447,6034904,6,2012,111,51,"Sierra Oaks K-8",95864
"22179",34,67447,6034904,7,2012,31,28,"Sierra Oaks K-8",95864
"22180",34,67447,6034904,7,2012,111,47.5,"Sierra Oaks K-8",95864
"22181",34,67447,6034904,8,2012,31,42.0588235294118,"Sierra Oaks K-8",95864
"22182",34,67447,6034904,8,2012,111,62.61,"Sierra Oaks K-8",95864
"22183",34,67447,6034912,2,2012,31,62,"Skycrest Elementary",95610
"22184",34,67447,6034912,2,2012,111,56,"Skycrest Elementary",95610
"22185",34,67447,6034912,3,2012,31,45.8378378378378,"Skycrest Elementary",95610
"22186",34,67447,6034912,4,2012,31,52.2972972972973,"Skycrest Elementary",95610
"22187",34,67447,6034912,5,2012,31,52.4847161572052,"Skycrest Elementary",95610
"22188",34,67447,6034912,5,2012,111,71.3333333333333,"Skycrest Elementary",95610
"22189",34,67447,6034920,3,2012,31,31.5,"Starr King K-8",95608
"22190",34,67447,6034920,4,2012,31,33,"Starr King K-8",95608
"22191",34,67447,6034920,4,2012,111,41,"Starr King K-8",95608
"22192",34,67447,6034920,5,2012,31,40.3223684210526,"Starr King K-8",95608
"22193",34,67447,6034920,5,2012,111,50,"Starr King K-8",95608
"22194",34,67447,6034920,6,2012,31,14.5,"Starr King K-8",95608
"22195",34,67447,6034920,6,2012,111,41.448275862069,"Starr King K-8",95608
"22196",34,67447,6034920,7,2012,31,42.5,"Starr King K-8",95608
"22197",34,67447,6034920,8,2012,31,49.8475609756098,"Starr King K-8",95608
"22198",34,67447,6034920,8,2012,111,41.4285714285714,"Starr King K-8",95608
"22199",34,67447,6034953,2,2012,31,63.5102040816327,"Twin Lakes Elementary",95662
"22200",34,67447,6034953,2,2012,111,66.5433070866142,"Twin Lakes Elementary",95662
"22201",34,67447,6034953,3,2012,31,51.5,"Twin Lakes Elementary",95662
"22202",34,67447,6034953,3,2012,111,75.6178861788618,"Twin Lakes Elementary",95662
"22203",34,67447,6034953,4,2012,31,77,"Twin Lakes Elementary",95662
"22204",34,67447,6034953,4,2012,111,83.5,"Twin Lakes Elementary",95662
"22205",34,67447,6034953,5,2012,31,60.16,"Twin Lakes Elementary",95662
"22206",34,67447,6034953,5,2012,111,72.6405529953917,"Twin Lakes Elementary",95662
"22207",34,67447,6034953,6,2012,31,34.0909090909091,"Twin Lakes Elementary",95662
"22208",34,67447,6034953,6,2012,111,68,"Twin Lakes Elementary",95662
"22209",34,67447,6034961,2,2012,31,42.5,"Whitney Avenue Elementary",95821
"22210",34,67447,6034961,3,2012,31,21.4018691588785,"Whitney Avenue Elementary",95821
"22211",34,67447,6034961,4,2012,31,67.593220338983,"Whitney Avenue Elementary",95821
"22212",34,67447,6068670,2,2012,31,56,"Cambridge Heights Elementary",95621
"22213",34,67447,6068670,2,2012,111,73.5,"Cambridge Heights Elementary",95621
"22214",34,67447,6068670,3,2012,31,51.3333333333333,"Cambridge Heights Elementary",95621
"22215",34,67447,6068670,3,2012,111,61,"Cambridge Heights Elementary",95621
"22216",34,67447,6068670,4,2012,31,79.5172413793103,"Cambridge Heights Elementary",95621
"22217",34,67447,6068670,4,2012,111,79.9113924050633,"Cambridge Heights Elementary",95621
"22218",34,67447,6068670,5,2012,31,73.3333333333333,"Cambridge Heights Elementary",95621
"22219",34,67447,6068670,5,2012,111,79.2148760330578,"Cambridge Heights Elementary",95621
"22220",34,67447,6097810,2,2012,31,56.5,"Woodside K-8",95610
"22221",34,67447,6097810,2,2012,111,86.5,"Woodside K-8",95610
"22222",34,67447,6097810,3,2012,31,53.6774193548387,"Woodside K-8",95610
"22223",34,67447,6097810,3,2012,111,73.3333333333333,"Woodside K-8",95610
"22224",34,67447,6097810,4,2012,31,75.6521739130435,"Woodside K-8",95610
"22225",34,67447,6097810,4,2012,111,90.5,"Woodside K-8",95610
"22226",34,67447,6097810,5,2012,31,52.0729166666667,"Woodside K-8",95610
"22227",34,67447,6097810,5,2012,111,69.8829787234042,"Woodside K-8",95610
"22228",34,67447,6097810,6,2012,31,45.0281690140845,"Woodside K-8",95610
"22229",34,67447,6097810,6,2012,111,70.1052631578947,"Woodside K-8",95610
"22230",34,67447,6097810,7,2012,31,49.2238805970149,"Woodside K-8",95610
"22231",34,67447,6097810,7,2012,111,61.6470588235294,"Woodside K-8",95610
"22232",34,67447,6097810,8,2012,31,45.9101123595506,"Woodside K-8",95610
"22233",34,67447,6097810,8,2012,111,56.8032786885246,"Woodside K-8",95610
"22234",34,67447,6103816,2,2012,31,67.5,"Trajan Elementary",95662
"22235",34,67447,6103816,2,2012,111,86.5,"Trajan Elementary",95662
"22236",34,67447,6103816,3,2012,31,63.7678571428571,"Trajan Elementary",95662
"22237",34,67447,6103816,3,2012,111,71.6315789473684,"Trajan Elementary",95662
"22238",34,67447,6103816,4,2012,31,90.5,"Trajan Elementary",95662
"22239",34,67447,6103816,4,2012,111,91,"Trajan Elementary",95662
"22240",34,67447,6103816,5,2012,31,77.3333333333333,"Trajan Elementary",95662
"22241",34,67447,6103816,5,2012,111,87,"Trajan Elementary",95662
"22242",34,67447,6105910,2,2012,31,39.4536082474227,"Carriage Drive Elementary",95621
"22243",34,67447,6105910,2,2012,111,64,"Carriage Drive Elementary",95621
"22244",34,67447,6105910,3,2012,31,41,"Carriage Drive Elementary",95621
"22245",34,67447,6105910,3,2012,111,59.5,"Carriage Drive Elementary",95621
"22246",34,67447,6105910,4,2012,31,73,"Carriage Drive Elementary",95621
"22247",34,67447,6105910,4,2012,111,85,"Carriage Drive Elementary",95621
"22248",34,67447,6105910,5,2012,31,71.0165289256198,"Carriage Drive Elementary",95621
"22249",34,67447,6105910,5,2012,111,83.5818181818182,"Carriage Drive Elementary",95621
"22250",34,67447,6105910,6,2012,31,45,"Carriage Drive Elementary",95621
"22251",34,67447,6105910,6,2012,111,62.5,"Carriage Drive Elementary",95621
"22252",34,67447,6105928,2,2012,31,55.5,"Ottomon Way Elementary",95662
"22253",34,67447,6105928,2,2012,111,68,"Ottomon Way Elementary",95662
"22254",34,67447,6105928,3,2012,31,56.5,"Ottomon Way Elementary",95662
"22255",34,67447,6105928,3,2012,111,72.6774193548387,"Ottomon Way Elementary",95662
"22256",34,67447,6105928,4,2012,31,48.5,"Ottomon Way Elementary",95662
"22257",34,67447,6105928,4,2012,111,75,"Ottomon Way Elementary",95662
"22258",34,67447,6105928,5,2012,31,60.9146341463415,"Ottomon Way Elementary",95662
"22259",34,67447,6105928,5,2012,111,84,"Ottomon Way Elementary",95662
"22260",34,73973,3430378,9,2012,31,43.3042553191489,"Center High",95843
"22261",34,73973,3430378,9,2012,111,58.3178654292343,"Center High",95843
"22262",34,73973,3430378,10,2012,31,45.1981707317073,"Center High",95843
"22263",34,73973,3430378,10,2012,111,55.3383768913342,"Center High",95843
"22264",34,73973,3430378,11,2012,31,42.3080939947781,"Center High",95843
"22265",34,73973,3430378,11,2012,111,54.8136752136752,"Center High",95843
"22266",34,73973,6107734,2,2012,31,51,"Oak Hill Elementary",95843
"22267",34,73973,6107734,2,2012,111,65,"Oak Hill Elementary",95843
"22268",34,73973,6107734,3,2012,31,58,"Oak Hill Elementary",95843
"22269",34,73973,6107734,3,2012,111,64.5,"Oak Hill Elementary",95843
"22270",34,73973,6107734,4,2012,31,73,"Oak Hill Elementary",95843
"22271",34,73973,6107734,4,2012,111,85,"Oak Hill Elementary",95843
"22272",34,73973,6107734,5,2012,31,53.4237288135593,"Oak Hill Elementary",95843
"22273",34,73973,6107734,5,2012,111,66.941935483871,"Oak Hill Elementary",95843
"22274",34,73973,6107734,6,2012,31,54.9099099099099,"Oak Hill Elementary",95843
"22275",34,73973,6107734,6,2012,111,66.1649484536082,"Oak Hill Elementary",95843
"22276",34,73973,6108948,2,2012,31,57,"North Country Elementary",95843
"22277",34,73973,6108948,2,2012,111,72.5,"North Country Elementary",95843
"22278",34,73973,6108948,3,2012,31,48,"North Country Elementary",95843
"22279",34,73973,6108948,3,2012,111,69.5,"North Country Elementary",95843
"22280",34,73973,6108948,4,2012,31,86.5189873417721,"North Country Elementary",95843
"22281",34,73973,6108948,4,2012,111,77.0434782608696,"North Country Elementary",95843
"22282",34,73973,6108948,5,2012,31,45.7014925373134,"North Country Elementary",95843
"22283",34,73973,6108948,5,2012,111,52.6610169491525,"North Country Elementary",95843
"22284",34,73973,6108948,6,2012,31,51.3960396039604,"North Country Elementary",95843
"22285",34,73973,6108948,6,2012,111,81,"North Country Elementary",95843
"22286",34,75283,102236,9,2012,31,39.2284644194757,"Inderkum High",95835
"22287",34,75283,102236,9,2012,111,51.7330960854093,"Inderkum High",95835
"22288",34,75283,102236,10,2012,31,41.9506037321625,"Inderkum High",95835
"22289",34,75283,102236,10,2012,111,42.0932896890344,"Inderkum High",95835
"22290",34,75283,102236,11,2012,31,30.7738095238095,"Inderkum High",95835
"22291",34,75283,102236,11,2012,111,36.0081168831169,"Inderkum High",95835
"22292",34,75283,102277,2,2012,31,62.5,"Witter Ranch Elementary",95834
"22293",34,75283,102277,2,2012,111,88,"Witter Ranch Elementary",95834
"22294",34,75283,102277,3,2012,31,43.5,"Witter Ranch Elementary",95834
"22295",34,75283,102277,3,2012,111,76,"Witter Ranch Elementary",95834
"22296",34,75283,102277,4,2012,31,78,"Witter Ranch Elementary",95834
"22297",34,75283,102277,4,2012,111,84.5,"Witter Ranch Elementary",95834
"22298",34,75283,102277,5,2012,31,48,"Witter Ranch Elementary",95834
"22299",34,75283,102277,5,2012,111,80.3333333333333,"Witter Ranch Elementary",95834
"22300",34,75283,102277,6,2012,31,47,"Witter Ranch Elementary",95834
"22301",34,75283,102277,6,2012,111,52,"Witter Ranch Elementary",95834
"22302",34,75283,111138,2,2012,31,38,"Heron",95835
"22303",34,75283,111138,2,2012,111,73,"Heron",95835
"22304",34,75283,111138,3,2012,31,65.1929824561404,"Heron",95835
"22305",34,75283,111138,3,2012,111,77,"Heron",95835
"22306",34,75283,111138,4,2012,31,62,"Heron",95835
"22307",34,75283,111138,4,2012,111,86,"Heron",95835
"22308",34,75283,111138,5,2012,31,54.3333333333333,"Heron",95835
"22309",34,75283,111138,5,2012,111,67.6,"Heron",95835
"22310",34,75283,111138,6,2012,31,33.8842105263158,"Heron",95835
"22311",34,75283,111138,6,2012,111,67,"Heron",95835
"22312",34,75283,111138,7,2012,31,55.1724137931034,"Heron",95835
"22313",34,75283,111138,7,2012,111,56.625,"Heron",95835
"22314",34,75283,111138,8,2012,31,53.3888888888889,"Heron",95835
"22315",34,75283,111138,8,2012,111,65.3157894736842,"Heron",95835
"22316",34,75283,112425,9,2012,31,47.9423076923077,"Natomas Pacific Pathways Prep",95834
"22317",34,75283,112425,9,2012,111,55.4056603773585,"Natomas Pacific Pathways Prep",95834
"22318",34,75283,112425,10,2012,31,36.8915662650602,"Natomas Pacific Pathways Prep",95834
"22319",34,75283,112425,10,2012,111,56.6061538461538,"Natomas Pacific Pathways Prep",95834
"22320",34,75283,112425,11,2012,31,44.5371900826446,"Natomas Pacific Pathways Prep",95834
"22321",34,75283,112425,11,2012,111,54.1106382978723,"Natomas Pacific Pathways Prep",95834
"22322",34,75283,116806,2,2012,31,57,"H. Allen Hight Elementary",95835
"22323",34,75283,116806,2,2012,111,75,"H. Allen Hight Elementary",95835
"22324",34,75283,116806,3,2012,31,37,"H. Allen Hight Elementary",95835
"22325",34,75283,116806,3,2012,111,58,"H. Allen Hight Elementary",95835
"22326",34,75283,116806,4,2012,31,56.5,"H. Allen Hight Elementary",95835
"22327",34,75283,116806,4,2012,111,47,"H. Allen Hight Elementary",95835
"22328",34,75283,116806,5,2012,31,49.6117647058824,"H. Allen Hight Elementary",95835
"22329",34,75283,116806,5,2012,111,51.8842975206612,"H. Allen Hight Elementary",95835
"22330",34,75283,116806,6,2012,31,33.9120879120879,"H. Allen Hight Elementary",95835
"22331",34,75283,116806,6,2012,111,53,"H. Allen Hight Elementary",95835
"22332",34,75283,3430584,9,2012,31,39.1728880157171,"Natomas High",95834
"22333",34,75283,3430584,9,2012,111,33.3478260869565,"Natomas High",95834
"22334",34,75283,3430584,10,2012,31,23.2649006622517,"Natomas High",95834
"22335",34,75283,3430584,10,2012,111,37.9360902255639,"Natomas High",95834
"22336",34,75283,3430584,11,2012,31,25.466275659824,"Natomas High",95834
"22337",34,75283,3430584,11,2012,111,43.2714932126697,"Natomas High",95834
"22338",34,75283,3430626,11,2012,31,0,"Discovery High",95834
"22339",34,75283,3430659,2,2012,111,47.5,"Natomas Charter",95835
"22340",34,75283,3430659,3,2012,111,54,"Natomas Charter",95835
"22341",34,75283,3430659,4,2012,111,70.7846153846154,"Natomas Charter",95835
"22342",34,75283,3430659,5,2012,111,57.4133333333333,"Natomas Charter",95835
"22343",34,75283,3430659,6,2012,31,61,"Natomas Charter",95835
"22344",34,75283,3430659,6,2012,111,81,"Natomas Charter",95835
"22345",34,75283,3430659,7,2012,31,70.075,"Natomas Charter",95835
"22346",34,75283,3430659,7,2012,111,84.8048780487805,"Natomas Charter",95835
"22347",34,75283,3430659,8,2012,31,75.5700934579439,"Natomas Charter",95835
"22348",34,75283,3430659,8,2012,111,85.6666666666667,"Natomas Charter",95835
"22349",34,75283,3430659,9,2012,31,72.8691588785047,"Natomas Charter",95835
"22350",34,75283,3430659,9,2012,111,85.2887931034483,"Natomas Charter",95835
"22351",34,75283,3430659,10,2012,31,67.0271739130435,"Natomas Charter",95835
"22352",34,75283,3430659,10,2012,111,75.7621776504298,"Natomas Charter",95835
"22353",34,75283,3430659,11,2012,31,68.8494623655914,"Natomas Charter",95835
"22354",34,75283,3430659,11,2012,111,64.0088495575221,"Natomas Charter",95835
"22355",34,75283,6117527,7,2012,31,44.9927325581395,"Natomas Middle",95835
"22356",34,75283,6117527,7,2012,111,65.4,"Natomas Middle",95835
"22357",34,75283,6117527,8,2012,31,36.9819277108434,"Natomas Middle",95835
"22358",34,75283,6117527,8,2012,111,51.0068143100511,"Natomas Middle",95835
"22359",34,75283,6117535,2,2012,31,35,"Natomas Park Elementary",95835
"22360",34,75283,6117535,2,2012,111,76,"Natomas Park Elementary",95835
"22361",34,75283,6117535,3,2012,31,39.5,"Natomas Park Elementary",95835
"22362",34,75283,6117535,3,2012,111,65.5,"Natomas Park Elementary",95835
"22363",34,75283,6117535,4,2012,31,55.5,"Natomas Park Elementary",95835
"22364",34,75283,6117535,4,2012,111,75.021897810219,"Natomas Park Elementary",95835
"22365",34,75283,6117535,5,2012,31,35.3333333333333,"Natomas Park Elementary",95835
"22366",34,75283,6117535,5,2012,111,72,"Natomas Park Elementary",95835
"22367",34,75283,6117535,6,2012,31,43,"Natomas Park Elementary",95835
"22368",34,75283,6117535,6,2012,111,43,"Natomas Park Elementary",95835
"22369",34,75283,6118624,2,2012,31,51,"Two Rivers Elementary",95833
"22370",34,75283,6118624,2,2012,111,58,"Two Rivers Elementary",95833
"22371",34,75283,6118624,3,2012,31,34.5,"Two Rivers Elementary",95833
"22372",34,75283,6118624,3,2012,111,52.5,"Two Rivers Elementary",95833
"22373",34,75283,6118624,4,2012,31,36,"Two Rivers Elementary",95833
"22374",34,75283,6118624,4,2012,111,66.5,"Two Rivers Elementary",95833
"22375",34,75283,6118624,5,2012,31,63,"Two Rivers Elementary",95833
"22376",34,75283,6118624,5,2012,111,64,"Two Rivers Elementary",95833
"22377",34,75283,6118624,6,2012,31,25.566265060241,"Two Rivers Elementary",95833
"22378",34,75283,6118624,6,2012,111,37.5,"Two Rivers Elementary",95833
"22379",34,76505,100487,6,2012,31,13.8493150684932,"Norwood Junior High",95838
"22380",34,76505,100487,7,2012,31,34.572265625,"Norwood Junior High",95838
"22381",34,76505,100487,7,2012,111,60.2519083969466,"Norwood Junior High",95838
"22382",34,76505,100487,8,2012,31,41.3174767321613,"Norwood Junior High",95838
"22383",34,76505,100487,8,2012,111,48.1521035598705,"Norwood Junior High",95838
"22384",34,76505,101766,2,2012,31,70.5,"Community Outreach Academy",95652
"22385",34,76505,101766,2,2012,111,78,"Community Outreach Academy",95652
"22386",34,76505,101766,3,2012,31,67,"Community Outreach Academy",95652
"22387",34,76505,101766,3,2012,111,64.5,"Community Outreach Academy",95652
"22388",34,76505,101766,4,2012,31,84.5,"Community Outreach Academy",95652
"22389",34,76505,101766,4,2012,111,79.5,"Community Outreach Academy",95652
"22390",34,76505,101766,5,2012,31,58,"Community Outreach Academy",95652
"22391",34,76505,101766,5,2012,111,53.3333333333333,"Community Outreach Academy",95652
"22392",34,76505,101766,6,2012,31,58,"Community Outreach Academy",95652
"22393",34,76505,101766,6,2012,111,55.5,"Community Outreach Academy",95652
"22394",34,76505,101766,7,2012,31,64,"Community Outreach Academy",95652
"22395",34,76505,101766,7,2012,111,67.5,"Community Outreach Academy",95652
"22396",34,76505,101766,8,2012,31,60.7978723404255,"Community Outreach Academy",95652
"22397",34,76505,101766,8,2012,111,70,"Community Outreach Academy",95652
"22398",34,76505,106450,2,2012,31,60.5,"Regency Park Elementary",95835
"22399",34,76505,106450,2,2012,111,80.5,"Regency Park Elementary",95835
"22400",34,76505,106450,3,2012,31,44.0827067669173,"Regency Park Elementary",95835
"22401",34,76505,106450,3,2012,111,65.5,"Regency Park Elementary",95835
"22402",34,76505,106450,4,2012,31,63.4236111111111,"Regency Park Elementary",95835
"22403",34,76505,106450,4,2012,111,84.5,"Regency Park Elementary",95835
"22404",34,76505,106450,5,2012,31,61.2938144329897,"Regency Park Elementary",95835
"22405",34,76505,106450,5,2012,111,76.0551724137931,"Regency Park Elementary",95835
"22406",34,76505,108415,2,2012,31,21,"Heritage Peak Charter",95673
"22407",34,76505,108415,2,2012,111,47.5,"Heritage Peak Charter",95673
"22408",34,76505,108415,3,2012,31,28.5,"Heritage Peak Charter",95673
"22409",34,76505,108415,3,2012,111,29,"Heritage Peak Charter",95673
"22410",34,76505,108415,4,2012,31,40.5,"Heritage Peak Charter",95673
"22411",34,76505,108415,4,2012,111,50,"Heritage Peak Charter",95673
"22412",34,76505,108415,5,2012,31,43.2058823529412,"Heritage Peak Charter",95673
"22413",34,76505,108415,5,2012,111,53.3333333333333,"Heritage Peak Charter",95673
"22414",34,76505,108415,6,2012,31,31.5,"Heritage Peak Charter",95673
"22415",34,76505,108415,6,2012,111,58.5,"Heritage Peak Charter",95673
"22416",34,76505,108415,7,2012,31,35.5294117647059,"Heritage Peak Charter",95673
"22417",34,76505,108415,7,2012,111,60.7567567567568,"Heritage Peak Charter",95673
"22418",34,76505,108415,8,2012,31,31.3238636363636,"Heritage Peak Charter",95673
"22419",34,76505,108415,8,2012,111,53.1420118343195,"Heritage Peak Charter",95673
"22420",34,76505,108415,9,2012,31,18.7716535433071,"Heritage Peak Charter",95673
"22421",34,76505,108415,9,2012,111,32.9375,"Heritage Peak Charter",95673
"22422",34,76505,108415,10,2012,31,22.650406504065,"Heritage Peak Charter",95673
"22423",34,76505,108415,10,2012,111,38.6176470588235,"Heritage Peak Charter",95673
"22424",34,76505,108415,11,2012,31,9.21990740740741,"Heritage Peak Charter",95673
"22425",34,76505,108415,11,2012,111,35.0888888888889,"Heritage Peak Charter",95673
"22426",34,76505,125203,8,2012,31,0,"Nova Opportunity",95838
"22427",34,76505,3433265,9,2012,31,31.8217821782178,"Foothill High",95842
"22428",34,76505,3433265,9,2012,111,35.895652173913,"Foothill High",95842
"22429",34,76505,3433265,10,2012,31,28.4112256586483,"Foothill High",95842
"22430",34,76505,3433265,10,2012,111,38.756052141527,"Foothill High",95842
"22431",34,76505,3433265,11,2012,31,26.3852140077821,"Foothill High",95842
"22432",34,76505,3433265,11,2012,111,28.5409836065574,"Foothill High",95842
"22433",34,76505,3433794,9,2012,31,28.5719754977029,"Grant Union High",95838
"22434",34,76505,3433794,9,2012,111,29.82995951417,"Grant Union High",95838
"22435",34,76505,3433794,10,2012,31,24.3051451859399,"Grant Union High",95838
"22436",34,76505,3433794,10,2012,111,28.8621908127208,"Grant Union High",95838
"22437",34,76505,3433794,11,2012,31,25.3448275862069,"Grant Union High",95838
"22438",34,76505,3433794,11,2012,111,25.8488888888889,"Grant Union High",95838
"22439",34,76505,3434370,9,2012,31,20.4191616766467,"Highlands High",95660
"22440",34,76505,3434370,9,2012,111,53.6810344827586,"Highlands High",95660
"22441",34,76505,3434370,10,2012,31,22.9225352112676,"Highlands High",95660
"22442",34,76505,3434370,10,2012,111,29.2645502645503,"Highlands High",95660
"22443",34,76505,3434370,11,2012,31,27.029776674938,"Highlands High",95660
"22444",34,76505,3434370,11,2012,111,36.0827586206897,"Highlands High",95660
"22445",34,76505,3436979,9,2012,31,30.3078534031414,"Rio Linda High",95673
"22446",34,76505,3436979,9,2012,111,29.6329787234043,"Rio Linda High",95673
"22447",34,76505,3436979,10,2012,31,36.131341209173,"Rio Linda High",95673
"22448",34,76505,3436979,10,2012,111,45.010889292196,"Rio Linda High",95673
"22449",34,76505,3436979,11,2012,31,37.081015719468,"Rio Linda High",95673
"22450",34,76505,3436979,11,2012,111,42.9426229508197,"Rio Linda High",95673
"22451",34,76505,6032940,2,2012,31,54,"Fairbanks Elementary",95838
"22452",34,76505,6032940,3,2012,31,40.1818181818182,"Fairbanks Elementary",95838
"22453",34,76505,6032940,4,2012,31,50.5934065934066,"Fairbanks Elementary",95838
"22454",34,76505,6032940,5,2012,31,42.1038961038961,"Fairbanks Elementary",95838
"22455",34,76505,6032957,2,2012,31,46.5,"Garden Valley Elementary",95834
"22456",34,76505,6032957,3,2012,31,41.4857142857143,"Garden Valley Elementary",95834
"22457",34,76505,6032957,4,2012,31,36,"Garden Valley Elementary",95834
"22458",34,76505,6032957,4,2012,111,50,"Garden Valley Elementary",95834
"22459",34,76505,6032957,5,2012,31,30.4160583941606,"Garden Valley Elementary",95834
"22460",34,76505,6032957,6,2012,31,29.4526315789474,"Garden Valley Elementary",95834
"22461",34,76505,6033385,2,2012,31,27,"Hagginwood Elementary",95815
"22462",34,76505,6033385,3,2012,31,32.1791044776119,"Hagginwood Elementary",95815
"22463",34,76505,6033385,4,2012,31,46,"Hagginwood Elementary",95815
"22464",34,76505,6033385,5,2012,31,44.1239669421488,"Hagginwood Elementary",95815
"22465",34,76505,6033385,6,2012,31,53.8082191780822,"Hagginwood Elementary",95815
"22466",34,76505,6033419,2,2012,31,43,"Hazel Strauch Elementary",95833
"22467",34,76505,6033419,2,2012,111,58,"Hazel Strauch Elementary",95833
"22468",34,76505,6033419,3,2012,31,44.9782608695652,"Hazel Strauch Elementary",95833
"22469",34,76505,6033419,3,2012,111,58.962962962963,"Hazel Strauch Elementary",95833
"22470",34,76505,6033419,4,2012,31,53.5,"Hazel Strauch Elementary",95833
"22471",34,76505,6033419,4,2012,111,48.2962962962963,"Hazel Strauch Elementary",95833
"22472",34,76505,6033419,5,2012,31,65.0186046511628,"Hazel Strauch Elementary",95833
"22473",34,76505,6033419,5,2012,111,70.6666666666667,"Hazel Strauch Elementary",95833
"22474",34,76505,6033443,2,2012,31,29.5,"Northwood Elementary",95815
"22475",34,76505,6033443,3,2012,31,41.6262626262626,"Northwood Elementary",95815
"22476",34,76505,6033443,4,2012,31,30.5929203539823,"Northwood Elementary",95815
"22477",34,76505,6033443,6,2012,31,39.4782608695652,"Northwood Elementary",95815
"22478",34,76505,6033450,2,2012,31,26.5,"Woodlake Elementary",95815
"22479",34,76505,6033450,3,2012,31,39,"Woodlake Elementary",95815
"22480",34,76505,6033450,4,2012,31,47,"Woodlake Elementary",95815
"22481",34,76505,6033450,5,2012,31,47.3380281690141,"Woodlake Elementary",95815
"22482",34,76505,6033484,2,2012,31,50,"Dry Creek Elementary",95673
"22483",34,76505,6033484,2,2012,111,53,"Dry Creek Elementary",95673
"22484",34,76505,6033484,3,2012,31,45.5,"Dry Creek Elementary",95673
"22485",34,76505,6033484,3,2012,111,75,"Dry Creek Elementary",95673
"22486",34,76505,6033484,4,2012,31,61.5,"Dry Creek Elementary",95673
"22487",34,76505,6033484,4,2012,111,82.5217391304348,"Dry Creek Elementary",95673
"22488",34,76505,6033492,2,2012,31,48,"Frontier Elementary",95842
"22489",34,76505,6033492,2,2012,111,58,"Frontier Elementary",95842
"22490",34,76505,6033492,3,2012,31,56,"Frontier Elementary",95842
"22491",34,76505,6033492,3,2012,111,63.7818181818182,"Frontier Elementary",95842
"22492",34,76505,6033492,4,2012,31,48.8979591836735,"Frontier Elementary",95842
"22493",34,76505,6033492,4,2012,111,65.3913043478261,"Frontier Elementary",95842
"22494",34,76505,6033492,5,2012,31,59.7538461538462,"Frontier Elementary",95842
"22495",34,76505,6033492,5,2012,111,77.55,"Frontier Elementary",95842
"22496",34,76505,6033492,6,2012,31,62,"Frontier Elementary",95842
"22497",34,76505,6033492,6,2012,111,82,"Frontier Elementary",95842
"22498",34,76505,6033500,2,2012,31,29,"Frederick Joyce Elementary",95660
"22499",34,76505,6033500,3,2012,31,38.3882352941176,"Frederick Joyce Elementary",95660
"22500",34,76505,6033500,4,2012,31,63.6470588235294,"Frederick Joyce Elementary",95660
"22501",34,76505,6033500,5,2012,31,57.3790849673203,"Frederick Joyce Elementary",95660
"22502",34,76505,6033500,6,2012,31,49,"Frederick Joyce Elementary",95660
"22503",34,76505,6033500,7,2012,31,45.4742268041237,"Frederick Joyce Elementary",95660
"22504",34,76505,6033500,8,2012,31,41.005,"Frederick Joyce Elementary",95660
"22505",34,76505,6033518,2,2012,31,38.5,"Hillsdale Elementary",95660
"22506",34,76505,6033518,3,2012,31,49.5,"Hillsdale Elementary",95660
"22507",34,76505,6033518,3,2012,111,54.5,"Hillsdale Elementary",95660
"22508",34,76505,6033518,4,2012,31,66,"Hillsdale Elementary",95660
"22509",34,76505,6033518,5,2012,31,45.731884057971,"Hillsdale Elementary",95660
"22510",34,76505,6033518,6,2012,31,54.0574712643678,"Hillsdale Elementary",95660
"22511",34,76505,6033526,2,2012,31,54,"Kohler Elementary",95660
"22512",34,76505,6033526,3,2012,31,40.8977272727273,"Kohler Elementary",95660
"22513",34,76505,6033526,4,2012,31,64.3703703703704,"Kohler Elementary",95660
"22514",34,76505,6033526,5,2012,31,46.1379310344828,"Kohler Elementary",95660
"22515",34,76505,6033526,6,2012,31,28.961038961039,"Kohler Elementary",95660
"22516",34,76505,6033526,7,2012,31,23.4516129032258,"Kohler Elementary",95660
"22517",34,76505,6033526,8,2012,31,38.6129032258064,"Kohler Elementary",95660
"22518",34,76505,6033542,2,2012,31,47.5,"Madison Elementary",95660
"22519",34,76505,6033542,3,2012,31,55.5,"Madison Elementary",95660
"22520",34,76505,6033542,4,2012,31,59.0165289256198,"Madison Elementary",95660
"22521",34,76505,6033542,5,2012,31,52.6666666666667,"Madison Elementary",95660
"22522",34,76505,6033542,6,2012,31,59.5,"Madison Elementary",95660
"22523",34,76505,6033559,2,2012,31,54.5,"Oakdale Elementary",95660
"22524",34,76505,6033559,2,2012,111,80.5,"Oakdale Elementary",95660
"22525",34,76505,6033559,3,2012,31,40,"Oakdale Elementary",95660
"22526",34,76505,6033559,4,2012,31,65.5,"Oakdale Elementary",95660
"22527",34,76505,6033559,5,2012,31,45,"Oakdale Elementary",95660
"22528",34,76505,6033559,6,2012,31,50.4851485148515,"Oakdale Elementary",95660
"22529",34,76505,6033559,7,2012,31,36.5,"Oakdale Elementary",95660
"22530",34,76505,6033559,8,2012,31,75.5918367346939,"Oakdale Elementary",95660
"22531",34,76505,6033559,8,2012,111,73,"Oakdale Elementary",95660
"22532",34,76505,6033575,2,2012,31,31.5,"Orchard Elementary",95673
"22533",34,76505,6033575,2,2012,111,68.5,"Orchard Elementary",95673
"22534",34,76505,6033575,3,2012,31,51.5,"Orchard Elementary",95673
"22535",34,76505,6033575,3,2012,111,67.5,"Orchard Elementary",95673
"22536",34,76505,6033575,4,2012,31,37.5,"Orchard Elementary",95673
"22537",34,76505,6033575,4,2012,111,59,"Orchard Elementary",95673
"22538",34,76505,6033575,5,2012,31,49,"Orchard Elementary",95673
"22539",34,76505,6033575,5,2012,111,63.6666666666667,"Orchard Elementary",95673
"22540",34,76505,6033575,6,2012,31,42.5,"Orchard Elementary",95673
"22541",34,76505,6033575,6,2012,111,71.2258064516129,"Orchard Elementary",95673
"22542",34,76505,6033575,7,2012,31,56.5,"Orchard Elementary",95673
"22543",34,76505,6033575,7,2012,111,66.3030303030303,"Orchard Elementary",95673
"22544",34,76505,6033575,8,2012,31,48.4967320261438,"Orchard Elementary",95673
"22545",34,76505,6033575,8,2012,111,74,"Orchard Elementary",95673
"22546",34,76505,6033583,2,2012,31,30,"Pioneer Elementary",95841
"22547",34,76505,6033583,2,2012,111,62.5,"Pioneer Elementary",95841
"22548",34,76505,6033583,3,2012,31,46,"Pioneer Elementary",95841
"22549",34,76505,6033583,3,2012,111,62.5,"Pioneer Elementary",95841
"22550",34,76505,6033583,4,2012,31,56.0449438202247,"Pioneer Elementary",95841
"22551",34,76505,6033583,4,2012,111,56.5,"Pioneer Elementary",95841
"22552",34,76505,6033583,5,2012,31,50.3154362416107,"Pioneer Elementary",95841
"22553",34,76505,6033583,5,2012,111,65.96875,"Pioneer Elementary",95841
"22554",34,76505,6033583,6,2012,31,44.4789915966387,"Pioneer Elementary",95841
"22555",34,76505,6033583,6,2012,111,57,"Pioneer Elementary",95841
"22556",34,76505,6033583,7,2012,31,42.3777777777778,"Pioneer Elementary",95841
"22557",34,76505,6033583,7,2012,111,72.5,"Pioneer Elementary",95841
"22558",34,76505,6033583,8,2012,31,41.8702290076336,"Pioneer Elementary",95841
"22559",34,76505,6033609,2,2012,31,51.5,"Sierra View Elementary",95660
"22560",34,76505,6033609,3,2012,31,39.1127819548872,"Sierra View Elementary",95660
"22561",34,76505,6033609,4,2012,31,46.5853658536585,"Sierra View Elementary",95660
"22562",34,76505,6033609,5,2012,31,42.0540540540541,"Sierra View Elementary",95660
"22563",34,76505,6033609,6,2012,31,46.5757575757576,"Sierra View Elementary",95660
"22564",34,76505,6033617,2,2012,31,70,"Village Elementary",95660
"22565",34,76505,6033617,3,2012,31,38.7669902912621,"Village Elementary",95660
"22566",34,76505,6033617,4,2012,31,71.156862745098,"Village Elementary",95660
"22567",34,76505,6033617,5,2012,31,40.6689655172414,"Village Elementary",95660
"22568",34,76505,6033617,6,2012,31,51.5803571428571,"Village Elementary",95660
"22569",34,76505,6033617,7,2012,31,36.0233918128655,"Village Elementary",95660
"22570",34,76505,6033617,8,2012,31,26.3711656441718,"Village Elementary",95660
"22571",34,76505,6033617,8,2012,111,33.5,"Village Elementary",95660
"22572",34,76505,6033633,2,2012,31,28.5,"Westside Elementary",95673
"22573",34,76505,6033633,2,2012,111,46.5,"Westside Elementary",95673
"22574",34,76505,6033633,3,2012,31,31.8148148148148,"Westside Elementary",95673
"22575",34,76505,6033633,3,2012,111,71.5,"Westside Elementary",95673
"22576",34,76505,6033633,4,2012,31,46.4375,"Westside Elementary",95673
"22577",34,76505,6033633,4,2012,111,75,"Westside Elementary",95673
"22578",34,76505,6033633,5,2012,31,38.3153846153846,"Westside Elementary",95673
"22579",34,76505,6033633,5,2012,111,61.046875,"Westside Elementary",95673
"22580",34,76505,6033633,6,2012,31,41.9417475728155,"Westside Elementary",95673
"22581",34,76505,6033633,6,2012,111,70,"Westside Elementary",95673
"22582",34,76505,6059232,5,2012,31,37.7309236947791,"Foothill Ranch Middle",95842
"22583",34,76505,6059232,6,2012,31,38.9756097560976,"Foothill Ranch Middle",95842
"22584",34,76505,6059232,6,2012,111,45.5,"Foothill Ranch Middle",95842
"22585",34,76505,6059232,7,2012,31,32.5141955835962,"Foothill Ranch Middle",95842
"22586",34,76505,6059232,7,2012,111,50,"Foothill Ranch Middle",95842
"22587",34,76505,6059232,8,2012,31,24.8005502063274,"Foothill Ranch Middle",95842
"22588",34,76505,6059232,8,2012,111,46.2142857142857,"Foothill Ranch Middle",95842
"22589",34,76505,6059257,5,2012,31,38.9050632911392,"Rio Linda Preparatory Academy",95673
"22590",34,76505,6059257,6,2012,31,42.5,"Rio Linda Preparatory Academy",95673
"22591",34,76505,6059257,7,2012,31,26.4935622317597,"Rio Linda Preparatory Academy",95673
"22592",34,76505,6059257,7,2012,111,59.5,"Rio Linda Preparatory Academy",95673
"22593",34,76505,6059257,8,2012,31,34.3196347031963,"Rio Linda Preparatory Academy",95673
"22594",34,76505,6059257,8,2012,111,41.381679389313,"Rio Linda Preparatory Academy",95673
"22595",34,76505,6059265,6,2012,31,44.9350649350649,"Rio Tierra Junior High",95833
"22596",34,76505,6059265,6,2012,111,65,"Rio Tierra Junior High",95833
"22597",34,76505,6059265,7,2012,31,37.0385756676558,"Rio Tierra Junior High",95833
"22598",34,76505,6059265,7,2012,111,57.7397260273973,"Rio Tierra Junior High",95833
"22599",34,76505,6059265,8,2012,31,29.6323943661972,"Rio Tierra Junior High",95833
"22600",34,76505,6059265,8,2012,111,37.6521739130435,"Rio Tierra Junior High",95833
"22601",34,76505,6066682,2,2012,31,50.9018404907975,"Woodridge Elementary",95842
"22602",34,76505,6066682,3,2012,31,31.1056910569106,"Woodridge Elementary",95842
"22603",34,76505,6066682,4,2012,31,54.6932515337423,"Woodridge Elementary",95842
"22604",34,76505,6105985,2,2012,31,43.5,"Ridgepoint Elementary",95842
"22605",34,76505,6105985,2,2012,111,63.5,"Ridgepoint Elementary",95842
"22606",34,76505,6105985,3,2012,31,48.5,"Ridgepoint Elementary",95842
"22607",34,76505,6105985,3,2012,111,55,"Ridgepoint Elementary",95842
"22608",34,76505,6105985,4,2012,31,48.5047619047619,"Ridgepoint Elementary",95842
"22609",34,76505,6105985,4,2012,111,70,"Ridgepoint Elementary",95842
"22610",34,76505,6105985,5,2012,31,58,"Ridgepoint Elementary",95842
"22611",34,76505,6105985,5,2012,111,82.3333333333333,"Ridgepoint Elementary",95842
"22612",34,76505,6105985,6,2012,31,56,"Ridgepoint Elementary",95842
"22613",34,76505,6105985,6,2012,111,61.5,"Ridgepoint Elementary",95842
"22614",34,76505,6105985,7,2012,31,48,"Ridgepoint Elementary",95842
"22615",34,76505,6105985,7,2012,111,40,"Ridgepoint Elementary",95842
"22616",34,76505,6105985,8,2012,31,45.140350877193,"Ridgepoint Elementary",95842
"22617",34,76505,6105985,8,2012,111,67.2241379310345,"Ridgepoint Elementary",95842
"22618",34,76505,6112064,2,2012,31,54.5,"Foothill Oaks Elementary",95842
"22619",34,76505,6112064,2,2012,111,81.5,"Foothill Oaks Elementary",95842
"22620",34,76505,6112064,3,2012,31,45.9306930693069,"Foothill Oaks Elementary",95842
"22621",34,76505,6112064,3,2012,111,57.6976744186046,"Foothill Oaks Elementary",95842
"22622",34,76505,6112064,4,2012,31,57.2592592592593,"Foothill Oaks Elementary",95842
"22623",34,76505,6112064,4,2012,111,59.5,"Foothill Oaks Elementary",95842
"22624",34,76505,6112064,5,2012,31,54.9047619047619,"Foothill Oaks Elementary",95842
"22625",34,76505,6112064,6,2012,31,49.9444444444444,"Foothill Oaks Elementary",95842
"22626",34,76505,6112064,6,2012,111,82,"Foothill Oaks Elementary",95842
"22627",35,10355,3530037,8,2012,31,20.890243902439,"San Benito County Opportunity",95023
"22628",35,10355,3530037,9,2012,31,9.33333333333333,"San Benito County Opportunity",95023
"22629",35,67470,6035026,2,2012,31,64.5,"Ladd Lane Elementary",95023
"22630",35,67470,6035026,2,2012,111,69.4805194805195,"Ladd Lane Elementary",95023
"22631",35,67470,6035026,3,2012,31,45,"Ladd Lane Elementary",95023
"22632",35,67470,6035026,3,2012,111,81,"Ladd Lane Elementary",95023
"22633",35,67470,6035026,4,2012,31,65.5,"Ladd Lane Elementary",95023
"22634",35,67470,6035026,4,2012,111,83.5,"Ladd Lane Elementary",95023
"22635",35,67470,6035026,5,2012,31,48.9350649350649,"Ladd Lane Elementary",95023
"22636",35,67470,6035026,5,2012,111,72.3195266272189,"Ladd Lane Elementary",95023
"22637",35,67470,6035026,6,2012,31,31,"Ladd Lane Elementary",95023
"22638",35,67470,6035026,6,2012,111,53,"Ladd Lane Elementary",95023
"22639",35,67470,6035034,2,2012,31,32.4976744186047,"R. O. Hardin Elementary",95023
"22640",35,67470,6035034,3,2012,31,38.5589743589744,"R. O. Hardin Elementary",95023
"22641",35,67470,6035034,4,2012,31,50.5191256830601,"R. O. Hardin Elementary",95023
"22642",35,67470,6035034,5,2012,31,38.7044673539519,"R. O. Hardin Elementary",95023
"22643",35,67470,6035034,6,2012,31,47.5,"R. O. Hardin Elementary",95023
"22644",35,67470,6035042,2,2012,31,52,"Sunnyslope Elementary",95023
"22645",35,67470,6035042,2,2012,111,67.5,"Sunnyslope Elementary",95023
"22646",35,67470,6035042,3,2012,31,54.8206896551724,"Sunnyslope Elementary",95023
"22647",35,67470,6035042,3,2012,111,77,"Sunnyslope Elementary",95023
"22648",35,67470,6035042,4,2012,31,47.4344827586207,"Sunnyslope Elementary",95023
"22649",35,67470,6035042,4,2012,111,48,"Sunnyslope Elementary",95023
"22650",35,67470,6035042,5,2012,31,32.3157894736842,"Sunnyslope Elementary",95023
"22651",35,67470,6035042,5,2012,111,59,"Sunnyslope Elementary",95023
"22652",35,67470,6035042,6,2012,31,31,"Sunnyslope Elementary",95023
"22653",35,67470,6035042,6,2012,111,54.5,"Sunnyslope Elementary",95023
"22654",35,67470,6071088,7,2012,31,39.3386581469649,"Rancho San Justo",95023
"22655",35,67470,6071088,7,2012,111,53.6792452830189,"Rancho San Justo",95023
"22656",35,67470,6071088,8,2012,31,33.5938144329897,"Rancho San Justo",95023
"22657",35,67470,6071088,8,2012,111,55.6777777777778,"Rancho San Justo",95023
"22658",35,67470,6104509,2,2012,31,24.5,"Calaveras Elementary",95023
"22659",35,67470,6104509,2,2012,111,25,"Calaveras Elementary",95023
"22660",35,67470,6104509,3,2012,31,28.5,"Calaveras Elementary",95023
"22661",35,67470,6104509,4,2012,31,24.5,"Calaveras Elementary",95023
"22662",35,67470,6104509,5,2012,31,24.6666666666667,"Calaveras Elementary",95023
"22663",35,67470,6104509,6,2012,31,8.54838709677419,"Calaveras Elementary",95023
"22664",35,67470,6104509,6,2012,111,26.5,"Calaveras Elementary",95023
"22665",35,67470,6104509,7,2012,31,61.5,"Calaveras Elementary",95023
"22666",35,67470,6104509,8,2012,31,19.2631578947368,"Calaveras Elementary",95023
"22667",35,67470,6107338,2,2012,31,49,"Cerra Vista Elementary",95023
"22668",35,67470,6107338,2,2012,111,57.5,"Cerra Vista Elementary",95023
"22669",35,67470,6107338,3,2012,31,43,"Cerra Vista Elementary",95023
"22670",35,67470,6107338,3,2012,111,71.5,"Cerra Vista Elementary",95023
"22671",35,67470,6107338,4,2012,31,63,"Cerra Vista Elementary",95023
"22672",35,67470,6107338,4,2012,111,76,"Cerra Vista Elementary",95023
"22673",35,67470,6107338,5,2012,31,50,"Cerra Vista Elementary",95023
"22674",35,67470,6107338,5,2012,111,75,"Cerra Vista Elementary",95023
"22675",35,67470,6107338,6,2012,31,46.5,"Cerra Vista Elementary",95023
"22676",35,67470,6107338,6,2012,111,68,"Cerra Vista Elementary",95023
"22677",35,67470,6112320,7,2012,31,33.2738853503185,"Maze Middle",95023
"22678",35,67470,6112320,7,2012,111,57.3684210526316,"Maze Middle",95023
"22679",35,67470,6112320,8,2012,31,45.0649717514124,"Maze Middle",95023
"22680",35,67470,6112320,8,2012,111,76.0551724137931,"Maze Middle",95023
"22681",35,67470,6114557,2,2012,31,45,"Gabilan Hills",95023
"22682",35,67470,6114557,3,2012,31,29.4235294117647,"Gabilan Hills",95023
"22683",35,67470,6114557,3,2012,111,48.24,"Gabilan Hills",95023
"22684",35,67470,6114557,4,2012,31,52,"Gabilan Hills",95023
"22685",35,67470,6114557,4,2012,111,88,"Gabilan Hills",95023
"22686",35,67470,6114557,5,2012,31,32,"Gabilan Hills",95023
"22687",35,67470,6114557,5,2012,111,62,"Gabilan Hills",95023
"22688",35,67470,6114557,6,2012,31,42,"Gabilan Hills",95023
"22689",35,67470,6114557,6,2012,111,61.5,"Gabilan Hills",95023
"22690",35,67504,6095202,2,2012,31,44,"Spring Grove Elementary",95023
"22691",35,67504,6095202,2,2012,111,66.5,"Spring Grove Elementary",95023
"22692",35,67504,6095202,3,2012,31,39.3529411764706,"Spring Grove Elementary",95023
"22693",35,67504,6095202,3,2012,111,66.6274509803922,"Spring Grove Elementary",95023
"22694",35,67504,6095202,4,2012,31,63.5,"Spring Grove Elementary",95023
"22695",35,67504,6095202,4,2012,111,72.6521739130435,"Spring Grove Elementary",95023
"22696",35,67504,6095202,5,2012,31,59.39,"Spring Grove Elementary",95023
"22697",35,67504,6095202,5,2012,111,74.7401129943503,"Spring Grove Elementary",95023
"22698",35,67504,6095202,6,2012,31,62.1,"Spring Grove Elementary",95023
"22699",35,67504,6095202,6,2012,111,76,"Spring Grove Elementary",95023
"22700",35,67504,6095202,7,2012,31,56.7826086956522,"Spring Grove Elementary",95023
"22701",35,67504,6095202,7,2012,111,79.04,"Spring Grove Elementary",95023
"22702",35,67504,6095202,8,2012,31,68.1,"Spring Grove Elementary",95023
"22703",35,67504,6095202,8,2012,111,72.7980295566502,"Spring Grove Elementary",95023
"22704",35,67538,3530029,10,2012,31,6.75555555555556,"San Andreas Continuation High",95023
"22705",35,67538,3530029,10,2012,111,9.53658536585366,"San Andreas Continuation High",95023
"22706",35,67538,3530029,11,2012,31,10,"San Andreas Continuation High",95023
"22707",35,67538,3530029,11,2012,111,21.9166666666667,"San Andreas Continuation High",95023
"22708",35,67538,3537008,9,2012,31,35.1593011305241,"San Benito High",95023
"22709",35,67538,3537008,9,2012,111,53.9321305841924,"San Benito High",95023
"22710",35,67538,3537008,10,2012,31,37.8757596218771,"San Benito High",95023
"22711",35,67538,3537008,10,2012,111,53.5113989637306,"San Benito High",95023
"22712",35,67538,3537008,11,2012,31,32.050176056338,"San Benito High",95023
"22713",35,67538,3537008,11,2012,111,47.6824234354194,"San Benito High",95023
"22714",35,67553,6035133,2,2012,111,81,"Southside Elementary",95023
"22715",35,67553,6035133,3,2012,111,90,"Southside Elementary",95023
"22716",35,67553,6035133,4,2012,111,91,"Southside Elementary",95023
"22717",35,67553,6035133,5,2012,111,93.3333333333333,"Southside Elementary",95023
"22718",35,67553,6035133,6,2012,31,41.5,"Southside Elementary",95023
"22719",35,67553,6035133,6,2012,111,86.5,"Southside Elementary",95023
"22720",35,67553,6035133,7,2012,111,94,"Southside Elementary",95023
"22721",35,67553,6035133,8,2012,111,67.25,"Southside Elementary",95023
"22722",35,67561,6035141,2,2012,111,45.5,"Tres Pinos Elementary",95075
"22723",35,67561,6035141,3,2012,111,38.5,"Tres Pinos Elementary",95075
"22724",35,67561,6035141,4,2012,111,36,"Tres Pinos Elementary",95075
"22725",35,67561,6035141,5,2012,111,64,"Tres Pinos Elementary",95075
"22726",35,67561,6035141,6,2012,111,57,"Tres Pinos Elementary",95075
"22727",35,67561,6035141,7,2012,111,64,"Tres Pinos Elementary",95075
"22728",35,67561,6035141,8,2012,111,47.030303030303,"Tres Pinos Elementary",95075
"22729",35,75259,3530060,9,2012,31,32.7103825136612,"Anzar High",95045
"22730",35,75259,3530060,9,2012,111,59.9615384615385,"Anzar High",95045
"22731",35,75259,3530060,10,2012,31,21.2971428571429,"Anzar High",95045
"22732",35,75259,3530060,10,2012,111,51.2461538461538,"Anzar High",95045
"22733",35,75259,3530060,11,2012,31,20.8484848484848,"Anzar High",95045
"22734",35,75259,3530060,11,2012,111,46.3028571428571,"Anzar High",95045
"22735",35,75259,6035117,2,2012,31,50,"San Juan",95045
"22736",35,75259,6035117,3,2012,31,47,"San Juan",95045
"22737",35,75259,6035117,4,2012,31,49.1754385964912,"San Juan",95045
"22738",35,75259,6035117,5,2012,31,44,"San Juan",95045
"22739",35,75259,6035117,5,2012,111,70,"San Juan",95045
"22740",35,75259,6035117,6,2012,31,48,"San Juan",95045
"22741",35,75259,6035117,6,2012,111,78,"San Juan",95045
"22742",35,75259,6035117,7,2012,31,49.327868852459,"San Juan",95045
"22743",35,75259,6035117,7,2012,111,58.7931034482759,"San Juan",95045
"22744",35,75259,6035117,8,2012,31,35.4054054054054,"San Juan",95045
"22745",35,75259,6035117,8,2012,111,50.7910447761194,"San Juan",95045
"22746",35,75259,6049654,2,2012,31,39,"Aromas",95004
"22747",35,75259,6049654,2,2012,111,64,"Aromas",95004
"22748",35,75259,6049654,3,2012,31,54,"Aromas",95004
"22749",35,75259,6049654,3,2012,111,85.5,"Aromas",95004
"22750",35,75259,6049654,4,2012,31,39,"Aromas",95004
"22751",35,75259,6049654,4,2012,111,75,"Aromas",95004
"22752",35,75259,6049654,5,2012,31,55,"Aromas",95004
"22753",35,75259,6049654,5,2012,111,82.2903225806452,"Aromas",95004
"22754",35,75259,6049654,6,2012,31,43.5,"Aromas",95004
"22755",35,75259,6049654,6,2012,111,72.5,"Aromas",95004
"22756",35,75259,6049654,7,2012,31,48.7142857142857,"Aromas",95004
"22757",35,75259,6049654,7,2012,111,42.1153846153846,"Aromas",95004
"22758",35,75259,6049654,8,2012,31,42.8807339449541,"Aromas",95004
"22759",35,75259,6049654,8,2012,111,46.2857142857143,"Aromas",95004
"22760",36,67587,107433,7,2012,31,22.4906444906445,"Columbia Middle",92301
"22761",36,67587,107433,8,2012,31,30.9070227497527,"Columbia Middle",92301
"22762",36,67587,112086,2,2012,31,45,"West Creek Elementary",92395
"22763",36,67587,112086,3,2012,31,41.0733944954128,"West Creek Elementary",92395
"22764",36,67587,112086,3,2012,111,45.5,"West Creek Elementary",92395
"22765",36,67587,112086,4,2012,31,57.5486725663717,"West Creek Elementary",92395
"22766",36,67587,112086,5,2012,31,48.7441860465116,"West Creek Elementary",92395
"22767",36,67587,112086,5,2012,111,71.3333333333333,"West Creek Elementary",92395
"22768",36,67587,112086,6,2012,31,39.5,"West Creek Elementary",92395
"22769",36,67587,112086,6,2012,111,75,"West Creek Elementary",92395
"22770",36,67587,6106694,2,2012,31,28.5242290748899,"Westside Park Elementary",92301
"22771",36,67587,6106694,3,2012,31,38.5,"Westside Park Elementary",92301
"22772",36,67587,6106694,4,2012,31,53.0531914893617,"Westside Park Elementary",92301
"22773",36,67587,6106694,5,2012,31,34.3333333333333,"Westside Park Elementary",92301
"22774",36,67587,6106694,6,2012,31,35,"Westside Park Elementary",92301
"22775",36,67587,6116370,7,2012,31,33.3926767676768,"Mesa Linda Middle",92392
"22776",36,67587,6116370,7,2012,111,51.7372262773723,"Mesa Linda Middle",92392
"22777",36,67587,6116370,8,2012,31,31.9508896797153,"Mesa Linda Middle",92392
"22778",36,67587,6116370,8,2012,111,48.8395061728395,"Mesa Linda Middle",92392
"22779",36,67595,6035216,2,2012,31,58,"Alta Loma Elementary",91701
"22780",36,67595,6035216,2,2012,111,71,"Alta Loma Elementary",91701
"22781",36,67595,6035216,3,2012,31,40,"Alta Loma Elementary",91701
"22782",36,67595,6035216,3,2012,111,73,"Alta Loma Elementary",91701
"22783",36,67595,6035216,4,2012,31,86,"Alta Loma Elementary",91701
"22784",36,67595,6035216,4,2012,111,80.5,"Alta Loma Elementary",91701
"22785",36,67595,6035216,5,2012,31,64,"Alta Loma Elementary",91701
"22786",36,67595,6035216,5,2012,111,78.7433628318584,"Alta Loma Elementary",91701
"22787",36,67595,6035216,6,2012,31,56.5,"Alta Loma Elementary",91701
"22788",36,67595,6035216,6,2012,111,70.0659340659341,"Alta Loma Elementary",91701
"22789",36,67595,6035232,2,2012,31,55,"Carnelian Elementary",91701
"22790",36,67595,6035232,2,2012,111,74.5,"Carnelian Elementary",91701
"22791",36,67595,6035232,3,2012,31,57,"Carnelian Elementary",91701
"22792",36,67595,6035232,3,2012,111,76,"Carnelian Elementary",91701
"22793",36,67595,6035232,4,2012,31,86,"Carnelian Elementary",91701
"22794",36,67595,6035232,4,2012,111,86.5223880597015,"Carnelian Elementary",91701
"22795",36,67595,6035232,5,2012,31,69.9125,"Carnelian Elementary",91701
"22796",36,67595,6035232,5,2012,111,90.3142857142857,"Carnelian Elementary",91701
"22797",36,67595,6035232,6,2012,31,53,"Carnelian Elementary",91701
"22798",36,67595,6035232,6,2012,111,84.010752688172,"Carnelian Elementary",91701
"22799",36,67595,6094940,2,2012,31,67.5,"Jasper Elementary",91701
"22800",36,67595,6094940,2,2012,111,77,"Jasper Elementary",91701
"22801",36,67595,6094940,3,2012,31,86,"Jasper Elementary",91701
"22802",36,67595,6094940,3,2012,111,72,"Jasper Elementary",91701
"22803",36,67595,6094940,4,2012,31,76,"Jasper Elementary",91701
"22804",36,67595,6094940,4,2012,111,86.4774774774775,"Jasper Elementary",91701
"22805",36,67595,6094940,5,2012,31,52.3384615384615,"Jasper Elementary",91701
"22806",36,67595,6094940,5,2012,111,78.3333333333333,"Jasper Elementary",91701
"22807",36,67595,6094940,6,2012,31,58.6603773584906,"Jasper Elementary",91701
"22808",36,67595,6094940,6,2012,111,79.5267857142857,"Jasper Elementary",91701
"22809",36,67595,6101786,2,2012,31,69,"Deer Canyon Elementary",91701
"22810",36,67595,6101786,2,2012,111,88.5,"Deer Canyon Elementary",91701
"22811",36,67595,6101786,3,2012,31,72.5,"Deer Canyon Elementary",91701
"22812",36,67595,6101786,3,2012,111,82,"Deer Canyon Elementary",91701
"22813",36,67595,6101786,4,2012,31,77.1052631578947,"Deer Canyon Elementary",91701
"22814",36,67595,6101786,4,2012,111,89.4789915966387,"Deer Canyon Elementary",91701
"22815",36,67595,6101786,5,2012,31,93,"Deer Canyon Elementary",91701
"22816",36,67595,6101786,5,2012,111,86.6666666666667,"Deer Canyon Elementary",91701
"22817",36,67595,6101786,6,2012,31,60,"Deer Canyon Elementary",91701
"22818",36,67595,6101786,6,2012,111,71.5,"Deer Canyon Elementary",91701
"22819",36,67595,6104475,2,2012,31,58.5,"Hermosa Elementary",91737
"22820",36,67595,6104475,2,2012,111,90,"Hermosa Elementary",91737
"22821",36,67595,6104475,3,2012,31,44.2978723404255,"Hermosa Elementary",91737
"22822",36,67595,6104475,3,2012,111,79.5,"Hermosa Elementary",91737
"22823",36,67595,6104475,4,2012,31,68,"Hermosa Elementary",91737
"22824",36,67595,6104475,4,2012,111,93.4556962025316,"Hermosa Elementary",91737
"22825",36,67595,6104475,5,2012,31,47.3333333333333,"Hermosa Elementary",91737
"22826",36,67595,6104475,5,2012,111,84.3333333333333,"Hermosa Elementary",91737
"22827",36,67595,6104475,6,2012,31,76.5,"Hermosa Elementary",91737
"22828",36,67595,6104475,6,2012,111,79,"Hermosa Elementary",91737
"22829",36,67595,6108930,7,2012,31,63.5,"Vineyard Junior High",91737
"22830",36,67595,6108930,7,2012,111,75.0375,"Vineyard Junior High",91737
"22831",36,67595,6108930,8,2012,31,64.997920997921,"Vineyard Junior High",91737
"22832",36,67595,6108930,8,2012,111,76.3103448275862,"Vineyard Junior High",91737
"22833",36,67595,6114649,2,2012,31,59,"Banyan Elementary",91737
"22834",36,67595,6114649,2,2012,111,74,"Banyan Elementary",91737
"22835",36,67595,6114649,3,2012,31,52,"Banyan Elementary",91737
"22836",36,67595,6114649,3,2012,111,71.043795620438,"Banyan Elementary",91737
"22837",36,67595,6114649,4,2012,31,61,"Banyan Elementary",91737
"22838",36,67595,6114649,4,2012,111,84.5,"Banyan Elementary",91737
"22839",36,67595,6114649,5,2012,31,56,"Banyan Elementary",91737
"22840",36,67595,6114649,5,2012,111,77.3377483443709,"Banyan Elementary",91737
"22841",36,67595,6114649,6,2012,31,58,"Banyan Elementary",91737
"22842",36,67595,6114649,6,2012,111,75,"Banyan Elementary",91737
"22843",36,67611,3630712,9,2012,31,5.45714285714286,"Central High (Continuation)",92311
"22844",36,67611,3630712,10,2012,31,6,"Central High (Continuation)",92311
"22845",36,67611,3630712,10,2012,111,2.04081632653061,"Central High (Continuation)",92311
"22846",36,67611,3630712,11,2012,31,4.5,"Central High (Continuation)",92311
"22847",36,67611,3630712,11,2012,111,2.5,"Central High (Continuation)",92311
"22848",36,67611,3630803,9,2012,31,28.6823161189358,"Barstow High",92311
"22849",36,67611,3630803,9,2012,111,50.1957104557641,"Barstow High",92311
"22850",36,67611,3630803,10,2012,31,20.713200379867,"Barstow High",92311
"22851",36,67611,3630803,10,2012,111,42.1569230769231,"Barstow High",92311
"22852",36,67611,3630803,11,2012,31,24.0583468395462,"Barstow High",92311
"22853",36,67611,3630803,11,2012,111,35.2710997442455,"Barstow High",92311
"22854",36,67611,6035299,2,2012,31,61.5,"Cameron Elementary",92311
"22855",36,67611,6035299,2,2012,111,81,"Cameron Elementary",92311
"22856",36,67611,6035299,3,2012,31,54.6237623762376,"Cameron Elementary",92311
"22857",36,67611,6035299,3,2012,111,92.5,"Cameron Elementary",92311
"22858",36,67611,6035299,4,2012,31,64.5,"Cameron Elementary",92311
"22859",36,67611,6035299,4,2012,111,90.5,"Cameron Elementary",92311
"22860",36,67611,6035299,5,2012,31,41.2571428571429,"Cameron Elementary",92311
"22861",36,67611,6035299,5,2012,111,64,"Cameron Elementary",92311
"22862",36,67611,6035299,6,2012,31,44,"Cameron Elementary",92311
"22863",36,67611,6035299,6,2012,111,79,"Cameron Elementary",92311
"22864",36,67611,6035307,2,2012,31,39,"Crestline Elementary",92311
"22865",36,67611,6035307,2,2012,111,58,"Crestline Elementary",92311
"22866",36,67611,6035307,3,2012,31,41.5,"Crestline Elementary",92311
"22867",36,67611,6035307,3,2012,111,70.5,"Crestline Elementary",92311
"22868",36,67611,6035307,4,2012,31,39,"Crestline Elementary",92311
"22869",36,67611,6035307,5,2012,31,32.3333333333333,"Crestline Elementary",92311
"22870",36,67611,6035307,6,2012,31,33.9902912621359,"Crestline Elementary",92311
"22871",36,67611,6035349,2,2012,31,45,"Henderson Elementary",92311
"22872",36,67611,6035349,2,2012,111,72,"Henderson Elementary",92311
"22873",36,67611,6035349,3,2012,31,39,"Henderson Elementary",92311
"22874",36,67611,6035349,3,2012,111,50,"Henderson Elementary",92311
"22875",36,67611,6035349,4,2012,31,58.5,"Henderson Elementary",92311
"22876",36,67611,6035349,4,2012,111,71,"Henderson Elementary",92311
"22877",36,67611,6035349,5,2012,31,66.3333333333333,"Henderson Elementary",92311
"22878",36,67611,6035349,5,2012,111,86,"Henderson Elementary",92311
"22879",36,67611,6035349,6,2012,31,56.5,"Henderson Elementary",92311
"22880",36,67611,6035349,6,2012,111,83,"Henderson Elementary",92311
"22881",36,67611,6035372,2,2012,31,62.5,"Lenwood Elementary",92311
"22882",36,67611,6035372,3,2012,31,54.5,"Lenwood Elementary",92311
"22883",36,67611,6035372,4,2012,31,57.433734939759,"Lenwood Elementary",92311
"22884",36,67611,6035372,5,2012,31,38.6666666666667,"Lenwood Elementary",92311
"22885",36,67611,6035372,6,2012,31,36,"Lenwood Elementary",92311
"22886",36,67611,6035380,2,2012,31,60,"Montara Elementary",92311
"22887",36,67611,6035380,2,2012,111,73,"Montara Elementary",92311
"22888",36,67611,6035380,3,2012,31,36.5,"Montara Elementary",92311
"22889",36,67611,6035380,3,2012,111,64,"Montara Elementary",92311
"22890",36,67611,6035380,4,2012,31,49,"Montara Elementary",92311
"22891",36,67611,6035380,4,2012,111,69,"Montara Elementary",92311
"22892",36,67611,6035380,5,2012,31,53.3333333333333,"Montara Elementary",92311
"22893",36,67611,6035380,5,2012,111,61.5915492957746,"Montara Elementary",92311
"22894",36,67611,6035380,6,2012,31,49.045045045045,"Montara Elementary",92311
"22895",36,67611,6035414,2,2012,31,53.5,"Skyline North Elementary",92311
"22896",36,67611,6035414,2,2012,111,78,"Skyline North Elementary",92311
"22897",36,67611,6035414,3,2012,31,58,"Skyline North Elementary",92311
"22898",36,67611,6035414,3,2012,111,83.5,"Skyline North Elementary",92311
"22899",36,67611,6035414,4,2012,31,75,"Skyline North Elementary",92311
"22900",36,67611,6035414,4,2012,111,83.5,"Skyline North Elementary",92311
"22901",36,67611,6035414,5,2012,31,74.6666666666667,"Skyline North Elementary",92311
"22902",36,67611,6035414,5,2012,111,94,"Skyline North Elementary",92311
"22903",36,67611,6035414,6,2012,31,66.5,"Skyline North Elementary",92311
"22904",36,67611,6035414,6,2012,111,91,"Skyline North Elementary",92311
"22905",36,67611,6098537,7,2012,31,48,"Barstow Junior High",92311
"22906",36,67611,6098537,7,2012,111,72.9945355191257,"Barstow Junior High",92311
"22907",36,67611,6098537,8,2012,31,40.7417289220918,"Barstow Junior High",92311
"22908",36,67611,6098537,8,2012,111,55.7277353689567,"Barstow Junior High",92311
"22909",36,67637,6035463,7,2012,31,48.8285714285714,"Big Bear Middle",92315
"22910",36,67637,6035463,7,2012,111,78.4628099173554,"Big Bear Middle",92315
"22911",36,67637,6035463,8,2012,31,54.7371428571429,"Big Bear Middle",92315
"22912",36,67637,6035463,8,2012,111,72.0272727272727,"Big Bear Middle",92315
"22913",36,67637,6067052,2,2012,31,41.5,"North Shore Elementary",92315
"22914",36,67637,6067052,2,2012,111,66,"North Shore Elementary",92315
"22915",36,67637,6067052,3,2012,31,38.5,"North Shore Elementary",92315
"22916",36,67637,6067052,3,2012,111,83,"North Shore Elementary",92315
"22917",36,67637,6067052,4,2012,31,60.4157303370786,"North Shore Elementary",92315
"22918",36,67637,6067052,4,2012,111,69.5,"North Shore Elementary",92315
"22919",36,67637,6067052,5,2012,31,70.9677419354839,"North Shore Elementary",92315
"22920",36,67637,6067052,5,2012,111,84.3333333333333,"North Shore Elementary",92315
"22921",36,67637,6067052,6,2012,31,54.5087719298246,"North Shore Elementary",92315
"22922",36,67637,6105936,2,2012,31,59,"Big Bear Elementary",92315
"22923",36,67637,6105936,2,2012,111,82.5,"Big Bear Elementary",92315
"22924",36,67637,6105936,3,2012,31,56.5,"Big Bear Elementary",92315
"22925",36,67637,6105936,3,2012,111,85.7714285714286,"Big Bear Elementary",92315
"22926",36,67637,6105936,4,2012,31,52.4057971014493,"Big Bear Elementary",92315
"22927",36,67637,6105936,5,2012,31,45.6075949367089,"Big Bear Elementary",92315
"22928",36,67637,6105936,5,2012,111,75.3333333333333,"Big Bear Elementary",92315
"22929",36,67637,6105936,6,2012,31,61.5,"Big Bear Elementary",92315
"22930",36,67637,6105936,6,2012,111,79,"Big Bear Elementary",92315
"22931",36,67645,6035489,2,2012,31,61,"Central Elementary",91730
"22932",36,67645,6035489,2,2012,111,73.5,"Central Elementary",91730
"22933",36,67645,6035489,3,2012,31,61.1294117647059,"Central Elementary",91730
"22934",36,67645,6035489,3,2012,111,80.5,"Central Elementary",91730
"22935",36,67645,6035489,4,2012,31,61.9690721649485,"Central Elementary",91730
"22936",36,67645,6035489,4,2012,111,76,"Central Elementary",91730
"22937",36,67645,6035489,5,2012,31,57.3333333333333,"Central Elementary",91730
"22938",36,67645,6035489,5,2012,111,77.6666666666667,"Central Elementary",91730
"22939",36,67645,6035497,6,2012,31,53,"Cucamonga Middle",91730
"22940",36,67645,6035497,6,2012,111,64.5,"Cucamonga Middle",91730
"22941",36,67645,6035497,7,2012,31,46.4870689655172,"Cucamonga Middle",91730
"22942",36,67645,6035497,7,2012,111,70.4230769230769,"Cucamonga Middle",91730
"22943",36,67645,6035497,8,2012,31,57.4159544159544,"Cucamonga Middle",91730
"22944",36,67645,6035497,8,2012,111,76.021113243762,"Cucamonga Middle",91730
"22945",36,67645,6035505,2,2012,31,69.5,"Valle Vista Elementary",91730
"22946",36,67645,6035505,2,2012,111,79,"Valle Vista Elementary",91730
"22947",36,67645,6035505,3,2012,31,70,"Valle Vista Elementary",91730
"22948",36,67645,6035505,3,2012,111,86,"Valle Vista Elementary",91730
"22949",36,67645,6035505,4,2012,31,73,"Valle Vista Elementary",91730
"22950",36,67645,6035505,4,2012,111,85,"Valle Vista Elementary",91730
"22951",36,67645,6035505,5,2012,31,61.3333333333333,"Valle Vista Elementary",91730
"22952",36,67645,6035505,5,2012,111,74,"Valle Vista Elementary",91730
"22953",36,67645,6104525,2,2012,31,86,"Bear Gulch Elementary",91730
"22954",36,67645,6104525,2,2012,111,100,"Bear Gulch Elementary",91730
"22955",36,67645,6104525,3,2012,31,40.5353535353535,"Bear Gulch Elementary",91730
"22956",36,67645,6104525,3,2012,111,55,"Bear Gulch Elementary",91730
"22957",36,67645,6104525,4,2012,31,47.5,"Bear Gulch Elementary",91730
"22958",36,67645,6104525,4,2012,111,62.5,"Bear Gulch Elementary",91730
"22959",36,67645,6104525,5,2012,31,59.3333333333333,"Bear Gulch Elementary",91730
"22960",36,67645,6104525,5,2012,111,74.6666666666667,"Bear Gulch Elementary",91730
"22961",36,67645,6106603,2,2012,31,50,"Coyote Canyon Elementary",91730
"22962",36,67645,6106603,2,2012,111,66,"Coyote Canyon Elementary",91730
"22963",36,67645,6106603,3,2012,31,65.1008403361345,"Coyote Canyon Elementary",91730
"22964",36,67645,6106603,3,2012,111,73.5868263473054,"Coyote Canyon Elementary",91730
"22965",36,67645,6106603,4,2012,31,73,"Coyote Canyon Elementary",91730
"22966",36,67645,6106603,4,2012,111,81.5,"Coyote Canyon Elementary",91730
"22967",36,67645,6110704,5,2012,31,57,"Ruth Musser Middle",91730
"22968",36,67645,6110704,5,2012,111,72.6666666666667,"Ruth Musser Middle",91730
"22969",36,67645,6110704,6,2012,31,58,"Ruth Musser Middle",91730
"22970",36,67645,6110704,6,2012,111,70.9965397923875,"Ruth Musser Middle",91730
"22971",36,67645,6110704,7,2012,31,58.1148936170213,"Ruth Musser Middle",91730
"22972",36,67645,6110704,7,2012,111,68.6,"Ruth Musser Middle",91730
"22973",36,67645,6110704,8,2012,31,60.1492537313433,"Ruth Musser Middle",91730
"22974",36,67645,6110704,8,2012,111,72.0570236439499,"Ruth Musser Middle",91730
"22975",36,67652,3630225,9,2012,31,39.546511627907,"Alta Loma High",91701
"22976",36,67652,3630225,9,2012,111,62.1008028545941,"Alta Loma High",91701
"22977",36,67652,3630225,10,2012,31,46.7116182572614,"Alta Loma High",91701
"22978",36,67652,3630225,10,2012,111,58.084350132626,"Alta Loma High",91701
"22979",36,67652,3630225,11,2012,31,46.4657701711491,"Alta Loma High",91701
"22980",36,67652,3630225,11,2012,111,57.4701931150294,"Alta Loma High",91701
"22981",36,67652,3630373,9,2012,31,51.1452380952381,"Etiwanda High",91739
"22982",36,67652,3630373,9,2012,111,64.6866359447005,"Etiwanda High",91739
"22983",36,67652,3630373,10,2012,31,36.9131109387122,"Etiwanda High",91739
"22984",36,67652,3630373,10,2012,111,56.4136822773186,"Etiwanda High",91739
"22985",36,67652,3630373,11,2012,31,40.0534090909091,"Etiwanda High",91739
"22986",36,67652,3630373,11,2012,111,51.3611111111111,"Etiwanda High",91739
"22987",36,67652,3630571,9,2012,31,53.2269662921348,"Rancho Cucamonga High",91701
"22988",36,67652,3630571,9,2012,111,64.2888178913738,"Rancho Cucamonga High",91701
"22989",36,67652,3630571,10,2012,31,47.7996832937451,"Rancho Cucamonga High",91701
"22990",36,67652,3630571,10,2012,111,61.1737616099071,"Rancho Cucamonga High",91701
"22991",36,67652,3630571,11,2012,31,45.236582694414,"Rancho Cucamonga High",91701
"22992",36,67652,3630571,11,2012,111,59.9408424041647,"Rancho Cucamonga High",91701
"22993",36,67652,3631058,9,2012,31,61.6588235294118,"Los Osos High",91737
"22994",36,67652,3631058,9,2012,111,76.0969660916121,"Los Osos High",91737
"22995",36,67652,3631058,10,2012,31,51.4038231780167,"Los Osos High",91737
"22996",36,67652,3631058,10,2012,111,68.4591732148958,"Los Osos High",91737
"22997",36,67652,3631058,11,2012,31,49.5141509433962,"Los Osos High",91737
"22998",36,67652,3631058,11,2012,111,59.3577235772358,"Los Osos High",91737
"22999",36,67652,3631157,9,2012,31,36.6258637709773,"Colony High",91761
"23000",36,67652,3631157,9,2012,111,46.7481617647059,"Colony High",91761
"23001",36,67652,3631157,10,2012,31,36.7363576594346,"Colony High",91761
"23002",36,67652,3631157,10,2012,111,48.4423440453686,"Colony High",91761
"23003",36,67652,3631157,11,2012,31,35.5028702640643,"Colony High",91761
"23004",36,67652,3631157,11,2012,111,42.6275510204082,"Colony High",91761
"23005",36,67652,3632205,9,2012,31,38.1441253263708,"Chaffey High",91762
"23006",36,67652,3632205,9,2012,111,50.25,"Chaffey High",91762
"23007",36,67652,3632205,10,2012,31,36.5110837438424,"Chaffey High",91762
"23008",36,67652,3632205,10,2012,111,41.937984496124,"Chaffey High",91762
"23009",36,67652,3632205,11,2012,31,36.851814001022,"Chaffey High",91762
"23010",36,67652,3632205,11,2012,111,43.3348623853211,"Chaffey High",91762
"23011",36,67652,3633906,9,2012,31,40.0220048899755,"Montclair High",91763
"23012",36,67652,3633906,9,2012,111,40.7986111111111,"Montclair High",91763
"23013",36,67652,3633906,10,2012,31,36.7758945386064,"Montclair High",91763
"23014",36,67652,3633906,10,2012,111,45.8226837060703,"Montclair High",91763
"23015",36,67652,3633906,11,2012,31,38.4683734939759,"Montclair High",91763
"23016",36,67652,3633906,11,2012,111,41.1635944700461,"Montclair High",91763
"23017",36,67652,3634482,9,2012,31,43.5406698564593,"Ontario High",91762
"23018",36,67652,3634482,9,2012,111,45.1755952380952,"Ontario High",91762
"23019",36,67652,3634482,10,2012,31,32.4828592268417,"Ontario High",91762
"23020",36,67652,3634482,10,2012,111,43.7589743589744,"Ontario High",91762
"23021",36,67652,3634482,11,2012,31,33.2944606413994,"Ontario High",91762
"23022",36,67652,3634482,11,2012,111,42.1304347826087,"Ontario High",91762
"23023",36,67678,100578,2,2012,31,82,"Edwin Rhodes Elementary",91710
"23024",36,67678,100578,2,2012,111,94,"Edwin Rhodes Elementary",91710
"23025",36,67678,100578,3,2012,31,53,"Edwin Rhodes Elementary",91710
"23026",36,67678,100578,3,2012,111,82.5,"Edwin Rhodes Elementary",91710
"23027",36,67678,100578,4,2012,31,85.0338983050847,"Edwin Rhodes Elementary",91710
"23028",36,67678,100578,4,2012,111,85.4820143884892,"Edwin Rhodes Elementary",91710
"23029",36,67678,100578,5,2012,31,96.6666666666667,"Edwin Rhodes Elementary",91710
"23030",36,67678,100578,5,2012,111,96.3333333333333,"Edwin Rhodes Elementary",91710
"23031",36,67678,100578,6,2012,31,88,"Edwin Rhodes Elementary",91710
"23032",36,67678,100578,6,2012,111,90.5036496350365,"Edwin Rhodes Elementary",91710
"23033",36,67678,110726,2,2012,31,49,"Chaparral Elementary",91709
"23034",36,67678,110726,2,2012,111,80.4367816091954,"Chaparral Elementary",91709
"23035",36,67678,110726,3,2012,31,56,"Chaparral Elementary",91709
"23036",36,67678,110726,3,2012,111,73,"Chaparral Elementary",91709
"23037",36,67678,110726,4,2012,31,59,"Chaparral Elementary",91709
"23038",36,67678,110726,4,2012,111,94,"Chaparral Elementary",91709
"23039",36,67678,110726,5,2012,31,64.4148148148148,"Chaparral Elementary",91709
"23040",36,67678,110726,5,2012,111,90.6666666666667,"Chaparral Elementary",91709
"23041",36,67678,110726,6,2012,31,66,"Chaparral Elementary",91709
"23042",36,67678,110726,6,2012,111,74,"Chaparral Elementary",91709
"23043",36,67678,3630035,9,2012,31,32.5628415300546,"Don Antonio Lugo High",91710
"23044",36,67678,3630035,9,2012,111,43.2821428571429,"Don Antonio Lugo High",91710
"23045",36,67678,3630035,10,2012,31,32.6018322762509,"Don Antonio Lugo High",91710
"23046",36,67678,3630035,10,2012,111,45.8313758389262,"Don Antonio Lugo High",91710
"23047",36,67678,3630035,11,2012,31,26.105527638191,"Don Antonio Lugo High",91710
"23048",36,67678,3630035,11,2012,111,41.5084967320261,"Don Antonio Lugo High",91710
"23049",36,67678,3631769,11,2012,31,4.06965174129353,"Buena Vista Continuation High",91710
"23050",36,67678,3631769,11,2012,111,10,"Buena Vista Continuation High",91710
"23051",36,67678,3632502,9,2012,31,32.3635371179039,"Chino High",91710
"23052",36,67678,3632502,9,2012,111,43.5827250608273,"Chino High",91710
"23053",36,67678,3632502,10,2012,31,22.9077117572693,"Chino High",91710
"23054",36,67678,3632502,10,2012,111,35.2582070707071,"Chino High",91710
"23055",36,67678,3632502,11,2012,31,25.5837231057063,"Chino High",91710
"23056",36,67678,3632502,11,2012,111,33.5381715362865,"Chino High",91710
"23057",36,67678,6035513,2,2012,31,58,"E. J. Marshall Elementary",91710
"23058",36,67678,6035513,2,2012,111,54,"E. J. Marshall Elementary",91710
"23059",36,67678,6035513,3,2012,31,51.5,"E. J. Marshall Elementary",91710
"23060",36,67678,6035513,3,2012,111,50,"E. J. Marshall Elementary",91710
"23061",36,67678,6035513,4,2012,31,43.5,"E. J. Marshall Elementary",91710
"23062",36,67678,6035513,4,2012,111,76.9069767441861,"E. J. Marshall Elementary",91710
"23063",36,67678,6035513,5,2012,31,48.3128491620112,"E. J. Marshall Elementary",91710
"23064",36,67678,6035513,5,2012,111,43.3333333333333,"E. J. Marshall Elementary",91710
"23065",36,67678,6035513,6,2012,31,69,"E. J. Marshall Elementary",91710
"23066",36,67678,6035513,6,2012,111,78,"E. J. Marshall Elementary",91710
"23067",36,67678,6035570,2,2012,31,47,"Newman Elementary",91710
"23068",36,67678,6035570,2,2012,111,62.5,"Newman Elementary",91710
"23069",36,67678,6035570,3,2012,31,48.8972972972973,"Newman Elementary",91710
"23070",36,67678,6035570,3,2012,111,70.5,"Newman Elementary",91710
"23071",36,67678,6035570,4,2012,31,62.5,"Newman Elementary",91710
"23072",36,67678,6035570,4,2012,111,72.5,"Newman Elementary",91710
"23073",36,67678,6035570,5,2012,31,50.3430962343096,"Newman Elementary",91710
"23074",36,67678,6035570,5,2012,111,47.6666666666667,"Newman Elementary",91710
"23075",36,67678,6035570,6,2012,31,47.4730538922156,"Newman Elementary",91710
"23076",36,67678,6035570,6,2012,111,56.6265060240964,"Newman Elementary",91710
"23077",36,67678,6035588,2,2012,31,58,"Walnut Avenue Elementary",91710
"23078",36,67678,6035588,2,2012,111,69,"Walnut Avenue Elementary",91710
"23079",36,67678,6035588,3,2012,31,36.5678391959799,"Walnut Avenue Elementary",91710
"23080",36,67678,6035588,3,2012,111,43,"Walnut Avenue Elementary",91710
"23081",36,67678,6035588,4,2012,31,60.4818652849741,"Walnut Avenue Elementary",91710
"23082",36,67678,6035588,4,2012,111,53,"Walnut Avenue Elementary",91710
"23083",36,67678,6035588,5,2012,31,33.9398148148148,"Walnut Avenue Elementary",91710
"23084",36,67678,6035588,5,2012,111,56.3636363636364,"Walnut Avenue Elementary",91710
"23085",36,67678,6035588,6,2012,31,35.4670658682635,"Walnut Avenue Elementary",91710
"23086",36,67678,6035588,6,2012,111,65,"Walnut Avenue Elementary",91710
"23087",36,67678,6059372,7,2012,31,42.0227272727273,"Magnolia Junior High",91710
"23088",36,67678,6059372,7,2012,111,64.4471830985916,"Magnolia Junior High",91710
"23089",36,67678,6059372,8,2012,31,41.6419466975666,"Magnolia Junior High",91710
"23090",36,67678,6059372,8,2012,111,55.264367816092,"Magnolia Junior High",91710
"23091",36,67678,6061840,7,2012,31,41.4676409185804,"Ramona Junior High",91710
"23092",36,67678,6061840,7,2012,111,52.3932584269663,"Ramona Junior High",91710
"23093",36,67678,6061840,8,2012,31,42.8814589665653,"Ramona Junior High",91710
"23094",36,67678,6061840,8,2012,111,57.3783185840708,"Ramona Junior High",91710
"23095",36,67678,6098347,2,2012,31,44.5,"Dickson Elementary",91710
"23096",36,67678,6098347,2,2012,111,58.5,"Dickson Elementary",91710
"23097",36,67678,6098347,3,2012,31,47.0992907801418,"Dickson Elementary",91710
"23098",36,67678,6098347,3,2012,111,55,"Dickson Elementary",91710
"23099",36,67678,6098347,4,2012,31,59.4705882352941,"Dickson Elementary",91710
"23100",36,67678,6098347,4,2012,111,54.5,"Dickson Elementary",91710
"23101",36,67678,6098347,5,2012,31,53.0186046511628,"Dickson Elementary",91710
"23102",36,67678,6098347,5,2012,111,51.6666666666667,"Dickson Elementary",91710
"23103",36,67678,6098347,6,2012,31,49.1891891891892,"Dickson Elementary",91710
"23104",36,67678,6098347,6,2012,111,45,"Dickson Elementary",91710
"23105",36,67678,6098354,2,2012,31,50,"Alicia Cortez Elementary",91710
"23106",36,67678,6098354,2,2012,111,75,"Alicia Cortez Elementary",91710
"23107",36,67678,6098354,3,2012,31,48.5,"Alicia Cortez Elementary",91710
"23108",36,67678,6098354,3,2012,111,67,"Alicia Cortez Elementary",91710
"23109",36,67678,6098354,4,2012,31,64,"Alicia Cortez Elementary",91710
"23110",36,67678,6098354,4,2012,111,82.5,"Alicia Cortez Elementary",91710
"23111",36,67678,6098354,5,2012,31,52.6634146341463,"Alicia Cortez Elementary",91710
"23112",36,67678,6098354,5,2012,111,62.3529411764706,"Alicia Cortez Elementary",91710
"23113",36,67678,6098354,6,2012,31,47.9644970414201,"Alicia Cortez Elementary",91710
"23114",36,67678,6098354,6,2012,111,78.5,"Alicia Cortez Elementary",91710
"23115",36,67678,6102974,2,2012,31,75,"Lyle S. Briggs Fundamental",91710
"23116",36,67678,6102974,2,2012,111,80.5,"Lyle S. Briggs Fundamental",91710
"23117",36,67678,6102974,3,2012,31,62,"Lyle S. Briggs Fundamental",91710
"23118",36,67678,6102974,3,2012,111,66.5,"Lyle S. Briggs Fundamental",91710
"23119",36,67678,6102974,4,2012,31,79.9846153846154,"Lyle S. Briggs Fundamental",91710
"23120",36,67678,6102974,4,2012,111,92.4690265486726,"Lyle S. Briggs Fundamental",91710
"23121",36,67678,6102974,5,2012,31,77.0851063829787,"Lyle S. Briggs Fundamental",91710
"23122",36,67678,6102974,5,2012,111,78,"Lyle S. Briggs Fundamental",91710
"23123",36,67678,6102974,6,2012,31,38.5,"Lyle S. Briggs Fundamental",91710
"23124",36,67678,6102974,6,2012,111,62.5,"Lyle S. Briggs Fundamental",91710
"23125",36,67678,6102974,7,2012,31,52,"Lyle S. Briggs Fundamental",91710
"23126",36,67678,6102974,7,2012,111,61,"Lyle S. Briggs Fundamental",91710
"23127",36,67678,6102974,8,2012,31,56.6502242152466,"Lyle S. Briggs Fundamental",91710
"23128",36,67678,6102974,8,2012,111,78.9442970822281,"Lyle S. Briggs Fundamental",91710
"23129",36,67678,6107288,3,2012,31,71.8227848101266,"Howard Cattle Elementary",91710
"23130",36,67678,6107288,3,2012,111,67.5725190839695,"Howard Cattle Elementary",91710
"23131",36,67678,6107288,4,2012,31,67.4507042253521,"Howard Cattle Elementary",91710
"23132",36,67678,6107288,4,2012,111,86,"Howard Cattle Elementary",91710
"23133",36,67678,6107288,5,2012,31,48.3377483443709,"Howard Cattle Elementary",91710
"23134",36,67678,6107288,5,2012,111,79.01,"Howard Cattle Elementary",91710
"23135",36,67678,6107288,6,2012,31,63.4444444444444,"Howard Cattle Elementary",91710
"23136",36,67678,6107288,6,2012,111,74.5,"Howard Cattle Elementary",91710
"23137",36,67678,6109813,7,2012,31,62.0641025641026,"Canyon Hills Junior High",91709
"23138",36,67678,6109813,7,2012,111,78.4801864801865,"Canyon Hills Junior High",91709
"23139",36,67678,6109813,8,2012,31,71.928125,"Canyon Hills Junior High",91709
"23140",36,67678,6109813,8,2012,111,82.3780821917808,"Canyon Hills Junior High",91709
"23141",36,67686,3630399,7,2012,31,6.5,"Washington High",92324
"23142",36,67686,3630399,8,2012,31,7.75949367088608,"Washington High",92324
"23143",36,67686,3630399,9,2012,31,7.51546391752577,"Washington High",92324
"23144",36,67686,3630399,10,2012,31,8,"Washington High",92324
"23145",36,67686,3630399,10,2012,111,13,"Washington High",92324
"23146",36,67686,3630399,11,2012,31,17.9411764705882,"Washington High",92324
"23147",36,67686,3631322,9,2012,31,27.909661229611,"Bloomington High",92316
"23148",36,67686,3631322,9,2012,111,38.8579710144928,"Bloomington High",92316
"23149",36,67686,3631322,10,2012,31,27.9235344095157,"Bloomington High",92316
"23150",36,67686,3631322,10,2012,111,34.0376344086022,"Bloomington High",92316
"23151",36,67686,3631322,11,2012,31,29.2356215213358,"Bloomington High",92316
"23152",36,67686,3631322,11,2012,111,38.3441176470588,"Bloomington High",92316
"23153",36,67686,3632742,9,2012,31,26.5928008998875,"Colton High",92324
"23154",36,67686,3632742,9,2012,111,40.3686006825939,"Colton High",92324
"23155",36,67686,3632742,10,2012,31,20.5117029862793,"Colton High",92324
"23156",36,67686,3632742,10,2012,111,29.873417721519,"Colton High",92324
"23157",36,67686,3632742,11,2012,31,23.6738562091503,"Colton High",92324
"23158",36,67686,3632742,11,2012,111,30.5994065281899,"Colton High",92324
"23159",36,67686,6035604,2,2012,31,54,"Crestmore Elementary",92316
"23160",36,67686,6035604,3,2012,31,37.1101321585903,"Crestmore Elementary",92316
"23161",36,67686,6035604,3,2012,111,31.5,"Crestmore Elementary",92316
"23162",36,67686,6035604,4,2012,31,49.0048780487805,"Crestmore Elementary",92316
"23163",36,67686,6035604,5,2012,31,38.2965517241379,"Crestmore Elementary",92316
"23164",36,67686,6035604,6,2012,31,39,"Crestmore Elementary",92316
"23165",36,67686,6035604,6,2012,111,78,"Crestmore Elementary",92316
"23166",36,67686,6035620,2,2012,31,69.5,"Grand Terrace Elementary",92313
"23167",36,67686,6035620,2,2012,111,90.5,"Grand Terrace Elementary",92313
"23168",36,67686,6035620,3,2012,31,49.763358778626,"Grand Terrace Elementary",92313
"23169",36,67686,6035620,3,2012,111,73.0677966101695,"Grand Terrace Elementary",92313
"23170",36,67686,6035620,4,2012,31,44,"Grand Terrace Elementary",92313
"23171",36,67686,6035620,4,2012,111,80.5,"Grand Terrace Elementary",92313
"23172",36,67686,6035620,5,2012,31,55.0361445783133,"Grand Terrace Elementary",92313
"23173",36,67686,6035620,5,2012,111,65.3333333333333,"Grand Terrace Elementary",92313
"23174",36,67686,6035620,6,2012,31,43,"Grand Terrace Elementary",92313
"23175",36,67686,6035620,6,2012,111,59,"Grand Terrace Elementary",92313
"23176",36,67686,6035687,2,2012,31,55.5448275862069,"Ruth Grimes Elementary",92316
"23177",36,67686,6035687,3,2012,31,49.5,"Ruth Grimes Elementary",92316
"23178",36,67686,6035687,4,2012,31,59,"Ruth Grimes Elementary",92316
"23179",36,67686,6035687,5,2012,31,54.6666666666667,"Ruth Grimes Elementary",92316
"23180",36,67686,6035687,6,2012,31,31.976,"Ruth Grimes Elementary",92316
"23181",36,67686,6035687,6,2012,111,31.5,"Ruth Grimes Elementary",92316
"23182",36,67686,6035703,7,2012,31,50.5454545454545,"Terrace Hills Middle",92313
"23183",36,67686,6035703,7,2012,111,67.1655629139073,"Terrace Hills Middle",92313
"23184",36,67686,6035703,8,2012,31,41.365251727542,"Terrace Hills Middle",92313
"23185",36,67686,6035703,8,2012,111,60.7762557077626,"Terrace Hills Middle",92313
"23186",36,67686,6035711,2,2012,31,80,"Terrace View Elementary",92313
"23187",36,67686,6035711,2,2012,111,77,"Terrace View Elementary",92313
"23188",36,67686,6035711,3,2012,31,69,"Terrace View Elementary",92313
"23189",36,67686,6035711,3,2012,111,73.8115942028985,"Terrace View Elementary",92313
"23190",36,67686,6035711,4,2012,31,57.4948453608247,"Terrace View Elementary",92313
"23191",36,67686,6035711,4,2012,111,82,"Terrace View Elementary",92313
"23192",36,67686,6035711,5,2012,31,61.3333333333333,"Terrace View Elementary",92313
"23193",36,67686,6035711,5,2012,111,65.6666666666667,"Terrace View Elementary",92313
"23194",36,67686,6035711,6,2012,31,31.5,"Terrace View Elementary",92313
"23195",36,67686,6035711,6,2012,111,49.5,"Terrace View Elementary",92313
"23196",36,67686,6061857,7,2012,31,42.9960264900662,"Colton Middle",92324
"23197",36,67686,6061857,7,2012,111,60.8943089430894,"Colton Middle",92324
"23198",36,67686,6061857,8,2012,31,30.6311239193084,"Colton Middle",92324
"23199",36,67686,6061857,8,2012,111,41.9764150943396,"Colton Middle",92324
"23200",36,67686,6107452,2,2012,31,62.5,"Reche Canyon Elementary",92324
"23201",36,67686,6107452,2,2012,111,84.5,"Reche Canyon Elementary",92324
"23202",36,67686,6107452,3,2012,31,51,"Reche Canyon Elementary",92324
"23203",36,67686,6107452,3,2012,111,64.5,"Reche Canyon Elementary",92324
"23204",36,67686,6107452,4,2012,31,61,"Reche Canyon Elementary",92324
"23205",36,67686,6107452,4,2012,111,73.5,"Reche Canyon Elementary",92324
"23206",36,67686,6107452,5,2012,31,60.3313953488372,"Reche Canyon Elementary",92324
"23207",36,67686,6107452,5,2012,111,70,"Reche Canyon Elementary",92324
"23208",36,67686,6107452,6,2012,31,39.5,"Reche Canyon Elementary",92324
"23209",36,67686,6107452,6,2012,111,61,"Reche Canyon Elementary",92324
"23210",36,67686,6108831,2,2012,31,40,"Jurupa Vista Elementary",92337
"23211",36,67686,6108831,2,2012,111,59,"Jurupa Vista Elementary",92337
"23212",36,67686,6108831,3,2012,31,48,"Jurupa Vista Elementary",92337
"23213",36,67686,6108831,3,2012,111,62.5,"Jurupa Vista Elementary",92337
"23214",36,67686,6108831,4,2012,31,59.5044247787611,"Jurupa Vista Elementary",92337
"23215",36,67686,6108831,4,2012,111,73,"Jurupa Vista Elementary",92337
"23216",36,67686,6108831,5,2012,31,51.6823529411765,"Jurupa Vista Elementary",92337
"23217",36,67686,6108831,5,2012,111,70.3333333333333,"Jurupa Vista Elementary",92337
"23218",36,67686,6108831,6,2012,31,56.4375,"Jurupa Vista Elementary",92337
"23219",36,67686,6108831,6,2012,111,70.5,"Jurupa Vista Elementary",92337
"23220",36,67686,6110142,2,2012,31,50.5,"Cooley Ranch Elementary",92324
"23221",36,67686,6110142,2,2012,111,72,"Cooley Ranch Elementary",92324
"23222",36,67686,6110142,3,2012,31,48.6016260162602,"Cooley Ranch Elementary",92324
"23223",36,67686,6110142,3,2012,111,70.5,"Cooley Ranch Elementary",92324
"23224",36,67686,6110142,4,2012,31,45.5044247787611,"Cooley Ranch Elementary",92324
"23225",36,67686,6110142,4,2012,111,74.5,"Cooley Ranch Elementary",92324
"23226",36,67686,6110142,5,2012,31,69.6666666666667,"Cooley Ranch Elementary",92324
"23227",36,67686,6110142,5,2012,111,68.3333333333333,"Cooley Ranch Elementary",92324
"23228",36,67686,6110142,6,2012,31,57.8349514563107,"Cooley Ranch Elementary",92324
"23229",36,67686,6110142,6,2012,111,70,"Cooley Ranch Elementary",92324
"23230",36,67694,6035752,2,2012,31,43.5,"Cucamonga Elementary",91730
"23231",36,67694,6035752,3,2012,31,32,"Cucamonga Elementary",91730
"23232",36,67694,6035752,4,2012,31,59.0077519379845,"Cucamonga Elementary",91730
"23233",36,67694,6035752,4,2012,111,95.5,"Cucamonga Elementary",91730
"23234",36,67694,6035752,5,2012,31,37.6666666666667,"Cucamonga Elementary",91730
"23235",36,67694,6035760,2,2012,31,63.5,"Los Amigos Elementary",91730
"23236",36,67694,6035760,2,2012,111,73,"Los Amigos Elementary",91730
"23237",36,67694,6035760,3,2012,31,51,"Los Amigos Elementary",91730
"23238",36,67694,6035760,4,2012,31,66.0357142857143,"Los Amigos Elementary",91730
"23239",36,67694,6035760,4,2012,111,70,"Los Amigos Elementary",91730
"23240",36,67694,6035760,5,2012,31,58.9945054945055,"Los Amigos Elementary",91730
"23241",36,67694,6097646,6,2012,31,43.990099009901,"Rancho Cucamonga Middle",91730
"23242",36,67694,6097646,6,2012,111,68,"Rancho Cucamonga Middle",91730
"23243",36,67694,6097646,7,2012,31,50.9901234567901,"Rancho Cucamonga Middle",91730
"23244",36,67694,6097646,7,2012,111,56.5,"Rancho Cucamonga Middle",91730
"23245",36,67694,6097646,8,2012,31,57.6946169772257,"Rancho Cucamonga Middle",91730
"23246",36,67694,6097646,8,2012,111,67.4169381107492,"Rancho Cucamonga Middle",91730
"23247",36,67702,102939,2,2012,31,72,"Etiwanda Colony Elementary",91739
"23248",36,67702,102939,2,2012,111,77.5,"Etiwanda Colony Elementary",91739
"23249",36,67702,102939,3,2012,31,66.2372881355932,"Etiwanda Colony Elementary",91739
"23250",36,67702,102939,3,2012,111,77.4581673306773,"Etiwanda Colony Elementary",91739
"23251",36,67702,102939,4,2012,31,81.4237288135593,"Etiwanda Colony Elementary",91739
"23252",36,67702,102939,4,2012,111,96,"Etiwanda Colony Elementary",91739
"23253",36,67702,102939,5,2012,31,77.0769230769231,"Etiwanda Colony Elementary",91739
"23254",36,67702,102939,5,2012,111,84.3439153439153,"Etiwanda Colony Elementary",91739
"23255",36,67702,102947,6,2012,31,78.5,"Day Creek Intermediate",91739
"23256",36,67702,102947,6,2012,111,88,"Day Creek Intermediate",91739
"23257",36,67702,102947,7,2012,31,86.0296296296296,"Day Creek Intermediate",91739
"23258",36,67702,102947,7,2012,111,93.4977307110439,"Day Creek Intermediate",91739
"23259",36,67702,102947,8,2012,31,79.7925925925926,"Day Creek Intermediate",91739
"23260",36,67702,102947,8,2012,111,88.7614826752619,"Day Creek Intermediate",91739
"23261",36,67702,113688,2,2012,31,68,"Perdew Elementary",91739
"23262",36,67702,113688,2,2012,111,88,"Perdew Elementary",91739
"23263",36,67702,113688,3,2012,31,69,"Perdew Elementary",91739
"23264",36,67702,113688,3,2012,111,75.5,"Perdew Elementary",91739
"23265",36,67702,113688,4,2012,31,79.3768115942029,"Perdew Elementary",91739
"23266",36,67702,113688,4,2012,111,89,"Perdew Elementary",91739
"23267",36,67702,113688,5,2012,31,77.6666666666667,"Perdew Elementary",91739
"23268",36,67702,113688,5,2012,111,94,"Perdew Elementary",91739
"23269",36,67702,6035778,6,2012,31,56.4625,"Etiwanda Intermediate",91739
"23270",36,67702,6035778,6,2012,111,74.0318584070796,"Etiwanda Intermediate",91739
"23271",36,67702,6035778,7,2012,31,64.515625,"Etiwanda Intermediate",91739
"23272",36,67702,6035778,7,2012,111,78.6651785714286,"Etiwanda Intermediate",91739
"23273",36,67702,6035778,8,2012,31,60.1550094517958,"Etiwanda Intermediate",91739
"23274",36,67702,6035778,8,2012,111,71.6645669291339,"Etiwanda Intermediate",91739
"23275",36,67702,6035786,6,2012,31,62.4914285714286,"Summit Intermediate",91739
"23276",36,67702,6035786,6,2012,111,79.490234375,"Summit Intermediate",91739
"23277",36,67702,6035786,7,2012,31,69.9342105263158,"Summit Intermediate",91739
"23278",36,67702,6035786,7,2012,111,76.5231481481482,"Summit Intermediate",91739
"23279",36,67702,6035786,8,2012,31,56.8344827586207,"Summit Intermediate",91739
"23280",36,67702,6035786,8,2012,111,62.9388185654008,"Summit Intermediate",91739
"23281",36,67702,6106595,2,2012,31,62.5,"Windrows Elementary",91739
"23282",36,67702,6106595,2,2012,111,79.5,"Windrows Elementary",91739
"23283",36,67702,6106595,3,2012,31,59.5106382978723,"Windrows Elementary",91739
"23284",36,67702,6106595,3,2012,111,73.2125,"Windrows Elementary",91739
"23285",36,67702,6106595,4,2012,31,88.1627906976744,"Windrows Elementary",91739
"23286",36,67702,6106595,4,2012,111,97.5217391304348,"Windrows Elementary",91739
"23287",36,67702,6106595,5,2012,31,78.9736842105263,"Windrows Elementary",91739
"23288",36,67702,6106595,5,2012,111,89.3507853403141,"Windrows Elementary",91739
"23289",36,67702,6107569,2,2012,31,80.5,"Caryn Elementary",91737
"23290",36,67702,6107569,2,2012,111,84,"Caryn Elementary",91737
"23291",36,67702,6107569,3,2012,31,56.5,"Caryn Elementary",91737
"23292",36,67702,6107569,3,2012,111,82.5,"Caryn Elementary",91737
"23293",36,67702,6107569,4,2012,31,76.5,"Caryn Elementary",91737
"23294",36,67702,6107569,4,2012,111,84,"Caryn Elementary",91737
"23295",36,67702,6107569,5,2012,31,76.3695652173913,"Caryn Elementary",91737
"23296",36,67702,6107569,5,2012,111,81.3283582089552,"Caryn Elementary",91737
"23297",36,67702,6108005,2,2012,31,68,"West Heritage Elementary",92336
"23298",36,67702,6108005,2,2012,111,88,"West Heritage Elementary",92336
"23299",36,67702,6108005,3,2012,31,56.1643835616438,"West Heritage Elementary",92336
"23300",36,67702,6108005,3,2012,111,71.5,"West Heritage Elementary",92336
"23301",36,67702,6108005,4,2012,31,76,"West Heritage Elementary",92336
"23302",36,67702,6108005,4,2012,111,84,"West Heritage Elementary",92336
"23303",36,67702,6108005,5,2012,31,61.3533834586466,"West Heritage Elementary",92336
"23304",36,67702,6108005,5,2012,111,81.0536912751678,"West Heritage Elementary",92336
"23305",36,67702,6112122,2,2012,31,63.5,"Terra Vista Elementary",91730
"23306",36,67702,6112122,2,2012,111,84,"Terra Vista Elementary",91730
"23307",36,67702,6112122,3,2012,31,54.5,"Terra Vista Elementary",91730
"23308",36,67702,6112122,3,2012,111,67,"Terra Vista Elementary",91730
"23309",36,67702,6112122,4,2012,31,69,"Terra Vista Elementary",91730
"23310",36,67702,6112122,4,2012,111,86.0092165898618,"Terra Vista Elementary",91730
"23311",36,67702,6112122,5,2012,31,65.0535714285714,"Terra Vista Elementary",91730
"23312",36,67702,6112122,5,2012,111,82.3283018867925,"Terra Vista Elementary",91730
"23313",36,67702,6112130,2,2012,31,65.5,"East Heritage Elementary",92336
"23314",36,67702,6112130,2,2012,111,70.5,"East Heritage Elementary",92336
"23315",36,67702,6112130,3,2012,31,58,"East Heritage Elementary",92336
"23316",36,67702,6112130,3,2012,111,72.0534351145038,"East Heritage Elementary",92336
"23317",36,67702,6112130,4,2012,31,79.2352941176471,"East Heritage Elementary",92336
"23318",36,67702,6112130,4,2012,111,88.9622641509434,"East Heritage Elementary",92336
"23319",36,67702,6112130,5,2012,31,59.6764705882353,"East Heritage Elementary",92336
"23320",36,67702,6112130,5,2012,111,86.6666666666667,"East Heritage Elementary",92336
"23321",36,67702,6119622,2,2012,31,76,"Grapeland Elementary",91739
"23322",36,67702,6119622,2,2012,111,93.5,"Grapeland Elementary",91739
"23323",36,67702,6119622,3,2012,31,90.5,"Grapeland Elementary",91739
"23324",36,67702,6119622,3,2012,111,86.5,"Grapeland Elementary",91739
"23325",36,67702,6119622,4,2012,31,92.5,"Grapeland Elementary",91739
"23326",36,67702,6119622,4,2012,111,95.5,"Grapeland Elementary",91739
"23327",36,67702,6119622,5,2012,31,77.3333333333333,"Grapeland Elementary",91739
"23328",36,67702,6119622,5,2012,111,93,"Grapeland Elementary",91739
"23329",36,67702,6119630,6,2012,31,61.9852398523985,"Heritage Intermediate",92336
"23330",36,67702,6119630,6,2012,111,70.5,"Heritage Intermediate",92336
"23331",36,67702,6119630,7,2012,31,66.4542253521127,"Heritage Intermediate",92336
"23332",36,67702,6119630,7,2012,111,78.9963570127505,"Heritage Intermediate",92336
"23333",36,67702,6119630,8,2012,31,60.4867394695788,"Heritage Intermediate",92336
"23334",36,67702,6119630,8,2012,111,70.0386847195358,"Heritage Intermediate",92336
"23335",36,67710,100347,2,2012,31,40,"Almond Elementary",92335
"23336",36,67710,100347,3,2012,31,49.5,"Almond Elementary",92335
"23337",36,67710,100347,4,2012,31,46.9891891891892,"Almond Elementary",92335
"23338",36,67710,100347,5,2012,31,56.0373134328358,"Almond Elementary",92335
"23339",36,67710,100347,6,2012,31,55,"Almond Elementary",92335
"23340",36,67710,108191,9,2012,31,41.6257911392405,"Summit High",92336
"23341",36,67710,108191,9,2012,111,50.3339658444023,"Summit High",92336
"23342",36,67710,108191,10,2012,31,37.2106455266138,"Summit High",92336
"23343",36,67710,108191,10,2012,111,50.8552971576227,"Summit High",92336
"23344",36,67710,108191,11,2012,31,33.4494219653179,"Summit High",92336
"23345",36,67710,108191,11,2012,111,41.4566929133858,"Summit High",92336
"23346",36,67710,113423,2,2012,31,45.5,"Kathy Binks Elementary",92336
"23347",36,67710,113423,3,2012,31,36.5,"Kathy Binks Elementary",92336
"23348",36,67710,113423,4,2012,31,64.488,"Kathy Binks Elementary",92336
"23349",36,67710,113423,4,2012,111,57.5,"Kathy Binks Elementary",92336
"23350",36,67710,113944,2,2012,31,74.4564315352697,"Beech Avenue Elementary",92335
"23351",36,67710,113944,3,2012,31,50.4285714285714,"Beech Avenue Elementary",92335
"23352",36,67710,113944,4,2012,31,48.5,"Beech Avenue Elementary",92335
"23353",36,67710,113944,5,2012,31,52.9444444444444,"Beech Avenue Elementary",92335
"23354",36,67710,113944,6,2012,31,39.943661971831,"Beech Avenue Elementary",92335
"23355",36,67710,120758,9,2012,31,39.1068883610451,"Jurupa Hills High",92337
"23356",36,67710,120758,9,2012,111,52.4628975265018,"Jurupa Hills High",92337
"23357",36,67710,120758,10,2012,31,33.4644020474639,"Jurupa Hills High",92337
"23358",36,67710,120758,10,2012,111,44.5925297113752,"Jurupa Hills High",92337
"23359",36,67710,120758,11,2012,31,30.5238095238095,"Jurupa Hills High",92337
"23360",36,67710,120758,11,2012,111,38.3256880733945,"Jurupa Hills High",92337
"23361",36,67710,3633302,9,2012,31,32.1357947434293,"Fontana High",92335
"23362",36,67710,3633302,9,2012,111,40.3577981651376,"Fontana High",92335
"23363",36,67710,3633302,10,2012,31,25.9741056218058,"Fontana High",92335
"23364",36,67710,3633302,10,2012,111,31.8699421965318,"Fontana High",92335
"23365",36,67710,3633302,11,2012,31,32.2319085907744,"Fontana High",92335
"23366",36,67710,3633302,11,2012,111,31.59375,"Fontana High",92335
"23367",36,67710,6035794,2,2012,31,45.972972972973,"Juniper Elementary",92336
"23368",36,67710,6035794,3,2012,31,49.5,"Juniper Elementary",92336
"23369",36,67710,6035794,4,2012,31,68.4933333333333,"Juniper Elementary",92336
"23370",36,67710,6035794,5,2012,31,73.4243323442137,"Juniper Elementary",92336
"23371",36,67710,6035810,2,2012,31,39.5,"Live Oak Elementary",92335
"23372",36,67710,6035810,3,2012,31,55.5698324022346,"Live Oak Elementary",92335
"23373",36,67710,6035810,4,2012,31,66.7058823529412,"Live Oak Elementary",92335
"23374",36,67710,6035810,5,2012,31,49,"Live Oak Elementary",92335
"23375",36,67710,6035810,6,2012,31,34.9277108433735,"Live Oak Elementary",92335
"23376",36,67710,6035828,2,2012,31,40.5,"Maple Elementary",92335
"23377",36,67710,6035828,3,2012,31,42,"Maple Elementary",92335
"23378",36,67710,6035828,4,2012,31,66.5,"Maple Elementary",92335
"23379",36,67710,6035828,5,2012,31,45.4044117647059,"Maple Elementary",92335
"23380",36,67710,6035836,2,2012,31,32,"North Tamarind Elementary",92336
"23381",36,67710,6035836,4,2012,31,45,"North Tamarind Elementary",92336
"23382",36,67710,6035836,5,2012,31,40.3333333333333,"North Tamarind Elementary",92336
"23383",36,67710,6035836,6,2012,31,32,"North Tamarind Elementary",92336
"23384",36,67710,6035844,2,2012,31,45.4889589905363,"Oleander Elementary",92335
"23385",36,67710,6035844,3,2012,31,62.542750929368,"Oleander Elementary",92335
"23386",36,67710,6035844,4,2012,31,67,"Oleander Elementary",92335
"23387",36,67710,6035844,5,2012,31,68.9892761394102,"Oleander Elementary",92335
"23388",36,67710,6035851,2,2012,31,36,"Palmetto Elementary",92335
"23389",36,67710,6035851,3,2012,31,25.5772058823529,"Palmetto Elementary",92335
"23390",36,67710,6035851,4,2012,31,59.0036900369004,"Palmetto Elementary",92335
"23391",36,67710,6035851,5,2012,31,51.3137829912023,"Palmetto Elementary",92335
"23392",36,67710,6035869,2,2012,31,47.5,"Poplar Elementary",92335
"23393",36,67710,6035869,3,2012,31,47.5,"Poplar Elementary",92335
"23394",36,67710,6035869,4,2012,31,52,"Poplar Elementary",92335
"23395",36,67710,6035869,5,2012,31,53,"Poplar Elementary",92335
"23396",36,67710,6035869,6,2012,31,35.9333333333333,"Poplar Elementary",92335
"23397",36,67710,6035877,2,2012,31,48,"Randall Pepper Elementary",92335
"23398",36,67710,6035877,3,2012,31,37,"Randall Pepper Elementary",92335
"23399",36,67710,6035877,4,2012,31,46.0160427807487,"Randall Pepper Elementary",92335
"23400",36,67710,6035877,5,2012,31,48.6685393258427,"Randall Pepper Elementary",92335
"23401",36,67710,6035885,2,2012,31,33,"Redwood Elementary",92335
"23402",36,67710,6035885,3,2012,31,41,"Redwood Elementary",92335
"23403",36,67710,6035885,4,2012,31,64.5311004784689,"Redwood Elementary",92335
"23404",36,67710,6035885,5,2012,31,39.3582089552239,"Redwood Elementary",92335
"23405",36,67710,6035885,6,2012,31,49.5142857142857,"Redwood Elementary",92335
"23406",36,67710,6035901,2,2012,31,38,"South Tamarind Elementary",92335
"23407",36,67710,6035901,3,2012,31,49.5,"South Tamarind Elementary",92335
"23408",36,67710,6035901,4,2012,31,57.9910313901345,"South Tamarind Elementary",92335
"23409",36,67710,6035901,5,2012,31,49.667701863354,"South Tamarind Elementary",92335
"23410",36,67710,6035919,3,2012,31,37.5,"West Randall Elementary",92335
"23411",36,67710,6035919,4,2012,31,63,"West Randall Elementary",92335
"23412",36,67710,6035919,5,2012,31,27.9907834101382,"West Randall Elementary",92335
"23413",36,67710,6035919,6,2012,31,44.4967741935484,"West Randall Elementary",92335
"23414",36,67710,6059398,6,2012,31,40.488,"Alder Middle",92336
"23415",36,67710,6059398,6,2012,111,39.8545454545455,"Alder Middle",92336
"23416",36,67710,6059398,7,2012,31,55.0168539325843,"Alder Middle",92336
"23417",36,67710,6059398,7,2012,111,64.9814814814815,"Alder Middle",92336
"23418",36,67710,6059398,8,2012,31,53.8450704225352,"Alder Middle",92336
"23419",36,67710,6059398,8,2012,111,58.7853881278539,"Alder Middle",92336
"23420",36,67710,6059406,6,2012,31,46.4982935153584,"Fontana Middle",92335
"23421",36,67710,6059406,6,2012,111,41.5,"Fontana Middle",92335
"23422",36,67710,6059406,7,2012,31,41.0057581573896,"Fontana Middle",92335
"23423",36,67710,6059406,7,2012,111,38,"Fontana Middle",92335
"23424",36,67710,6059406,8,2012,31,38.9966101694915,"Fontana Middle",92335
"23425",36,67710,6059406,8,2012,111,33.3333333333333,"Fontana Middle",92335
"23426",36,67710,6061865,7,2012,31,40.0982776089159,"Sequoia Middle",92335
"23427",36,67710,6061865,7,2012,111,52.1764705882353,"Sequoia Middle",92335
"23428",36,67710,6061865,8,2012,31,35.727923627685,"Sequoia Middle",92335
"23429",36,67710,6061865,8,2012,111,47.5390625,"Sequoia Middle",92335
"23430",36,67710,6068761,2,2012,31,31,"Cypress Elementary",92335
"23431",36,67710,6068761,3,2012,31,39.5,"Cypress Elementary",92335
"23432",36,67710,6068761,4,2012,31,61,"Cypress Elementary",92335
"23433",36,67710,6068761,5,2012,31,47.6666666666667,"Cypress Elementary",92335
"23434",36,67710,6102933,2,2012,31,37,"Tokay Elementary",92336
"23435",36,67710,6102933,3,2012,31,37.5,"Tokay Elementary",92336
"23436",36,67710,6102933,4,2012,31,52.5026737967914,"Tokay Elementary",92336
"23437",36,67710,6102933,5,2012,31,41.9708454810496,"Tokay Elementary",92336
"23438",36,67710,6106470,2,2012,31,41,"Locust Elementary",92336
"23439",36,67710,6106470,5,2012,31,50,"Locust Elementary",92336
"23440",36,67710,6106470,6,2012,31,50.464,"Locust Elementary",92336
"23441",36,67710,6108054,6,2012,31,34.4492099322799,"Almeria Middle",92336
"23442",36,67710,6108054,6,2012,111,54,"Almeria Middle",92336
"23443",36,67710,6108054,7,2012,31,44.4444444444444,"Almeria Middle",92336
"23444",36,67710,6108054,7,2012,111,72.5,"Almeria Middle",92336
"23445",36,67710,6108054,8,2012,31,43.21251149954,"Almeria Middle",92336
"23446",36,67710,6108054,8,2012,111,55.0561797752809,"Almeria Middle",92336
"23447",36,67710,6108062,2,2012,31,57.5,"Oak Park Elementary",92337
"23448",36,67710,6108062,2,2012,111,73,"Oak Park Elementary",92337
"23449",36,67710,6108062,3,2012,31,42.6326530612245,"Oak Park Elementary",92337
"23450",36,67710,6108062,4,2012,31,66.3134328358209,"Oak Park Elementary",92337
"23451",36,67710,6108062,4,2012,111,78.5,"Oak Park Elementary",92337
"23452",36,67710,6108062,5,2012,31,55.8611111111111,"Oak Park Elementary",92337
"23453",36,67710,6108070,2,2012,31,57.5,"Shadow Hills Elementary",92337
"23454",36,67710,6108070,3,2012,31,50.5,"Shadow Hills Elementary",92337
"23455",36,67710,6108070,4,2012,31,66.0440251572327,"Shadow Hills Elementary",92337
"23456",36,67710,6108070,5,2012,31,74.1363636363636,"Shadow Hills Elementary",92337
"23457",36,67710,6110670,2,2012,31,53,"Canyon Crest Elementary",92337
"23458",36,67710,6110670,2,2012,111,69,"Canyon Crest Elementary",92337
"23459",36,67710,6110670,3,2012,31,38.5966850828729,"Canyon Crest Elementary",92337
"23460",36,67710,6110670,3,2012,111,55.5,"Canyon Crest Elementary",92337
"23461",36,67710,6110670,4,2012,31,68,"Canyon Crest Elementary",92337
"23462",36,67710,6110670,4,2012,111,77.5,"Canyon Crest Elementary",92337
"23463",36,67710,6110670,5,2012,31,65.3584905660377,"Canyon Crest Elementary",92337
"23464",36,67710,6110670,5,2012,111,74.3333333333333,"Canyon Crest Elementary",92337
"23465",36,67710,6110688,2,2012,31,50,"Mango Elementary",92336
"23466",36,67710,6110688,3,2012,31,55.060773480663,"Mango Elementary",92336
"23467",36,67710,6110688,4,2012,31,61.5,"Mango Elementary",92336
"23468",36,67710,6110688,5,2012,31,65.3903345724907,"Mango Elementary",92336
"23469",36,67710,6111173,2,2012,31,31.5,"Hemlock Elementary",92336
"23470",36,67710,6111173,2,2012,111,61,"Hemlock Elementary",92336
"23471",36,67710,6111173,3,2012,31,49,"Hemlock Elementary",92336
"23472",36,67710,6111173,3,2012,111,60.5,"Hemlock Elementary",92336
"23473",36,67710,6111173,4,2012,31,65,"Hemlock Elementary",92336
"23474",36,67710,6111173,4,2012,111,80.5531914893617,"Hemlock Elementary",92336
"23475",36,67710,6111173,5,2012,31,66,"Hemlock Elementary",92336
"23476",36,67710,6111173,5,2012,111,81,"Hemlock Elementary",92336
"23477",36,67710,6114052,2,2012,31,53,"Date Elementary",92335
"23478",36,67710,6114052,3,2012,31,47.5539906103286,"Date Elementary",92335
"23479",36,67710,6114052,4,2012,31,47.6010362694301,"Date Elementary",92335
"23480",36,67710,6114052,5,2012,31,54.7058823529412,"Date Elementary",92335
"23481",36,67710,6115984,2,2012,31,52.5,"Citrus Elementary",92335
"23482",36,67710,6115984,3,2012,31,44.5,"Citrus Elementary",92335
"23483",36,67710,6115984,4,2012,31,56.5,"Citrus Elementary",92335
"23484",36,67710,6115984,5,2012,31,34.6666666666667,"Citrus Elementary",92335
"23485",36,67710,6115984,6,2012,31,45.5,"Citrus Elementary",92335
"23486",36,67736,6035935,2,2012,31,47.5,"Helendale Elementary",92342
"23487",36,67736,6035935,2,2012,111,64,"Helendale Elementary",92342
"23488",36,67736,6035935,3,2012,31,43,"Helendale Elementary",92342
"23489",36,67736,6035935,3,2012,111,73.5,"Helendale Elementary",92342
"23490",36,67736,6035935,4,2012,31,42.9344262295082,"Helendale Elementary",92342
"23491",36,67736,6035935,4,2012,111,71,"Helendale Elementary",92342
"23492",36,67736,6035935,5,2012,31,47,"Helendale Elementary",92342
"23493",36,67736,6035935,5,2012,111,79.6947368421053,"Helendale Elementary",92342
"23494",36,67736,6035935,6,2012,31,50,"Helendale Elementary",92342
"23495",36,67736,6035935,6,2012,111,81.5,"Helendale Elementary",92342
"23496",36,67736,6107072,7,2012,31,50,"Riverview Middle",92342
"23497",36,67736,6107072,7,2012,111,77,"Riverview Middle",92342
"23498",36,67736,6107072,8,2012,31,44.0909090909091,"Riverview Middle",92342
"23499",36,67736,6107072,8,2012,111,59.5398230088496,"Riverview Middle",92342
"23500",36,67777,3636743,9,2012,31,38.192,"Twentynine Palms High",92277
"23501",36,67777,3636743,9,2012,111,57.7027027027027,"Twentynine Palms High",92277
"23502",36,67777,3636743,10,2012,31,21.8154897494305,"Twentynine Palms High",92277
"23503",36,67777,3636743,10,2012,111,48.6081081081081,"Twentynine Palms High",92277
"23504",36,67777,3636743,11,2012,31,38.2212765957447,"Twentynine Palms High",92277
"23505",36,67777,3636743,11,2012,111,58.9644670050761,"Twentynine Palms High",92277
"23506",36,67777,6036008,2,2012,31,31.5148514851485,"Oasis Elementary",92277
"23507",36,67777,6036008,2,2012,111,57,"Oasis Elementary",92277
"23508",36,67777,6036008,3,2012,31,44.1607142857143,"Oasis Elementary",92277
"23509",36,67777,6036008,3,2012,111,63.1052631578947,"Oasis Elementary",92277
"23510",36,67777,6036008,4,2012,31,48.46875,"Oasis Elementary",92277
"23511",36,67777,6036008,4,2012,111,63,"Oasis Elementary",92277
"23512",36,67777,6036008,5,2012,31,61.3313609467456,"Oasis Elementary",92277
"23513",36,67777,6036008,5,2012,111,69.3333333333333,"Oasis Elementary",92277
"23514",36,67777,6036008,6,2012,31,52.4666666666667,"Oasis Elementary",92277
"23515",36,67777,6036008,6,2012,111,78.7894736842105,"Oasis Elementary",92277
"23516",36,67777,6036016,2,2012,31,54,"Palm Vista Elementary",92277
"23517",36,67777,6036016,2,2012,111,76,"Palm Vista Elementary",92277
"23518",36,67777,6036016,3,2012,31,17.9206349206349,"Palm Vista Elementary",92277
"23519",36,67777,6036016,3,2012,111,34.5,"Palm Vista Elementary",92277
"23520",36,67777,6036016,4,2012,31,47.0175438596491,"Palm Vista Elementary",92277
"23521",36,67777,6036016,4,2012,111,82.8571428571429,"Palm Vista Elementary",92277
"23522",36,67777,6036016,5,2012,31,44,"Palm Vista Elementary",92277
"23523",36,67777,6036016,5,2012,111,86.5,"Palm Vista Elementary",92277
"23524",36,67777,6036016,6,2012,31,45,"Palm Vista Elementary",92277
"23525",36,67777,6036032,7,2012,31,45.5819672131148,"Twentynine Palms Junior High",92277
"23526",36,67777,6036032,7,2012,111,57.9796954314721,"Twentynine Palms Junior High",92277
"23527",36,67777,6036032,8,2012,31,40.2072892938497,"Twentynine Palms Junior High",92277
"23528",36,67777,6036032,8,2012,111,66.8720930232558,"Twentynine Palms Junior High",92277
"23529",36,67777,6105589,2,2012,31,50,"Yucca Mesa Elementary",92277
"23530",36,67777,6105589,2,2012,111,56.5,"Yucca Mesa Elementary",92277
"23531",36,67777,6105589,4,2012,31,58.972602739726,"Yucca Mesa Elementary",92277
"23532",36,67777,6105589,4,2012,111,70.2592592592593,"Yucca Mesa Elementary",92277
"23533",36,67777,6105589,5,2012,31,69.3389830508475,"Yucca Mesa Elementary",92277
"23534",36,67777,6105589,5,2012,111,68.6666666666667,"Yucca Mesa Elementary",92277
"23535",36,67777,6105589,6,2012,31,51.2631578947368,"Yucca Mesa Elementary",92277
"23536",36,67777,6105589,6,2012,111,50,"Yucca Mesa Elementary",92277
"23537",36,67777,6109615,2,2012,31,74,"Condor Elementary",92277
"23538",36,67777,6109615,2,2012,111,65,"Condor Elementary",92277
"23539",36,67777,6109615,3,2012,31,55,"Condor Elementary",92277
"23540",36,67777,6109615,3,2012,111,54,"Condor Elementary",92277
"23541",36,67777,6109615,4,2012,31,84.5076923076923,"Condor Elementary",92277
"23542",36,67777,6109615,4,2012,111,80.5,"Condor Elementary",92277
"23543",36,67777,6109615,5,2012,31,67.2631578947368,"Condor Elementary",92277
"23544",36,67777,6109615,5,2012,111,73.8947368421053,"Condor Elementary",92277
"23545",36,67777,6109615,6,2012,31,61.5087719298246,"Condor Elementary",92277
"23546",36,67777,6109615,6,2012,111,78,"Condor Elementary",92277
"23547",36,67785,6036057,2,2012,31,73,"Mountain View Elementary",91761
"23548",36,67785,6036057,2,2012,111,78.5,"Mountain View Elementary",91761
"23549",36,67785,6036057,3,2012,31,54.1555555555556,"Mountain View Elementary",91761
"23550",36,67785,6036057,3,2012,111,82.5,"Mountain View Elementary",91761
"23551",36,67785,6036057,4,2012,31,75.4751773049645,"Mountain View Elementary",91761
"23552",36,67785,6036057,4,2012,111,81.5,"Mountain View Elementary",91761
"23553",36,67785,6036057,5,2012,31,76,"Mountain View Elementary",91761
"23554",36,67785,6036057,5,2012,111,94.3333333333333,"Mountain View Elementary",91761
"23555",36,67785,6105449,2,2012,31,65.5,"Creek View Elementary",91761
"23556",36,67785,6105449,2,2012,111,79.5,"Creek View Elementary",91761
"23557",36,67785,6105449,3,2012,31,61.5,"Creek View Elementary",91761
"23558",36,67785,6105449,3,2012,111,70.1030927835052,"Creek View Elementary",91761
"23559",36,67785,6105449,4,2012,31,65.2571428571429,"Creek View Elementary",91761
"23560",36,67785,6105449,4,2012,111,81.5,"Creek View Elementary",91761
"23561",36,67785,6105449,5,2012,31,58.9368421052632,"Creek View Elementary",91761
"23562",36,67785,6105449,5,2012,111,82,"Creek View Elementary",91761
"23563",36,67785,6110050,2,2012,31,56.5,"Ranch View Elementary",91761
"23564",36,67785,6110050,2,2012,111,73.5,"Ranch View Elementary",91761
"23565",36,67785,6110050,3,2012,31,48.5,"Ranch View Elementary",91761
"23566",36,67785,6110050,3,2012,111,57.6885245901639,"Ranch View Elementary",91761
"23567",36,67785,6110050,4,2012,31,74.9752066115702,"Ranch View Elementary",91761
"23568",36,67785,6110050,4,2012,111,87.5,"Ranch View Elementary",91761
"23569",36,67785,6110050,5,2012,31,55.9130434782609,"Ranch View Elementary",91761
"23570",36,67785,6110050,5,2012,111,78.8990825688073,"Ranch View Elementary",91761
"23571",36,67793,6036065,2,2012,111,88.5,"Mt. Baldy Joint Elementary",91759
"23572",36,67793,6036065,3,2012,111,67,"Mt. Baldy Joint Elementary",91759
"23573",36,67793,6036065,4,2012,111,87.5,"Mt. Baldy Joint Elementary",91759
"23574",36,67793,6036065,5,2012,111,76.3333333333333,"Mt. Baldy Joint Elementary",91759
"23575",36,67793,6036065,6,2012,111,71,"Mt. Baldy Joint Elementary",91759
"23576",36,67793,6036065,8,2012,111,66,"Mt. Baldy Joint Elementary",91759
"23577",36,67801,3634169,9,2012,31,17.6470588235294,"Needles High",92363
"23578",36,67801,3634169,9,2012,111,24.7076923076923,"Needles High",92363
"23579",36,67801,3634169,10,2012,31,12.156976744186,"Needles High",92363
"23580",36,67801,3634169,10,2012,111,18.9741379310345,"Needles High",92363
"23581",36,67801,3634169,11,2012,31,29.5056179775281,"Needles High",92363
"23582",36,67801,3634169,11,2012,111,27.6071428571429,"Needles High",92363
"23583",36,67801,6036115,2,2012,31,30.5,"Vista Colorado Elementary",92363
"23584",36,67801,6036115,2,2012,111,56,"Vista Colorado Elementary",92363
"23585",36,67801,6036115,3,2012,31,18.5,"Vista Colorado Elementary",92363
"23586",36,67801,6036115,3,2012,111,57.5,"Vista Colorado Elementary",92363
"23587",36,67801,6036115,4,2012,31,54,"Vista Colorado Elementary",92363
"23588",36,67801,6036115,4,2012,111,79,"Vista Colorado Elementary",92363
"23589",36,67801,6036115,5,2012,31,39.3333333333333,"Vista Colorado Elementary",92363
"23590",36,67801,6036115,5,2012,111,69.6666666666667,"Vista Colorado Elementary",92363
"23591",36,67801,6100929,6,2012,31,21,"Needles Middle",92363
"23592",36,67801,6100929,6,2012,111,36,"Needles Middle",92363
"23593",36,67801,6100929,7,2012,31,30.1264367816092,"Needles Middle",92363
"23594",36,67801,6100929,7,2012,111,77.8148148148148,"Needles Middle",92363
"23595",36,67801,6100929,8,2012,31,30.5081967213115,"Needles Middle",92363
"23596",36,67801,6100929,8,2012,111,69,"Needles Middle",92363
"23597",36,67819,100107,2,2012,31,52,"Vista Grande Elementary",91762
"23598",36,67819,100107,2,2012,111,59.5,"Vista Grande Elementary",91762
"23599",36,67819,100107,3,2012,31,45.5773195876289,"Vista Grande Elementary",91762
"23600",36,67819,100107,3,2012,111,54.8,"Vista Grande Elementary",91762
"23601",36,67819,100107,4,2012,31,59.5454545454545,"Vista Grande Elementary",91762
"23602",36,67819,100107,4,2012,111,62.027027027027,"Vista Grande Elementary",91762
"23603",36,67819,100107,5,2012,31,51.636815920398,"Vista Grande Elementary",91762
"23604",36,67819,100107,5,2012,111,63.3661971830986,"Vista Grande Elementary",91762
"23605",36,67819,100107,6,2012,31,46.1395348837209,"Vista Grande Elementary",91762
"23606",36,67819,100107,6,2012,111,72.5,"Vista Grande Elementary",91762
"23607",36,67819,100115,2,2012,31,40,"Montera Elementary",91762
"23608",36,67819,100115,3,2012,31,44,"Montera Elementary",91762
"23609",36,67819,100115,4,2012,31,50.5,"Montera Elementary",91762
"23610",36,67819,100115,5,2012,31,46.3991031390135,"Montera Elementary",91762
"23611",36,67819,100115,6,2012,31,37.4817518248175,"Montera Elementary",91762
"23612",36,67819,6036123,2,2012,31,74.5,"Arroyo Elementary",91764
"23613",36,67819,6036123,3,2012,31,38.3177570093458,"Arroyo Elementary",91764
"23614",36,67819,6036123,3,2012,111,35.5,"Arroyo Elementary",91764
"23615",36,67819,6036123,4,2012,31,68.5,"Arroyo Elementary",91764
"23616",36,67819,6036123,5,2012,31,53.3333333333333,"Arroyo Elementary",91764
"23617",36,67819,6036123,6,2012,31,48.06,"Arroyo Elementary",91764
"23618",36,67819,6036123,6,2012,111,46,"Arroyo Elementary",91764
"23619",36,67819,6036131,2,2012,31,41,"Berlyn Elementary",91764
"23620",36,67819,6036131,3,2012,31,29,"Berlyn Elementary",91764
"23621",36,67819,6036131,4,2012,31,52,"Berlyn Elementary",91764
"23622",36,67819,6036131,5,2012,31,45.3829113924051,"Berlyn Elementary",91764
"23623",36,67819,6036131,5,2012,111,36,"Berlyn Elementary",91764
"23624",36,67819,6036131,6,2012,31,49.4968152866242,"Berlyn Elementary",91764
"23625",36,67819,6036131,6,2012,111,43.4347826086956,"Berlyn Elementary",91764
"23626",36,67819,6036149,2,2012,31,31,"Bon View Elementary",91761
"23627",36,67819,6036149,2,2012,111,55,"Bon View Elementary",91761
"23628",36,67819,6036149,3,2012,31,34.5,"Bon View Elementary",91761
"23629",36,67819,6036149,3,2012,111,54,"Bon View Elementary",91761
"23630",36,67819,6036149,4,2012,31,38,"Bon View Elementary",91761
"23631",36,67819,6036149,4,2012,111,44.5,"Bon View Elementary",91761
"23632",36,67819,6036149,5,2012,31,40.555023923445,"Bon View Elementary",91761
"23633",36,67819,6036149,5,2012,111,38.6666666666667,"Bon View Elementary",91761
"23634",36,67819,6036149,6,2012,31,49.9679144385027,"Bon View Elementary",91761
"23635",36,67819,6036149,6,2012,111,53.5,"Bon View Elementary",91761
"23636",36,67819,6036164,2,2012,31,47,"Central Language Academy",91764
"23637",36,67819,6036164,2,2012,111,60.5,"Central Language Academy",91764
"23638",36,67819,6036164,3,2012,31,38.5,"Central Language Academy",91764
"23639",36,67819,6036164,3,2012,111,56.5,"Central Language Academy",91764
"23640",36,67819,6036164,4,2012,31,43.5705521472393,"Central Language Academy",91764
"23641",36,67819,6036164,4,2012,111,68,"Central Language Academy",91764
"23642",36,67819,6036164,5,2012,31,45.7441860465116,"Central Language Academy",91764
"23643",36,67819,6036164,6,2012,31,40,"Central Language Academy",91764
"23644",36,67819,6036164,7,2012,31,75.6,"Central Language Academy",91764
"23645",36,67819,6036164,8,2012,31,83.5,"Central Language Academy",91764
"23646",36,67819,6036172,2,2012,31,64,"Corona Elementary",91764
"23647",36,67819,6036172,3,2012,31,62.5,"Corona Elementary",91764
"23648",36,67819,6036172,4,2012,31,75.6346153846154,"Corona Elementary",91764
"23649",36,67819,6036172,5,2012,31,63.8777292576419,"Corona Elementary",91764
"23650",36,67819,6036172,6,2012,31,58,"Corona Elementary",91764
"23651",36,67819,6036198,2,2012,31,44.5,"Richard Haynes Elementary",91762
"23652",36,67819,6036198,2,2012,111,33,"Richard Haynes Elementary",91762
"23653",36,67819,6036198,3,2012,31,43.070351758794,"Richard Haynes Elementary",91762
"23654",36,67819,6036198,3,2012,111,63,"Richard Haynes Elementary",91762
"23655",36,67819,6036198,4,2012,31,41.5,"Richard Haynes Elementary",91762
"23656",36,67819,6036198,4,2012,111,60,"Richard Haynes Elementary",91762
"23657",36,67819,6036198,5,2012,31,55.6666666666667,"Richard Haynes Elementary",91762
"23658",36,67819,6036198,5,2012,111,66.198275862069,"Richard Haynes Elementary",91762
"23659",36,67819,6036198,6,2012,31,37,"Richard Haynes Elementary",91762
"23660",36,67819,6036198,6,2012,111,64,"Richard Haynes Elementary",91762
"23661",36,67819,6036206,7,2012,31,36.5033112582781,"De Anza Middle",91761
"23662",36,67819,6036206,7,2012,111,34.8378378378378,"De Anza Middle",91761
"23663",36,67819,6036206,8,2012,31,32.3396029258098,"De Anza Middle",91761
"23664",36,67819,6036206,8,2012,111,35.3225806451613,"De Anza Middle",91761
"23665",36,67819,6036214,2,2012,31,56,"Del Norte Elementary",91764
"23666",36,67819,6036214,3,2012,31,49.5,"Del Norte Elementary",91764
"23667",36,67819,6036214,4,2012,31,60.5,"Del Norte Elementary",91764
"23668",36,67819,6036214,5,2012,31,56.3333333333333,"Del Norte Elementary",91764
"23669",36,67819,6036214,6,2012,31,41.502538071066,"Del Norte Elementary",91764
"23670",36,67819,6036222,2,2012,31,58.5,"Edison Elementary",91764
"23671",36,67819,6036222,2,2012,111,87,"Edison Elementary",91764
"23672",36,67819,6036222,3,2012,31,51,"Edison Elementary",91764
"23673",36,67819,6036222,3,2012,111,84.5,"Edison Elementary",91764
"23674",36,67819,6036222,4,2012,31,73.6164383561644,"Edison Elementary",91764
"23675",36,67819,6036222,4,2012,111,89.5,"Edison Elementary",91764
"23676",36,67819,6036222,5,2012,31,60.6774193548387,"Edison Elementary",91764
"23677",36,67819,6036222,5,2012,111,81.3333333333333,"Edison Elementary",91764
"23678",36,67819,6036222,6,2012,31,68.5,"Edison Elementary",91764
"23679",36,67819,6036222,6,2012,111,77.5,"Edison Elementary",91764
"23680",36,67819,6036230,2,2012,31,39,"El Camino Elementary",91762
"23681",36,67819,6036230,2,2012,111,44,"El Camino Elementary",91762
"23682",36,67819,6036230,3,2012,31,48.5,"El Camino Elementary",91762
"23683",36,67819,6036230,3,2012,111,50,"El Camino Elementary",91762
"23684",36,67819,6036230,4,2012,31,52,"El Camino Elementary",91762
"23685",36,67819,6036230,4,2012,111,79.5,"El Camino Elementary",91762
"23686",36,67819,6036230,5,2012,31,50.2660550458716,"El Camino Elementary",91762
"23687",36,67819,6036230,6,2012,31,46,"El Camino Elementary",91762
"23688",36,67819,6036230,6,2012,111,70.5,"El Camino Elementary",91762
"23689",36,67819,6036248,2,2012,31,58.9891891891892,"Elderberry Elementary",91762
"23690",36,67819,6036248,2,2012,111,37.5,"Elderberry Elementary",91762
"23691",36,67819,6036248,3,2012,31,54.4248704663212,"Elderberry Elementary",91762
"23692",36,67819,6036248,3,2012,111,47.9565217391304,"Elderberry Elementary",91762
"23693",36,67819,6036248,4,2012,31,67.5,"Elderberry Elementary",91762
"23694",36,67819,6036248,4,2012,111,71,"Elderberry Elementary",91762
"23695",36,67819,6036248,5,2012,31,61.7155172413793,"Elderberry Elementary",91762
"23696",36,67819,6036248,5,2012,111,78.6666666666667,"Elderberry Elementary",91762
"23697",36,67819,6036248,6,2012,31,61.9873417721519,"Elderberry Elementary",91762
"23698",36,67819,6036248,6,2012,111,66.5,"Elderberry Elementary",91762
"23699",36,67819,6036255,2,2012,31,33,"Euclid Elementary",91762
"23700",36,67819,6036255,3,2012,31,48.5739644970414,"Euclid Elementary",91762
"23701",36,67819,6036255,4,2012,31,51,"Euclid Elementary",91762
"23702",36,67819,6036255,5,2012,31,52.7345132743363,"Euclid Elementary",91762
"23703",36,67819,6036255,6,2012,31,50.9858156028369,"Euclid Elementary",91762
"23704",36,67819,6036263,2,2012,31,30,"Hawthorne Elementary",91762
"23705",36,67819,6036263,2,2012,111,45.5,"Hawthorne Elementary",91762
"23706",36,67819,6036263,3,2012,31,40,"Hawthorne Elementary",91762
"23707",36,67819,6036263,3,2012,111,73.5,"Hawthorne Elementary",91762
"23708",36,67819,6036263,4,2012,31,58.5,"Hawthorne Elementary",91762
"23709",36,67819,6036263,4,2012,111,87,"Hawthorne Elementary",91762
"23710",36,67819,6036263,5,2012,31,54.3826530612245,"Hawthorne Elementary",91762
"23711",36,67819,6036263,5,2012,111,61.6666666666667,"Hawthorne Elementary",91762
"23712",36,67819,6036263,6,2012,31,51,"Hawthorne Elementary",91762
"23713",36,67819,6036263,6,2012,111,56.5,"Hawthorne Elementary",91762
"23714",36,67819,6036271,2,2012,31,60,"Howard Elementary",91763
"23715",36,67819,6036271,2,2012,111,52.5,"Howard Elementary",91763
"23716",36,67819,6036271,3,2012,31,44.5816993464052,"Howard Elementary",91763
"23717",36,67819,6036271,3,2012,111,46,"Howard Elementary",91763
"23718",36,67819,6036271,4,2012,31,69.4132231404959,"Howard Elementary",91763
"23719",36,67819,6036271,4,2012,111,75,"Howard Elementary",91763
"23720",36,67819,6036271,5,2012,31,52.0760869565217,"Howard Elementary",91763
"23721",36,67819,6036271,5,2012,111,73.6666666666667,"Howard Elementary",91763
"23722",36,67819,6036271,6,2012,31,58.4934210526316,"Howard Elementary",91763
"23723",36,67819,6036271,6,2012,111,75.72,"Howard Elementary",91763
"23724",36,67819,6036297,2,2012,31,40.5,"Kingsley Elementary",91763
"23725",36,67819,6036297,2,2012,111,31.5,"Kingsley Elementary",91763
"23726",36,67819,6036297,3,2012,31,38.5,"Kingsley Elementary",91763
"23727",36,67819,6036297,4,2012,31,52.5,"Kingsley Elementary",91763
"23728",36,67819,6036297,5,2012,31,36.0176470588235,"Kingsley Elementary",91763
"23729",36,67819,6036297,5,2012,111,27,"Kingsley Elementary",91763
"23730",36,67819,6036297,6,2012,31,36.5,"Kingsley Elementary",91763
"23731",36,67819,6036305,2,2012,31,59.5,"Lehigh Elementary",91763
"23732",36,67819,6036305,3,2012,31,48,"Lehigh Elementary",91763
"23733",36,67819,6036305,4,2012,31,58,"Lehigh Elementary",91763
"23734",36,67819,6036305,5,2012,31,51,"Lehigh Elementary",91763
"23735",36,67819,6036305,6,2012,31,49.5,"Lehigh Elementary",91763
"23736",36,67819,6036347,2,2012,31,31.5,"Mariposa Elementary",91764
"23737",36,67819,6036347,3,2012,31,24.5,"Mariposa Elementary",91764
"23738",36,67819,6036347,4,2012,31,49,"Mariposa Elementary",91764
"23739",36,67819,6036347,5,2012,31,52.6666666666667,"Mariposa Elementary",91764
"23740",36,67819,6036347,6,2012,31,48.50625,"Mariposa Elementary",91764
"23741",36,67819,6036354,2,2012,31,48.5,"Mission Elementary",91762
"23742",36,67819,6036354,2,2012,111,55.5555555555556,"Mission Elementary",91762
"23743",36,67819,6036354,3,2012,31,40.6178343949045,"Mission Elementary",91762
"23744",36,67819,6036354,3,2012,111,45.0344827586207,"Mission Elementary",91762
"23745",36,67819,6036354,4,2012,31,68,"Mission Elementary",91762
"23746",36,67819,6036354,4,2012,111,75,"Mission Elementary",91762
"23747",36,67819,6036354,5,2012,31,56,"Mission Elementary",91762
"23748",36,67819,6036354,5,2012,111,63.5,"Mission Elementary",91762
"23749",36,67819,6036354,6,2012,31,45.5,"Mission Elementary",91762
"23750",36,67819,6036354,6,2012,111,68.9428571428571,"Mission Elementary",91762
"23751",36,67819,6036362,2,2012,31,65.5,"Monte Vista Elementary",91763
"23752",36,67819,6036362,2,2012,111,81.5,"Monte Vista Elementary",91763
"23753",36,67819,6036362,3,2012,31,53.5,"Monte Vista Elementary",91763
"23754",36,67819,6036362,3,2012,111,50,"Monte Vista Elementary",91763
"23755",36,67819,6036362,4,2012,31,71.8571428571429,"Monte Vista Elementary",91763
"23756",36,67819,6036362,4,2012,111,73.5,"Monte Vista Elementary",91763
"23757",36,67819,6036362,5,2012,31,62.7296137339056,"Monte Vista Elementary",91763
"23758",36,67819,6036362,5,2012,111,71.6760563380282,"Monte Vista Elementary",91763
"23759",36,67819,6036362,6,2012,31,65.1170212765958,"Monte Vista Elementary",91763
"23760",36,67819,6036362,6,2012,111,91,"Monte Vista Elementary",91763
"23761",36,67819,6036370,2,2012,31,55.5,"Moreno Elementary",91763
"23762",36,67819,6036370,2,2012,111,79,"Moreno Elementary",91763
"23763",36,67819,6036370,3,2012,31,39.5,"Moreno Elementary",91763
"23764",36,67819,6036370,3,2012,111,66.5,"Moreno Elementary",91763
"23765",36,67819,6036370,4,2012,31,73,"Moreno Elementary",91763
"23766",36,67819,6036370,5,2012,31,39.4224598930481,"Moreno Elementary",91763
"23767",36,67819,6036370,5,2012,111,71.3333333333333,"Moreno Elementary",91763
"23768",36,67819,6036370,6,2012,31,50.0645161290323,"Moreno Elementary",91763
"23769",36,67819,6036370,6,2012,111,45,"Moreno Elementary",91763
"23770",36,67819,6036388,2,2012,31,59.451282051282,"Ramona Elementary",91763
"23771",36,67819,6036388,2,2012,111,75,"Ramona Elementary",91763
"23772",36,67819,6036388,3,2012,31,49,"Ramona Elementary",91763
"23773",36,67819,6036388,3,2012,111,61,"Ramona Elementary",91763
"23774",36,67819,6036388,4,2012,31,62.5477707006369,"Ramona Elementary",91763
"23775",36,67819,6036388,5,2012,31,50.3333333333333,"Ramona Elementary",91763
"23776",36,67819,6036388,5,2012,111,64,"Ramona Elementary",91763
"23777",36,67819,6036388,6,2012,31,55.5,"Ramona Elementary",91763
"23778",36,67819,6036388,6,2012,111,40,"Ramona Elementary",91763
"23779",36,67819,6036404,7,2012,31,58.065606361829,"Serrano Middle",91763
"23780",36,67819,6036404,7,2012,111,67,"Serrano Middle",91763
"23781",36,67819,6036404,8,2012,31,48.7876895628903,"Serrano Middle",91763
"23782",36,67819,6036404,8,2012,111,65.0393013100437,"Serrano Middle",91763
"23783",36,67819,6036412,2,2012,31,41,"Sultana Elementary",91761
"23784",36,67819,6036412,2,2012,111,47,"Sultana Elementary",91761
"23785",36,67819,6036412,3,2012,31,40.56,"Sultana Elementary",91761
"23786",36,67819,6036412,3,2012,111,39.5,"Sultana Elementary",91761
"23787",36,67819,6036412,4,2012,31,57.5055555555556,"Sultana Elementary",91761
"23788",36,67819,6036412,5,2012,31,56.6666666666667,"Sultana Elementary",91761
"23789",36,67819,6036412,5,2012,111,66.6666666666667,"Sultana Elementary",91761
"23790",36,67819,6036412,6,2012,31,38.5,"Sultana Elementary",91761
"23791",36,67819,6036420,7,2012,31,42.1076158940397,"Vernon Middle",91763
"23792",36,67819,6036420,7,2012,111,51.7258064516129,"Vernon Middle",91763
"23793",36,67819,6036420,8,2012,31,38.1336170212766,"Vernon Middle",91763
"23794",36,67819,6036420,8,2012,111,41.3114754098361,"Vernon Middle",91763
"23795",36,67819,6036438,6,2012,31,89.5,"Vina Danks Middle",91762
"23796",36,67819,6036438,7,2012,31,59.3143596377749,"Vina Danks Middle",91762
"23797",36,67819,6036438,7,2012,111,71.3267973856209,"Vina Danks Middle",91762
"23798",36,67819,6036438,8,2012,31,44.0596627756161,"Vina Danks Middle",91762
"23799",36,67819,6036438,8,2012,111,60.1402298850575,"Vina Danks Middle",91762
"23800",36,67819,6036446,2,2012,31,47.5,"Vineyard Elementary",91764
"23801",36,67819,6036446,2,2012,111,50,"Vineyard Elementary",91764
"23802",36,67819,6036446,3,2012,31,38.1240875912409,"Vineyard Elementary",91764
"23803",36,67819,6036446,3,2012,111,53,"Vineyard Elementary",91764
"23804",36,67819,6036446,4,2012,31,44,"Vineyard Elementary",91764
"23805",36,67819,6036446,5,2012,31,54,"Vineyard Elementary",91764
"23806",36,67819,6036446,6,2012,31,35,"Vineyard Elementary",91764
"23807",36,67819,6036446,7,2012,31,48.0728476821192,"Vineyard Elementary",91764
"23808",36,67819,6036446,8,2012,31,39.603305785124,"Vineyard Elementary",91764
"23809",36,67819,6113476,7,2012,31,42.9864682002706,"Oaks Middle",91762
"23810",36,67819,6113476,7,2012,111,44.5,"Oaks Middle",91762
"23811",36,67819,6113476,8,2012,31,45.8174427198817,"Oaks Middle",91762
"23812",36,67819,6113476,8,2012,111,54.6730245231608,"Oaks Middle",91762
"23813",36,67827,113928,2,2012,31,47,"Riverside Preparatory",92368
"23814",36,67827,113928,2,2012,111,69.5,"Riverside Preparatory",92368
"23815",36,67827,113928,3,2012,31,64,"Riverside Preparatory",92368
"23816",36,67827,113928,3,2012,111,72.5,"Riverside Preparatory",92368
"23817",36,67827,113928,4,2012,31,66,"Riverside Preparatory",92368
"23818",36,67827,113928,4,2012,111,67,"Riverside Preparatory",92368
"23819",36,67827,113928,5,2012,31,53,"Riverside Preparatory",92368
"23820",36,67827,113928,5,2012,111,75,"Riverside Preparatory",92368
"23821",36,67827,113928,6,2012,31,45.5371428571429,"Riverside Preparatory",92368
"23822",36,67827,113928,6,2012,111,61.5,"Riverside Preparatory",92368
"23823",36,67827,113928,7,2012,31,51.0261780104712,"Riverside Preparatory",92368
"23824",36,67827,113928,7,2012,111,62,"Riverside Preparatory",92368
"23825",36,67827,113928,8,2012,31,50.2295081967213,"Riverside Preparatory",92368
"23826",36,67827,113928,8,2012,111,58.8575418994413,"Riverside Preparatory",92368
"23827",36,67827,113928,9,2012,31,40.2439024390244,"Riverside Preparatory",92368
"23828",36,67827,113928,9,2012,111,57.2926829268293,"Riverside Preparatory",92368
"23829",36,67827,113928,10,2012,31,45.3143507972665,"Riverside Preparatory",92368
"23830",36,67827,113928,10,2012,111,60.5180722891566,"Riverside Preparatory",92368
"23831",36,67827,113928,11,2012,31,26.3557692307692,"Riverside Preparatory",92368
"23832",36,67827,113928,11,2012,111,54.140127388535,"Riverside Preparatory",92368
"23833",36,67827,6036453,2,2012,31,38.5,"Oro Grande Elementary",92368
"23834",36,67827,6036453,3,2012,31,33.5,"Oro Grande Elementary",92368
"23835",36,67827,6036453,5,2012,31,45,"Oro Grande Elementary",92368
"23836",36,67827,6036453,6,2012,31,21,"Oro Grande Elementary",92368
"23837",36,67843,102558,6,2012,31,53,"Beattie Middle",92346
"23838",36,67843,102558,6,2012,111,74.5,"Beattie Middle",92346
"23839",36,67843,102558,7,2012,31,47.0258397932817,"Beattie Middle",92346
"23840",36,67843,102558,7,2012,111,68.9470198675497,"Beattie Middle",92346
"23841",36,67843,102558,8,2012,31,49.481843575419,"Beattie Middle",92346
"23842",36,67843,102558,8,2012,111,67.5565819861432,"Beattie Middle",92346
"23843",36,67843,107888,2,2012,31,64.5,"Highland Grove Elementary",92346
"23844",36,67843,107888,2,2012,111,81,"Highland Grove Elementary",92346
"23845",36,67843,107888,3,2012,31,46.3023255813954,"Highland Grove Elementary",92346
"23846",36,67843,107888,3,2012,111,66.5,"Highland Grove Elementary",92346
"23847",36,67843,107888,4,2012,31,75.5,"Highland Grove Elementary",92346
"23848",36,67843,107888,4,2012,111,86.4857142857143,"Highland Grove Elementary",92346
"23849",36,67843,107888,5,2012,31,78.6692913385827,"Highland Grove Elementary",92346
"23850",36,67843,107888,5,2012,111,80.3333333333333,"Highland Grove Elementary",92346
"23851",36,67843,110569,2,2012,31,74.5,"Judson & Brown Elementary",92374
"23852",36,67843,110569,2,2012,111,91,"Judson & Brown Elementary",92374
"23853",36,67843,110569,3,2012,31,62.5,"Judson & Brown Elementary",92374
"23854",36,67843,110569,3,2012,111,89,"Judson & Brown Elementary",92374
"23855",36,67843,110569,4,2012,31,83.5,"Judson & Brown Elementary",92374
"23856",36,67843,110569,4,2012,111,82.5507246376812,"Judson & Brown Elementary",92374
"23857",36,67843,110569,5,2012,31,82.4059405940594,"Judson & Brown Elementary",92374
"23858",36,67843,110569,5,2012,111,84.64375,"Judson & Brown Elementary",92374
"23859",36,67843,123851,2,2012,31,34,"Mission Elementary",92373
"23860",36,67843,123851,3,2012,31,36.5,"Mission Elementary",92373
"23861",36,67843,123851,4,2012,31,59.5,"Mission Elementary",92373
"23862",36,67843,123851,5,2012,31,58.3333333333333,"Mission Elementary",92373
"23863",36,67843,3630779,9,2012,31,42.2764331210191,"Redlands East Valley High",92374
"23864",36,67843,3630779,9,2012,111,60.5606407322654,"Redlands East Valley High",92374
"23865",36,67843,3630779,10,2012,31,39.5627980922099,"Redlands East Valley High",92374
"23866",36,67843,3630779,10,2012,111,56.3167484232656,"Redlands East Valley High",92374
"23867",36,67843,3630779,11,2012,31,41.8348623853211,"Redlands East Valley High",92374
"23868",36,67843,3630779,11,2012,111,60.7581433224756,"Redlands East Valley High",92374
"23869",36,67843,3630928,7,2012,111,82.2,"Grove",92373
"23870",36,67843,3630928,8,2012,111,63.1443298969072,"Grove",92373
"23871",36,67843,3630928,9,2012,111,65.04,"Grove",92373
"23872",36,67843,3630928,10,2012,111,61.6571428571429,"Grove",92373
"23873",36,67843,3630928,11,2012,111,57.4949494949495,"Grove",92373
"23874",36,67843,3635042,9,2012,31,44.5932584269663,"Redlands Senior High",92374
"23875",36,67843,3635042,9,2012,111,69.0260631001372,"Redlands Senior High",92374
"23876",36,67843,3635042,10,2012,31,40.9343434343434,"Redlands Senior High",92374
"23877",36,67843,3635042,10,2012,111,64.2091767881242,"Redlands Senior High",92374
"23878",36,67843,3635042,11,2012,31,44.9069518716578,"Redlands Senior High",92374
"23879",36,67843,3635042,11,2012,111,59.641312453393,"Redlands Senior High",92374
"23880",36,67843,6036479,2,2012,31,61,"Crafton Elementary",92374
"23881",36,67843,6036479,2,2012,111,72,"Crafton Elementary",92374
"23882",36,67843,6036479,3,2012,31,60.6146788990826,"Crafton Elementary",92374
"23883",36,67843,6036479,3,2012,111,83.2363636363636,"Crafton Elementary",92374
"23884",36,67843,6036479,4,2012,31,84.2105263157895,"Crafton Elementary",92374
"23885",36,67843,6036479,4,2012,111,95.9873417721519,"Crafton Elementary",92374
"23886",36,67843,6036479,5,2012,31,75.096,"Crafton Elementary",92374
"23887",36,67843,6036479,5,2012,111,89.6871165644172,"Crafton Elementary",92374
"23888",36,67843,6036487,2,2012,31,51.5,"Cram Elementary",92346
"23889",36,67843,6036487,2,2012,111,82,"Cram Elementary",92346
"23890",36,67843,6036487,3,2012,31,77.1639344262295,"Cram Elementary",92346
"23891",36,67843,6036487,3,2012,111,81.1549295774648,"Cram Elementary",92346
"23892",36,67843,6036487,4,2012,31,89.5,"Cram Elementary",92346
"23893",36,67843,6036487,4,2012,111,85.5202702702703,"Cram Elementary",92346
"23894",36,67843,6036487,5,2012,31,75.3766233766234,"Cram Elementary",92346
"23895",36,67843,6036487,5,2012,111,80.325,"Cram Elementary",92346
"23896",36,67843,6036503,2,2012,31,60.5,"Franklin Elementary",92374
"23897",36,67843,6036503,2,2012,111,62.5,"Franklin Elementary",92374
"23898",36,67843,6036503,3,2012,31,56.2662721893491,"Franklin Elementary",92374
"23899",36,67843,6036503,3,2012,111,86.5,"Franklin Elementary",92374
"23900",36,67843,6036503,4,2012,31,74.0112359550562,"Franklin Elementary",92374
"23901",36,67843,6036503,4,2012,111,90,"Franklin Elementary",92374
"23902",36,67843,6036503,5,2012,31,65.712389380531,"Franklin Elementary",92374
"23903",36,67843,6036511,2,2012,31,50,"Kimberly Elementary",92373
"23904",36,67843,6036511,2,2012,111,81.5,"Kimberly Elementary",92373
"23905",36,67843,6036511,3,2012,31,70,"Kimberly Elementary",92373
"23906",36,67843,6036511,3,2012,111,87.5,"Kimberly Elementary",92373
"23907",36,67843,6036511,4,2012,31,67.5081967213115,"Kimberly Elementary",92373
"23908",36,67843,6036511,4,2012,111,93,"Kimberly Elementary",92373
"23909",36,67843,6036511,5,2012,31,54.0571428571429,"Kimberly Elementary",92373
"23910",36,67843,6036511,5,2012,111,86.3404255319149,"Kimberly Elementary",92373
"23911",36,67843,6036537,2,2012,31,41,"Lugonia Elementary",92374
"23912",36,67843,6036537,3,2012,31,50.0978260869565,"Lugonia Elementary",92374
"23913",36,67843,6036537,4,2012,31,60.4740740740741,"Lugonia Elementary",92374
"23914",36,67843,6036537,5,2012,31,50.8468468468468,"Lugonia Elementary",92374
"23915",36,67843,6036537,5,2012,111,67,"Lugonia Elementary",92374
"23916",36,67843,6036545,2,2012,31,78.5,"Mariposa Elementary",92373
"23917",36,67843,6036545,2,2012,111,87.5,"Mariposa Elementary",92373
"23918",36,67843,6036545,3,2012,31,57.5,"Mariposa Elementary",92373
"23919",36,67843,6036545,3,2012,111,85.5,"Mariposa Elementary",92373
"23920",36,67843,6036545,4,2012,31,66.5757575757576,"Mariposa Elementary",92373
"23921",36,67843,6036545,4,2012,111,95.5,"Mariposa Elementary",92373
"23922",36,67843,6036545,5,2012,31,65.5571428571429,"Mariposa Elementary",92373
"23923",36,67843,6036545,5,2012,111,94,"Mariposa Elementary",92373
"23924",36,67843,6036552,2,2012,31,57,"McKinley Elementary",92373
"23925",36,67843,6036552,2,2012,111,94,"McKinley Elementary",92373
"23926",36,67843,6036552,3,2012,31,60,"McKinley Elementary",92373
"23927",36,67843,6036552,3,2012,111,86.5,"McKinley Elementary",92373
"23928",36,67843,6036552,4,2012,31,59,"McKinley Elementary",92373
"23929",36,67843,6036552,4,2012,111,80,"McKinley Elementary",92373
"23930",36,67843,6036552,5,2012,31,61,"McKinley Elementary",92373
"23931",36,67843,6036552,5,2012,111,91.3333333333333,"McKinley Elementary",92373
"23932",36,67843,6036560,2,2012,31,74.5,"Mentone Elementary",92359
"23933",36,67843,6036560,2,2012,111,84.5,"Mentone Elementary",92359
"23934",36,67843,6036560,3,2012,31,46.5,"Mentone Elementary",92359
"23935",36,67843,6036560,3,2012,111,71,"Mentone Elementary",92359
"23936",36,67843,6036560,4,2012,31,78.5,"Mentone Elementary",92359
"23937",36,67843,6036560,4,2012,111,84.2941176470588,"Mentone Elementary",92359
"23938",36,67843,6036560,5,2012,31,67.3333333333333,"Mentone Elementary",92359
"23939",36,67843,6036560,5,2012,111,78.2545454545455,"Mentone Elementary",92359
"23940",36,67843,6036586,2,2012,31,71.5,"Smiley Elementary",92373
"23941",36,67843,6036586,2,2012,111,87,"Smiley Elementary",92373
"23942",36,67843,6036586,3,2012,31,56.780487804878,"Smiley Elementary",92373
"23943",36,67843,6036586,3,2012,111,72.965811965812,"Smiley Elementary",92373
"23944",36,67843,6036586,4,2012,31,68.4571428571429,"Smiley Elementary",92373
"23945",36,67843,6036586,4,2012,111,86,"Smiley Elementary",92373
"23946",36,67843,6036586,5,2012,31,69.0609756097561,"Smiley Elementary",92373
"23947",36,67843,6036586,5,2012,111,84.3164556962025,"Smiley Elementary",92373
"23948",36,67843,6036594,2,2012,31,45,"Victoria Elementary",92408
"23949",36,67843,6036594,3,2012,31,53.1937984496124,"Victoria Elementary",92408
"23950",36,67843,6036594,3,2012,111,55,"Victoria Elementary",92408
"23951",36,67843,6036594,4,2012,31,45.9645390070922,"Victoria Elementary",92408
"23952",36,67843,6036594,5,2012,31,60.6666666666667,"Victoria Elementary",92408
"23953",36,67843,6059414,6,2012,31,46.4963325183374,"Clement Middle",92374
"23954",36,67843,6059414,6,2012,111,76.9849246231156,"Clement Middle",92374
"23955",36,67843,6059414,7,2012,31,48,"Clement Middle",92374
"23956",36,67843,6059414,7,2012,111,67.8783783783784,"Clement Middle",92374
"23957",36,67843,6059414,8,2012,31,50.6886363636364,"Clement Middle",92374
"23958",36,67843,6059414,8,2012,111,69.258064516129,"Clement Middle",92374
"23959",36,67843,6059422,6,2012,31,48.9397849462366,"Cope Middle",92373
"23960",36,67843,6059422,6,2012,111,81,"Cope Middle",92373
"23961",36,67843,6059422,7,2012,31,54,"Cope Middle",92373
"23962",36,67843,6059422,7,2012,111,83.0125944584383,"Cope Middle",92373
"23963",36,67843,6059422,8,2012,31,51.9252232142857,"Cope Middle",92373
"23964",36,67843,6059422,8,2012,111,75.4676434676435,"Cope Middle",92373
"23965",36,67843,6061881,6,2012,31,56.9816513761468,"Moore Middle",92374
"23966",36,67843,6061881,6,2012,111,82.5182724252492,"Moore Middle",92374
"23967",36,67843,6061881,7,2012,31,53.3678756476684,"Moore Middle",92374
"23968",36,67843,6061881,7,2012,111,78.4791086350975,"Moore Middle",92374
"23969",36,67843,6061881,8,2012,31,51.5432835820896,"Moore Middle",92374
"23970",36,67843,6061881,8,2012,111,83.2808219178082,"Moore Middle",92374
"23971",36,67843,6067060,2,2012,31,63.5,"Kingsbury Elementary",92373
"23972",36,67843,6067060,2,2012,111,92.5,"Kingsbury Elementary",92373
"23973",36,67843,6067060,3,2012,31,55.8769230769231,"Kingsbury Elementary",92373
"23974",36,67843,6067060,3,2012,111,81,"Kingsbury Elementary",92373
"23975",36,67843,6067060,4,2012,31,70.0373831775701,"Kingsbury Elementary",92373
"23976",36,67843,6067060,4,2012,111,92,"Kingsbury Elementary",92373
"23977",36,67843,6067060,5,2012,31,59.9864864864865,"Kingsbury Elementary",92373
"23978",36,67843,6067060,5,2012,111,90.6666666666667,"Kingsbury Elementary",92373
"23979",36,67843,6108179,2,2012,31,70,"Arroyo Verde Elementary",92346
"23980",36,67843,6108179,2,2012,111,87,"Arroyo Verde Elementary",92346
"23981",36,67843,6108179,3,2012,31,48,"Arroyo Verde Elementary",92346
"23982",36,67843,6108179,3,2012,111,63,"Arroyo Verde Elementary",92346
"23983",36,67843,6108179,4,2012,31,72,"Arroyo Verde Elementary",92346
"23984",36,67843,6108179,4,2012,111,76.0095238095238,"Arroyo Verde Elementary",92346
"23985",36,67843,6108179,5,2012,31,76.5983606557377,"Arroyo Verde Elementary",92346
"23986",36,67843,6108179,5,2012,111,88.3463687150838,"Arroyo Verde Elementary",92346
"23987",36,67843,6111132,2,2012,31,66,"Bryn Mawr Elementary",92354
"23988",36,67843,6111132,2,2012,111,68,"Bryn Mawr Elementary",92354
"23989",36,67843,6111132,3,2012,31,81.984496124031,"Bryn Mawr Elementary",92354
"23990",36,67843,6111132,3,2012,111,72.5684210526316,"Bryn Mawr Elementary",92354
"23991",36,67843,6111132,4,2012,31,85.4390243902439,"Bryn Mawr Elementary",92354
"23992",36,67843,6111132,4,2012,111,96,"Bryn Mawr Elementary",92354
"23993",36,67843,6111132,5,2012,31,64.9863636363636,"Bryn Mawr Elementary",92354
"23994",36,67843,6111132,5,2012,111,86.0264900662252,"Bryn Mawr Elementary",92354
"23995",36,67850,102830,9,2012,31,35.7002840909091,"Wilmer Amina Carter High",92377
"23996",36,67850,102830,9,2012,111,39.0280777537797,"Wilmer Amina Carter High",92377
"23997",36,67850,102830,10,2012,31,28.1890331890332,"Wilmer Amina Carter High",92377
"23998",36,67850,102830,10,2012,111,42.3412604042806,"Wilmer Amina Carter High",92377
"23999",36,67850,102830,11,2012,31,27.9156180606958,"Wilmer Amina Carter High",92377
"24000",36,67850,102830,11,2012,111,37.0705521472393,"Wilmer Amina Carter High",92377
"24001",36,67850,121160,2,2012,31,61.5,"Nancy R. Kordyak Elementary",92336
"24002",36,67850,121160,2,2012,111,82,"Nancy R. Kordyak Elementary",92336
"24003",36,67850,121160,3,2012,31,63.5,"Nancy R. Kordyak Elementary",92336
"24004",36,67850,121160,3,2012,111,79,"Nancy R. Kordyak Elementary",92336
"24005",36,67850,121160,4,2012,31,64.4567901234568,"Nancy R. Kordyak Elementary",92336
"24006",36,67850,121160,4,2012,111,67,"Nancy R. Kordyak Elementary",92336
"24007",36,67850,121160,5,2012,31,58.3333333333333,"Nancy R. Kordyak Elementary",92336
"24008",36,67850,121160,5,2012,111,75.0215053763441,"Nancy R. Kordyak Elementary",92336
"24009",36,67850,3630597,9,2012,31,32.5271903323263,"Rialto High",92376
"24010",36,67850,3630597,9,2012,111,45.5555555555556,"Rialto High",92376
"24011",36,67850,3630597,10,2012,31,34.010472972973,"Rialto High",92376
"24012",36,67850,3630597,10,2012,111,41.629392971246,"Rialto High",92376
"24013",36,67850,3630597,11,2012,31,32.2911392405063,"Rialto High",92376
"24014",36,67850,3630597,11,2012,111,33.0251396648045,"Rialto High",92376
"24015",36,67850,6036651,2,2012,31,47.5,"Kelley Elementary",92376
"24016",36,67850,6036651,3,2012,31,46,"Kelley Elementary",92376
"24017",36,67850,6036651,4,2012,31,55.9957081545064,"Kelley Elementary",92376
"24018",36,67850,6036651,5,2012,31,47.34375,"Kelley Elementary",92376
"24019",36,67850,6059455,6,2012,31,38.4840255591054,"Rialto Middle",92376
"24020",36,67850,6059455,6,2012,111,60,"Rialto Middle",92376
"24021",36,67850,6059455,7,2012,31,43.7575757575758,"Rialto Middle",92376
"24022",36,67850,6059455,7,2012,111,54.6875,"Rialto Middle",92376
"24023",36,67850,6059455,8,2012,31,40.3850970569818,"Rialto Middle",92376
"24024",36,67850,6059455,8,2012,111,47.7281553398058,"Rialto Middle",92376
"24025",36,67850,6105704,2,2012,31,52,"Helen L. Dollahan Elementary",92376
"24026",36,67850,6105704,3,2012,31,46.6540540540541,"Helen L. Dollahan Elementary",92376
"24027",36,67850,6105704,4,2012,31,62.9351351351351,"Helen L. Dollahan Elementary",92376
"24028",36,67850,6105704,4,2012,111,78.3478260869565,"Helen L. Dollahan Elementary",92376
"24029",36,67850,6105704,5,2012,31,70.3333333333333,"Helen L. Dollahan Elementary",92376
"24030",36,67850,6106538,2,2012,31,74.5,"Samuel W. Simpson Elementary",92376
"24031",36,67850,6106538,2,2012,111,66,"Samuel W. Simpson Elementary",92376
"24032",36,67850,6106538,3,2012,31,62.7477064220183,"Samuel W. Simpson Elementary",92376
"24033",36,67850,6106538,4,2012,31,68.521327014218,"Samuel W. Simpson Elementary",92376
"24034",36,67850,6106538,4,2012,111,81,"Samuel W. Simpson Elementary",92376
"24035",36,67850,6106538,5,2012,31,70.7413127413127,"Samuel W. Simpson Elementary",92376
"24036",36,67850,6106538,5,2012,111,82.7826086956522,"Samuel W. Simpson Elementary",92376
"24037",36,67850,6108864,2,2012,31,51,"Georgia Morris Elementary",92324
"24038",36,67850,6108864,3,2012,31,67.7133757961783,"Georgia Morris Elementary",92324
"24039",36,67850,6108864,3,2012,111,83.5,"Georgia Morris Elementary",92324
"24040",36,67850,6108864,4,2012,31,54,"Georgia Morris Elementary",92324
"24041",36,67850,6108864,4,2012,111,71,"Georgia Morris Elementary",92324
"24042",36,67850,6108864,5,2012,31,50.6666666666667,"Georgia Morris Elementary",92324
"24043",36,67850,6111744,6,2012,31,41.9709677419355,"Ethel Kucera Middle",92377
"24044",36,67850,6111744,6,2012,111,58.5,"Ethel Kucera Middle",92377
"24045",36,67850,6111744,7,2012,31,43.8892355694228,"Ethel Kucera Middle",92377
"24046",36,67850,6111744,7,2012,111,50.5364238410596,"Ethel Kucera Middle",92377
"24047",36,67850,6111744,8,2012,31,47.8155864197531,"Ethel Kucera Middle",92377
"24048",36,67850,6111744,8,2012,111,58.8809523809524,"Ethel Kucera Middle",92377
"24049",36,67850,6114938,2,2012,31,50.5,"Sam V. Curtis Elementary",92376
"24050",36,67850,6114938,2,2012,111,72,"Sam V. Curtis Elementary",92376
"24051",36,67850,6114938,3,2012,31,24.4363636363636,"Sam V. Curtis Elementary",92376
"24052",36,67850,6114938,4,2012,31,46.0738916256158,"Sam V. Curtis Elementary",92376
"24053",36,67850,6114938,5,2012,31,38.2522255192878,"Sam V. Curtis Elementary",92376
"24054",36,67850,6114938,5,2012,111,48.3333333333333,"Sam V. Curtis Elementary",92376
"24055",36,67868,3635265,9,2012,31,31.2757009345794,"Rim of the World Senior High",92352
"24056",36,67868,3635265,9,2012,111,51.5187637969095,"Rim of the World Senior High",92352
"24057",36,67868,3635265,10,2012,31,27.6897746967071,"Rim of the World Senior High",92352
"24058",36,67868,3635265,10,2012,111,49.9222737819026,"Rim of the World Senior High",92352
"24059",36,67868,3635265,11,2012,31,28.6461538461538,"Rim of the World Senior High",92352
"24060",36,67868,3635265,11,2012,111,52.3968531468531,"Rim of the World Senior High",92352
"24061",36,67868,6036727,2,2012,31,64,"Lake Arrowhead Elementary",92352
"24062",36,67868,6036727,2,2012,111,83.5,"Lake Arrowhead Elementary",92352
"24063",36,67868,6036727,3,2012,31,59,"Lake Arrowhead Elementary",92352
"24064",36,67868,6036727,3,2012,111,76,"Lake Arrowhead Elementary",92352
"24065",36,67868,6036727,4,2012,31,75.5056179775281,"Lake Arrowhead Elementary",92352
"24066",36,67868,6036727,4,2012,111,75.9859154929577,"Lake Arrowhead Elementary",92352
"24067",36,67868,6036727,5,2012,31,76.275,"Lake Arrowhead Elementary",92352
"24068",36,67868,6036727,5,2012,111,85.3333333333333,"Lake Arrowhead Elementary",92352
"24069",36,67868,6068779,6,2012,31,43.5308219178082,"Mary P. Henck Intermediate",92352
"24070",36,67868,6068779,6,2012,111,73.9686274509804,"Mary P. Henck Intermediate",92352
"24071",36,67868,6068779,7,2012,31,50.5390070921986,"Mary P. Henck Intermediate",92352
"24072",36,67868,6068779,7,2012,111,68.1010101010101,"Mary P. Henck Intermediate",92352
"24073",36,67868,6068779,8,2012,31,38.9114331723027,"Mary P. Henck Intermediate",92352
"24074",36,67868,6068779,8,2012,111,61.906746031746,"Mary P. Henck Intermediate",92352
"24075",36,67876,107730,2,2012,31,44,"ASA Charter",92405
"24076",36,67876,107730,3,2012,31,42,"ASA Charter",92405
"24077",36,67876,107730,4,2012,31,33,"ASA Charter",92405
"24078",36,67876,107730,5,2012,31,29.3333333333333,"ASA Charter",92405
"24079",36,67876,107730,6,2012,31,24.5,"ASA Charter",92405
"24080",36,67876,107730,7,2012,31,19.8444444444444,"ASA Charter",92405
"24081",36,67876,107730,8,2012,31,12.952380952381,"ASA Charter",92405
"24082",36,67876,107730,10,2012,31,2.76056338028169,"ASA Charter",92405
"24083",36,67876,107730,11,2012,31,9.10714285714286,"ASA Charter",92405
"24084",36,67876,109850,6,2012,31,46.5,"Public Safety Academy",92408
"24085",36,67876,109850,6,2012,111,41.3333333333333,"Public Safety Academy",92408
"24086",36,67876,109850,7,2012,31,49.5824175824176,"Public Safety Academy",92408
"24087",36,67876,109850,7,2012,111,61.1463414634146,"Public Safety Academy",92408
"24088",36,67876,109850,8,2012,31,60.5,"Public Safety Academy",92408
"24089",36,67876,109850,8,2012,111,63.4727272727273,"Public Safety Academy",92408
"24090",36,67876,109850,9,2012,31,16.1046511627907,"Public Safety Academy",92408
"24091",36,67876,109850,9,2012,111,34.4571428571429,"Public Safety Academy",92408
"24092",36,67876,109850,10,2012,31,22.1812080536913,"Public Safety Academy",92408
"24093",36,67876,109850,10,2012,111,37.1681415929204,"Public Safety Academy",92408
"24094",36,67876,109850,11,2012,31,27.536231884058,"Public Safety Academy",92408
"24095",36,67876,109850,11,2012,111,32.0882352941176,"Public Safety Academy",92408
"24096",36,67876,116160,2,2012,31,34.4615384615385,"Bing Wong Elementary",92410
"24097",36,67876,116160,3,2012,31,31.5,"Bing Wong Elementary",92410
"24098",36,67876,116160,4,2012,31,49,"Bing Wong Elementary",92410
"24099",36,67876,116160,5,2012,31,43.6666666666667,"Bing Wong Elementary",92410
"24100",36,67876,116160,6,2012,31,52.5,"Bing Wong Elementary",92410
"24101",36,67876,3630308,11,2012,31,1.09843081312411,"San Andreas High",92346
"24102",36,67876,3632221,9,2012,31,41.3487669854051,"Cajon High",92407
"24103",36,67876,3632221,9,2012,111,32.5,"Cajon High",92407
"24104",36,67876,3632221,10,2012,31,34.531606537157,"Cajon High",92407
"24105",36,67876,3632221,10,2012,111,32.5609756097561,"Cajon High",92407
"24106",36,67876,3632221,11,2012,31,36.5045413260672,"Cajon High",92407
"24107",36,67876,3632809,11,2012,31,7.89579831932773,"Sierra High",92410
"24108",36,67876,3634680,9,2012,31,25.767922235723,"Pacific High",92404
"24109",36,67876,3634680,9,2012,111,2.44186046511628,"Pacific High",92404
"24110",36,67876,3634680,10,2012,31,28.3127104377104,"Pacific High",92404
"24111",36,67876,3634680,10,2012,111,25.5232558139535,"Pacific High",92404
"24112",36,67876,3634680,11,2012,31,26.0200471698113,"Pacific High",92404
"24113",36,67876,3634680,11,2012,111,14.7647058823529,"Pacific High",92404
"24114",36,67876,3635844,9,2012,31,22.6989381636477,"San Bernardino High",92405
"24115",36,67876,3635844,10,2012,31,22.2239285714286,"San Bernardino High",92405
"24116",36,67876,3635844,11,2012,31,19.1227168949772,"San Bernardino High",92405
"24117",36,67876,3636081,9,2012,31,27.9600591715976,"San Gorgonio High",92404
"24118",36,67876,3636081,9,2012,111,7.04545454545455,"San Gorgonio High",92404
"24119",36,67876,3636081,10,2012,31,31.8978710274607,"San Gorgonio High",92404
"24120",36,67876,3636081,10,2012,111,28.8955223880597,"San Gorgonio High",92404
"24121",36,67876,3636081,11,2012,31,31.4266917293233,"San Gorgonio High",92404
"24122",36,67876,6036750,2,2012,31,44.5,"Ramona-Alessandro Elementary",92411
"24123",36,67876,6036750,3,2012,31,58.615,"Ramona-Alessandro Elementary",92411
"24124",36,67876,6036750,4,2012,31,61,"Ramona-Alessandro Elementary",92411
"24125",36,67876,6036750,5,2012,31,68,"Ramona-Alessandro Elementary",92411
"24126",36,67876,6036768,2,2012,31,48,"Arrowhead Elementary",92405
"24127",36,67876,6036768,3,2012,31,34.5977011494253,"Arrowhead Elementary",92405
"24128",36,67876,6036768,4,2012,31,59.0963855421687,"Arrowhead Elementary",92405
"24129",36,67876,6036768,5,2012,31,30.9485294117647,"Arrowhead Elementary",92405
"24130",36,67876,6036776,2,2012,31,42,"Barton Elementary",92404
"24131",36,67876,6036776,3,2012,31,36.1559633027523,"Barton Elementary",92404
"24132",36,67876,6036776,4,2012,31,41,"Barton Elementary",92404
"24133",36,67876,6036776,5,2012,31,29.6666666666667,"Barton Elementary",92404
"24134",36,67876,6036776,6,2012,31,38.4197530864198,"Barton Elementary",92404
"24135",36,67876,6036784,2,2012,31,55.5,"Belvedere Elementary",92346
"24136",36,67876,6036784,3,2012,31,50,"Belvedere Elementary",92346
"24137",36,67876,6036784,4,2012,31,67.5070422535211,"Belvedere Elementary",92346
"24138",36,67876,6036784,5,2012,31,55.6546762589928,"Belvedere Elementary",92346
"24139",36,67876,6036784,6,2012,31,55.5028248587571,"Belvedere Elementary",92346
"24140",36,67876,6036792,2,2012,31,41.3978494623656,"Bradley Elementary",92404
"24141",36,67876,6036792,3,2012,31,51,"Bradley Elementary",92404
"24142",36,67876,6036792,4,2012,31,35,"Bradley Elementary",92404
"24143",36,67876,6036792,5,2012,31,43.6666666666667,"Bradley Elementary",92404
"24144",36,67876,6036792,6,2012,31,25,"Bradley Elementary",92404
"24145",36,67876,6036834,2,2012,31,36.5,"Cole Elementary",92346
"24146",36,67876,6036834,3,2012,31,29,"Cole Elementary",92346
"24147",36,67876,6036834,4,2012,31,65.9847328244275,"Cole Elementary",92346
"24148",36,67876,6036834,5,2012,31,38.3333333333333,"Cole Elementary",92346
"24149",36,67876,6036834,6,2012,31,32.4954954954955,"Cole Elementary",92346
"24150",36,67876,6036842,2,2012,31,57,"Cypress Elementary",92346
"24151",36,67876,6036842,3,2012,31,51,"Cypress Elementary",92346
"24152",36,67876,6036842,4,2012,31,63,"Cypress Elementary",92346
"24153",36,67876,6036842,5,2012,31,30.6666666666667,"Cypress Elementary",92346
"24154",36,67876,6036842,6,2012,31,42,"Cypress Elementary",92346
"24155",36,67876,6036859,2,2012,31,52.5,"Davidson Elementary",92405
"24156",36,67876,6036859,3,2012,31,31.5,"Davidson Elementary",92405
"24157",36,67876,6036859,4,2012,31,54,"Davidson Elementary",92405
"24158",36,67876,6036859,5,2012,31,44.3333333333333,"Davidson Elementary",92405
"24159",36,67876,6036859,6,2012,31,45.9565217391304,"Davidson Elementary",92405
"24160",36,67876,6036867,2,2012,31,35.9757085020243,"Del Rosa Elementary",92404
"24161",36,67876,6036867,3,2012,31,40.5,"Del Rosa Elementary",92404
"24162",36,67876,6036867,4,2012,31,30.0157068062827,"Del Rosa Elementary",92404
"24163",36,67876,6036867,5,2012,31,38.0136518771331,"Del Rosa Elementary",92404
"24164",36,67876,6036867,6,2012,31,24.475138121547,"Del Rosa Elementary",92404
"24165",36,67876,6036883,2,2012,31,51,"Fairfax Elementary",92404
"24166",36,67876,6036883,3,2012,31,48.5,"Fairfax Elementary",92404
"24167",36,67876,6036883,4,2012,31,47.9586776859504,"Fairfax Elementary",92404
"24168",36,67876,6036883,5,2012,31,53.1513513513514,"Fairfax Elementary",92404
"24169",36,67876,6036909,2,2012,31,72,"Hillside Elementary",92407
"24170",36,67876,6036909,3,2012,31,64.5,"Hillside Elementary",92407
"24171",36,67876,6036909,4,2012,31,75.5,"Hillside Elementary",92407
"24172",36,67876,6036909,5,2012,31,73.0119521912351,"Hillside Elementary",92407
"24173",36,67876,6036909,6,2012,31,58.4715447154472,"Hillside Elementary",92407
"24174",36,67876,6036917,2,2012,31,31.5,"Hunt Elementary",92404
"24175",36,67876,6036917,3,2012,31,39.0659898477157,"Hunt Elementary",92404
"24176",36,67876,6036917,4,2012,31,36.5,"Hunt Elementary",92404
"24177",36,67876,6036917,5,2012,31,39.025078369906,"Hunt Elementary",92404
"24178",36,67876,6036933,2,2012,31,63.5,"Kendall Elementary",92407
"24179",36,67876,6036933,3,2012,31,50.5,"Kendall Elementary",92407
"24180",36,67876,6036933,4,2012,31,61.0176991150442,"Kendall Elementary",92407
"24181",36,67876,6036933,4,2012,111,91.5,"Kendall Elementary",92407
"24182",36,67876,6036933,5,2012,31,56,"Kendall Elementary",92407
"24183",36,67876,6036941,2,2012,31,46.5,"Lankershim Elementary",92346
"24184",36,67876,6036941,3,2012,31,46.5,"Lankershim Elementary",92346
"24185",36,67876,6036941,4,2012,31,52.5,"Lankershim Elementary",92346
"24186",36,67876,6036941,5,2012,31,54,"Lankershim Elementary",92346
"24187",36,67876,6036941,6,2012,31,62.5,"Lankershim Elementary",92346
"24188",36,67876,6036958,2,2012,31,33,"Lincoln Elementary",92405
"24189",36,67876,6036958,3,2012,31,33.929889298893,"Lincoln Elementary",92405
"24190",36,67876,6036958,4,2012,31,51.1084337349398,"Lincoln Elementary",92405
"24191",36,67876,6036958,5,2012,31,41.0438596491228,"Lincoln Elementary",92405
"24192",36,67876,6036974,2,2012,31,32.5,"Lytle Creek Elementary",92410
"24193",36,67876,6036974,3,2012,31,41,"Lytle Creek Elementary",92410
"24194",36,67876,6036974,4,2012,31,63,"Lytle Creek Elementary",92410
"24195",36,67876,6036974,5,2012,31,46,"Lytle Creek Elementary",92410
"24196",36,67876,6036974,6,2012,31,40,"Lytle Creek Elementary",92410
"24197",36,67876,6036982,2,2012,31,53.5,"Marshall Elementary",92405
"24198",36,67876,6036982,3,2012,31,44.5,"Marshall Elementary",92405
"24199",36,67876,6036982,4,2012,31,59,"Marshall Elementary",92405
"24200",36,67876,6036982,5,2012,31,53.3333333333333,"Marshall Elementary",92405
"24201",36,67876,6036982,6,2012,31,48.4949494949495,"Marshall Elementary",92405
"24202",36,67876,6037014,2,2012,31,34.4593301435407,"Monterey Elementary",92410
"24203",36,67876,6037014,3,2012,31,38,"Monterey Elementary",92410
"24204",36,67876,6037014,4,2012,31,66.5,"Monterey Elementary",92410
"24205",36,67876,6037014,5,2012,31,45.6943396226415,"Monterey Elementary",92410
"24206",36,67876,6037014,6,2012,31,26,"Monterey Elementary",92410
"24207",36,67876,6037022,2,2012,31,34.9351351351351,"Mt. Vernon Elementary",92411
"24208",36,67876,6037022,3,2012,31,41,"Mt. Vernon Elementary",92411
"24209",36,67876,6037022,4,2012,31,40,"Mt. Vernon Elementary",92411
"24210",36,67876,6037022,5,2012,31,37.6417322834646,"Mt. Vernon Elementary",92411
"24211",36,67876,6037048,2,2012,31,37,"Muscoy Elementary",92407
"24212",36,67876,6037048,3,2012,31,47.5,"Muscoy Elementary",92407
"24213",36,67876,6037048,4,2012,31,58.2093023255814,"Muscoy Elementary",92407
"24214",36,67876,6037048,5,2012,31,46.7634408602151,"Muscoy Elementary",92407
"24215",36,67876,6037048,6,2012,31,58.5792682926829,"Muscoy Elementary",92407
"24216",36,67876,6037055,2,2012,31,49,"Newmark Elementary",92407
"24217",36,67876,6037055,3,2012,31,51.5,"Newmark Elementary",92407
"24218",36,67876,6037055,4,2012,31,66.5,"Newmark Elementary",92407
"24219",36,67876,6037055,5,2012,31,49.8842105263158,"Newmark Elementary",92407
"24220",36,67876,6037055,6,2012,31,71,"Newmark Elementary",92407
"24221",36,67876,6037063,2,2012,31,45.5,"Highland Pacific Elementary",92346
"24222",36,67876,6037063,3,2012,31,50.1376146788991,"Highland Pacific Elementary",92346
"24223",36,67876,6037063,4,2012,31,64.5,"Highland Pacific Elementary",92346
"24224",36,67876,6037063,5,2012,31,48.3333333333333,"Highland Pacific Elementary",92346
"24225",36,67876,6037063,6,2012,31,49.0526315789474,"Highland Pacific Elementary",92346
"24226",36,67876,6037071,2,2012,31,48,"Parkside Elementary",92404
"24227",36,67876,6037071,3,2012,31,46.9235668789809,"Parkside Elementary",92404
"24228",36,67876,6037071,4,2012,31,44.944,"Parkside Elementary",92404
"24229",36,67876,6037071,5,2012,31,42.5289256198347,"Parkside Elementary",92404
"24230",36,67876,6037071,6,2012,31,43.974358974359,"Parkside Elementary",92404
"24231",36,67876,6037097,2,2012,31,45,"Riley Elementary",92405
"24232",36,67876,6037097,3,2012,31,44,"Riley Elementary",92405
"24233",36,67876,6037097,4,2012,31,62,"Riley Elementary",92405
"24234",36,67876,6037097,5,2012,31,51.9803921568627,"Riley Elementary",92405
"24235",36,67876,6037105,2,2012,31,50.4367816091954,"Rio Vista Elementary",92411
"24236",36,67876,6037105,3,2012,31,44,"Rio Vista Elementary",92411
"24237",36,67876,6037105,4,2012,31,60,"Rio Vista Elementary",92411
"24238",36,67876,6037105,5,2012,31,49,"Rio Vista Elementary",92411
"24239",36,67876,6037113,2,2012,31,39,"Roosevelt Elementary",92411
"24240",36,67876,6037113,3,2012,31,48.5,"Roosevelt Elementary",92411
"24241",36,67876,6037113,4,2012,31,49,"Roosevelt Elementary",92411
"24242",36,67876,6037113,5,2012,31,54.3333333333333,"Roosevelt Elementary",92411
"24243",36,67876,6037139,2,2012,31,67,"Thompson Elementary",92346
"24244",36,67876,6037139,3,2012,31,61.5,"Thompson Elementary",92346
"24245",36,67876,6037139,4,2012,31,56.5276073619632,"Thompson Elementary",92346
"24246",36,67876,6037139,5,2012,31,50.6666666666667,"Thompson Elementary",92346
"24247",36,67876,6037139,6,2012,31,52,"Thompson Elementary",92346
"24248",36,67876,6037147,2,2012,31,37,"Urbita Elementary",92410
"24249",36,67876,6037147,3,2012,31,34,"Urbita Elementary",92410
"24250",36,67876,6037147,4,2012,31,71.5,"Urbita Elementary",92410
"24251",36,67876,6037147,5,2012,31,56.3333333333333,"Urbita Elementary",92410
"24252",36,67876,6037147,6,2012,31,50,"Urbita Elementary",92410
"24253",36,67876,6037154,2,2012,31,43.9877551020408,"Vermont Elementary",92407
"24254",36,67876,6037154,3,2012,31,41,"Vermont Elementary",92407
"24255",36,67876,6037154,4,2012,31,50.5,"Vermont Elementary",92407
"24256",36,67876,6037154,5,2012,31,40.695652173913,"Vermont Elementary",92407
"24257",36,67876,6037162,2,2012,31,55.5,"Warm Springs Elementary",92410
"24258",36,67876,6037162,3,2012,31,43,"Warm Springs Elementary",92410
"24259",36,67876,6037162,4,2012,31,55.5,"Warm Springs Elementary",92410
"24260",36,67876,6037162,5,2012,31,37,"Warm Springs Elementary",92410
"24261",36,67876,6037162,6,2012,31,38.0184049079755,"Warm Springs Elementary",92410
"24262",36,67876,6037170,2,2012,31,52,"Wilson Elementary",92404
"24263",36,67876,6037170,3,2012,31,48.5,"Wilson Elementary",92404
"24264",36,67876,6037170,4,2012,31,54,"Wilson Elementary",92404
"24265",36,67876,6037170,5,2012,31,51,"Wilson Elementary",92404
"24266",36,67876,6059489,6,2012,31,15.0298507462687,"Del Vallejo Middle",92404
"24267",36,67876,6059489,7,2012,31,31.4924874791319,"Del Vallejo Middle",92404
"24268",36,67876,6059489,7,2012,111,21.3939393939394,"Del Vallejo Middle",92404
"24269",36,67876,6059489,8,2012,31,26.8579838116262,"Del Vallejo Middle",92404
"24270",36,67876,6059489,8,2012,111,26.8571428571429,"Del Vallejo Middle",92404
"24271",36,67876,6059505,6,2012,31,30.9838187702265,"Golden Valley Middle",92404
"24272",36,67876,6059505,7,2012,31,30.9916083916084,"Golden Valley Middle",92404
"24273",36,67876,6059505,7,2012,111,23.5,"Golden Valley Middle",92404
"24274",36,67876,6059505,8,2012,31,29.1458745874587,"Golden Valley Middle",92404
"24275",36,67876,6059505,8,2012,111,33.9245283018868,"Golden Valley Middle",92404
"24276",36,67876,6061907,6,2012,31,35.0090415913201,"Arrowview Middle",92405
"24277",36,67876,6061907,7,2012,31,42.0026525198939,"Arrowview Middle",92405
"24278",36,67876,6061907,8,2012,31,45.1297446514838,"Arrowview Middle",92405
"24279",36,67876,6061907,8,2012,111,20.32,"Arrowview Middle",92405
"24280",36,67876,6061915,7,2012,31,41,"Curtis Middle",92410
"24281",36,67876,6061915,8,2012,31,29.2110236220472,"Curtis Middle",92410
"24282",36,67876,6061923,6,2012,31,21.9769673704415,"Martin Luther King Jr. Middle",92411
"24283",36,67876,6061923,7,2012,31,31,"Martin Luther King Jr. Middle",92411
"24284",36,67876,6061923,8,2012,31,40.2844752818734,"Martin Luther King Jr. Middle",92411
"24285",36,67876,6067078,2,2012,31,57,"Kimbark Elementary",92407
"24286",36,67876,6067078,3,2012,31,67.5,"Kimbark Elementary",92407
"24287",36,67876,6067078,4,2012,31,68.0077519379845,"Kimbark Elementary",92407
"24288",36,67876,6067078,5,2012,31,75.3668639053254,"Kimbark Elementary",92407
"24289",36,67876,6067078,6,2012,31,51.5,"Kimbark Elementary",92407
"24290",36,67876,6067086,2,2012,31,64,"North Park Elementary",92407
"24291",36,67876,6067086,3,2012,31,43.5,"North Park Elementary",92407
"24292",36,67876,6067086,4,2012,31,56.5,"North Park Elementary",92407
"24293",36,67876,6067086,5,2012,31,42.6666666666667,"North Park Elementary",92407
"24294",36,67876,6067086,6,2012,31,48,"North Park Elementary",92407
"24295",36,67876,6068191,2,2012,31,41.4686192468619,"Emmerton Elementary",92404
"24296",36,67876,6068191,2,2012,111,36,"Emmerton Elementary",92404
"24297",36,67876,6068191,3,2012,31,41.9265306122449,"Emmerton Elementary",92404
"24298",36,67876,6068209,2,2012,31,43.5,"Oehl Elementary",92346
"24299",36,67876,6068209,3,2012,31,48.5,"Oehl Elementary",92346
"24300",36,67876,6068209,4,2012,31,59.5,"Oehl Elementary",92346
"24301",36,67876,6068209,6,2012,31,33.4158415841584,"Oehl Elementary",92346
"24302",36,67876,6068712,7,2012,31,43,"Serrano Middle",92346
"24303",36,67876,6068712,7,2012,111,54.9310344827586,"Serrano Middle",92346
"24304",36,67876,6068712,8,2012,31,48.2574183976261,"Serrano Middle",92346
"24305",36,67876,6068712,8,2012,111,17,"Serrano Middle",92346
"24306",36,67876,6068720,6,2012,31,33.509485094851,"Shandin Hills Middle",92407
"24307",36,67876,6068720,7,2012,31,35.4877717391304,"Shandin Hills Middle",92407
"24308",36,67876,6068720,8,2012,31,37.8878016960209,"Shandin Hills Middle",92407
"24309",36,67876,6112767,3,2012,31,58.5,"Palm Avenue Elementary",92407
"24310",36,67876,6112767,4,2012,31,58.4558823529412,"Palm Avenue Elementary",92407
"24311",36,67876,6112767,5,2012,31,66.3408450704225,"Palm Avenue Elementary",92407
"24312",36,67876,6112767,6,2012,31,44.8645833333333,"Palm Avenue Elementary",92407
"24313",36,67892,3636487,8,2012,31,43.25,"Trona High",93562
"24314",36,67892,3636487,9,2012,31,42.3076923076923,"Trona High",93562
"24315",36,67892,6037188,2,2012,31,46.5,"Trona Elementary",93562
"24316",36,67892,6037188,3,2012,31,55,"Trona Elementary",93562
"24317",36,67892,6037188,4,2012,31,73.5,"Trona Elementary",93562
"24318",36,67892,6037188,5,2012,31,48.3333333333333,"Trona Elementary",93562
"24319",36,67892,6037188,6,2012,31,78,"Trona Elementary",93562
"24320",36,67918,108431,2,2012,31,72.5,"Galileo Academy 101",92395
"24321",36,67918,108431,2,2012,111,79,"Galileo Academy 101",92395
"24322",36,67918,108431,3,2012,31,50,"Galileo Academy 101",92395
"24323",36,67918,108431,3,2012,111,77.5,"Galileo Academy 101",92395
"24324",36,67918,108431,4,2012,31,62,"Galileo Academy 101",92395
"24325",36,67918,108431,4,2012,111,91.5,"Galileo Academy 101",92395
"24326",36,67918,108431,5,2012,31,44.3422818791946,"Galileo Academy 101",92395
"24327",36,67918,108431,5,2012,111,76.3333333333333,"Galileo Academy 101",92395
"24328",36,67918,108431,6,2012,31,55.1764705882353,"Galileo Academy 101",92395
"24329",36,67918,108431,6,2012,111,81.5,"Galileo Academy 101",92395
"24330",36,67918,6037329,2,2012,31,64.5,"Del Rey Elementary",92395
"24331",36,67918,6037329,3,2012,31,32.5,"Del Rey Elementary",92395
"24332",36,67918,6037329,3,2012,111,37.8620689655172,"Del Rey Elementary",92395
"24333",36,67918,6037329,4,2012,31,54.5,"Del Rey Elementary",92395
"24334",36,67918,6037329,4,2012,111,47.5,"Del Rey Elementary",92395
"24335",36,67918,6037329,5,2012,31,54,"Del Rey Elementary",92395
"24336",36,67918,6037329,5,2012,111,66.6666666666667,"Del Rey Elementary",92395
"24337",36,67918,6037329,6,2012,31,50.4953271028037,"Del Rey Elementary",92395
"24338",36,67918,6037360,2,2012,31,50.5,"Park View Elementary",92395
"24339",36,67918,6037360,2,2012,111,51,"Park View Elementary",92395
"24340",36,67918,6037360,3,2012,31,53.376,"Park View Elementary",92395
"24341",36,67918,6037360,3,2012,111,68,"Park View Elementary",92395
"24342",36,67918,6037360,4,2012,31,51,"Park View Elementary",92395
"24343",36,67918,6037360,4,2012,111,58,"Park View Elementary",92395
"24344",36,67918,6037360,5,2012,31,51.6666666666667,"Park View Elementary",92395
"24345",36,67918,6037360,5,2012,111,61.4354838709677,"Park View Elementary",92395
"24346",36,67918,6037360,6,2012,31,42,"Park View Elementary",92395
"24347",36,67918,6037360,6,2012,111,50.0408163265306,"Park View Elementary",92395
"24348",36,67918,6037386,2,2012,31,47.5,"Village Elementary",92395
"24349",36,67918,6037386,2,2012,111,36.5,"Village Elementary",92395
"24350",36,67918,6037386,3,2012,31,58,"Village Elementary",92395
"24351",36,67918,6037386,3,2012,111,76.5,"Village Elementary",92395
"24352",36,67918,6037386,4,2012,31,60.5,"Village Elementary",92395
"24353",36,67918,6037386,4,2012,111,59,"Village Elementary",92395
"24354",36,67918,6037386,5,2012,31,65.3333333333333,"Village Elementary",92395
"24355",36,67918,6037386,5,2012,111,58.6724137931034,"Village Elementary",92395
"24356",36,67918,6037386,6,2012,31,48.5,"Village Elementary",92395
"24357",36,67918,6037386,6,2012,111,47,"Village Elementary",92395
"24358",36,67918,6101927,2,2012,31,69,"Sixth Street Prep",92395
"24359",36,67918,6101927,3,2012,31,70,"Sixth Street Prep",92395
"24360",36,67918,6101927,4,2012,31,95,"Sixth Street Prep",92395
"24361",36,67918,6101927,5,2012,31,92.6666666666667,"Sixth Street Prep",92395
"24362",36,67918,6101927,6,2012,31,96,"Sixth Street Prep",92395
"24363",36,67918,6106587,2,2012,31,35,"Mojave Vista Elementary",92395
"24364",36,67918,6106587,2,2012,111,35.8852459016393,"Mojave Vista Elementary",92395
"24365",36,67918,6106587,3,2012,31,46.5,"Mojave Vista Elementary",92395
"24366",36,67918,6106587,3,2012,111,46,"Mojave Vista Elementary",92395
"24367",36,67918,6106587,4,2012,31,61.0184331797235,"Mojave Vista Elementary",92395
"24368",36,67918,6106587,4,2012,111,45.5,"Mojave Vista Elementary",92395
"24369",36,67918,6106587,5,2012,31,51,"Mojave Vista Elementary",92395
"24370",36,67918,6106587,5,2012,111,56,"Mojave Vista Elementary",92395
"24371",36,67918,6106587,6,2012,31,48.5,"Mojave Vista Elementary",92395
"24372",36,67918,6106587,6,2012,111,48,"Mojave Vista Elementary",92395
"24373",36,67918,6109219,2,2012,31,64,"Lomitas Elementary",92395
"24374",36,67918,6109219,2,2012,111,60.1276595744681,"Lomitas Elementary",92395
"24375",36,67918,6109219,3,2012,31,39.8861788617886,"Lomitas Elementary",92395
"24376",36,67918,6109219,3,2012,111,57,"Lomitas Elementary",92395
"24377",36,67918,6109219,4,2012,31,53.0247933884297,"Lomitas Elementary",92395
"24378",36,67918,6109219,4,2012,111,70.5,"Lomitas Elementary",92395
"24379",36,67918,6109219,5,2012,31,47.6666666666667,"Lomitas Elementary",92395
"24380",36,67918,6109219,5,2012,111,58,"Lomitas Elementary",92395
"24381",36,67918,6109219,6,2012,31,54.463687150838,"Lomitas Elementary",92395
"24382",36,67918,6109219,6,2012,111,59.5,"Lomitas Elementary",92395
"24383",36,67918,6113757,2,2012,31,46,"Brentwood Elementary",92395
"24384",36,67918,6113757,2,2012,111,63.1076923076923,"Brentwood Elementary",92395
"24385",36,67918,6113757,3,2012,31,49.5,"Brentwood Elementary",92395
"24386",36,67918,6113757,3,2012,111,61,"Brentwood Elementary",92395
"24387",36,67918,6113757,4,2012,31,50.5135135135135,"Brentwood Elementary",92395
"24388",36,67918,6113757,4,2012,111,32.9710144927536,"Brentwood Elementary",92395
"24389",36,67918,6113757,5,2012,31,57,"Brentwood Elementary",92395
"24390",36,67918,6113757,5,2012,111,60.4174757281553,"Brentwood Elementary",92395
"24391",36,67918,6113757,6,2012,31,53.5,"Brentwood Elementary",92395
"24392",36,67918,6113757,6,2012,111,57.5,"Brentwood Elementary",92395
"24393",36,67934,3630787,9,2012,31,22.7679211469534,"Silverado High",92392
"24394",36,67934,3630787,9,2012,111,38.8520499108734,"Silverado High",92392
"24395",36,67934,3630787,10,2012,31,24.3724472135687,"Silverado High",92392
"24396",36,67934,3630787,10,2012,111,32.5328185328185,"Silverado High",92392
"24397",36,67934,3630787,11,2012,31,26.2529411764706,"Silverado High",92392
"24398",36,67934,3630787,11,2012,111,33.0478011472275,"Silverado High",92392
"24399",36,67934,3638012,9,2012,31,27.624004898959,"Victor Valley High",92395
"24400",36,67934,3638012,9,2012,111,38.3297872340426,"Victor Valley High",92395
"24401",36,67934,3638012,10,2012,31,25.4291553133515,"Victor Valley High",92395
"24402",36,67934,3638012,10,2012,111,34.4761120263591,"Victor Valley High",92395
"24403",36,67934,3638012,11,2012,31,28.257180156658,"Victor Valley High",92395
"24404",36,67934,3638012,11,2012,111,30.1837209302326,"Victor Valley High",92395
"24405",36,67959,114256,2,2012,31,85,"Inland Leaders Charter",92399
"24406",36,67959,114256,2,2012,111,81.5,"Inland Leaders Charter",92399
"24407",36,67959,114256,3,2012,31,78.5,"Inland Leaders Charter",92399
"24408",36,67959,114256,3,2012,111,59.5,"Inland Leaders Charter",92399
"24409",36,67959,114256,4,2012,31,85.5,"Inland Leaders Charter",92399
"24410",36,67959,114256,4,2012,111,73,"Inland Leaders Charter",92399
"24411",36,67959,114256,5,2012,31,86.3333333333333,"Inland Leaders Charter",92399
"24412",36,67959,114256,5,2012,111,84,"Inland Leaders Charter",92399
"24413",36,67959,114256,6,2012,31,85,"Inland Leaders Charter",92399
"24414",36,67959,114256,6,2012,111,72,"Inland Leaders Charter",92399
"24415",36,67959,114256,7,2012,31,68.40625,"Inland Leaders Charter",92399
"24416",36,67959,114256,7,2012,111,84.4210526315789,"Inland Leaders Charter",92399
"24417",36,67959,114256,8,2012,31,50.8219178082192,"Inland Leaders Charter",92399
"24418",36,67959,114256,8,2012,111,54.1363636363636,"Inland Leaders Charter",92399
"24419",36,67959,117416,2,2012,31,41.5,"Chapman Heights Elementary",92399
"24420",36,67959,117416,2,2012,111,72.5,"Chapman Heights Elementary",92399
"24421",36,67959,117416,3,2012,31,48.1927710843374,"Chapman Heights Elementary",92399
"24422",36,67959,117416,3,2012,111,73.5,"Chapman Heights Elementary",92399
"24423",36,67959,117416,4,2012,31,79.9677419354839,"Chapman Heights Elementary",92399
"24424",36,67959,117416,4,2012,111,86.5225225225225,"Chapman Heights Elementary",92399
"24425",36,67959,117416,5,2012,31,45.6666666666667,"Chapman Heights Elementary",92399
"24426",36,67959,117416,5,2012,111,77.6666666666667,"Chapman Heights Elementary",92399
"24427",36,67959,117416,6,2012,31,56.3614457831325,"Chapman Heights Elementary",92399
"24428",36,67959,117416,6,2012,111,66,"Chapman Heights Elementary",92399
"24429",36,67959,119164,7,2012,31,39.5177865612648,"Mesa View Middle",92399
"24430",36,67959,119164,7,2012,111,68.5055762081784,"Mesa View Middle",92399
"24431",36,67959,119164,8,2012,31,29.3074074074074,"Mesa View Middle",92399
"24432",36,67959,119164,8,2012,111,59.6177062374245,"Mesa View Middle",92399
"24433",36,67959,3633351,11,2012,31,17.5154639175258,"Green Valley High",92399
"24434",36,67959,3633351,11,2012,111,25,"Green Valley High",92399
"24435",36,67959,3638509,9,2012,31,37.9561797752809,"Yucaipa High",92399
"24436",36,67959,3638509,9,2012,111,58.7901008249313,"Yucaipa High",92399
"24437",36,67959,3638509,10,2012,31,41.4223163841808,"Yucaipa High",92399
"24438",36,67959,3638509,10,2012,111,59.576169749728,"Yucaipa High",92399
"24439",36,67959,3638509,11,2012,31,46.0345268542199,"Yucaipa High",92399
"24440",36,67959,3638509,11,2012,111,50.7385620915033,"Yucaipa High",92399
"24441",36,67959,6037402,2,2012,31,34.5,"Calimesa Elementary",92399
"24442",36,67959,6037402,2,2012,111,54,"Calimesa Elementary",92399
"24443",36,67959,6037402,3,2012,31,42.5,"Calimesa Elementary",92399
"24444",36,67959,6037402,3,2012,111,46.5,"Calimesa Elementary",92399
"24445",36,67959,6037402,4,2012,31,43.0188679245283,"Calimesa Elementary",92399
"24446",36,67959,6037402,4,2012,111,62,"Calimesa Elementary",92399
"24447",36,67959,6037402,5,2012,31,58,"Calimesa Elementary",92399
"24448",36,67959,6037402,5,2012,111,68.3333333333333,"Calimesa Elementary",92399
"24449",36,67959,6037402,6,2012,31,40.4943820224719,"Calimesa Elementary",92399
"24450",36,67959,6037402,6,2012,111,65.4262295081967,"Calimesa Elementary",92399
"24451",36,67959,6037410,2,2012,31,49,"Dunlap Elementary",92399
"24452",36,67959,6037410,3,2012,31,47.7234042553191,"Dunlap Elementary",92399
"24453",36,67959,6037410,4,2012,31,61,"Dunlap Elementary",92399
"24454",36,67959,6037410,4,2012,111,82.3793103448276,"Dunlap Elementary",92399
"24455",36,67959,6037410,5,2012,31,62.910447761194,"Dunlap Elementary",92399
"24456",36,67959,6037410,6,2012,31,51.955223880597,"Dunlap Elementary",92399
"24457",36,67959,6037410,6,2012,111,64,"Dunlap Elementary",92399
"24458",36,67959,6037428,2,2012,31,37,"Valley Elementary",92399
"24459",36,67959,6037428,2,2012,111,71.5,"Valley Elementary",92399
"24460",36,67959,6037428,3,2012,31,39.1338582677165,"Valley Elementary",92399
"24461",36,67959,6037428,3,2012,111,64,"Valley Elementary",92399
"24462",36,67959,6037428,4,2012,31,31.9908256880734,"Valley Elementary",92399
"24463",36,67959,6037428,4,2012,111,74,"Valley Elementary",92399
"24464",36,67959,6037428,5,2012,31,45.7204301075269,"Valley Elementary",92399
"24465",36,67959,6037428,5,2012,111,71.7173913043478,"Valley Elementary",92399
"24466",36,67959,6037428,6,2012,31,42.4797297297297,"Valley Elementary",92399
"24467",36,67959,6037428,6,2012,111,68,"Valley Elementary",92399
"24468",36,67959,6108880,2,2012,31,58.5,"Ridgeview Elementary",92399
"24469",36,67959,6108880,2,2012,111,75.5,"Ridgeview Elementary",92399
"24470",36,67959,6108880,3,2012,31,53.5,"Ridgeview Elementary",92399
"24471",36,67959,6108880,3,2012,111,72,"Ridgeview Elementary",92399
"24472",36,67959,6108880,4,2012,31,68.0535714285714,"Ridgeview Elementary",92399
"24473",36,67959,6108880,4,2012,111,68.5,"Ridgeview Elementary",92399
"24474",36,67959,6108880,5,2012,31,68.410071942446,"Ridgeview Elementary",92399
"24475",36,67959,6108880,5,2012,111,78.6651162790698,"Ridgeview Elementary",92399
"24476",36,67959,6108880,6,2012,31,62,"Ridgeview Elementary",92399
"24477",36,67959,6108880,6,2012,111,69.962962962963,"Ridgeview Elementary",92399
"24478",36,67959,6110357,7,2012,31,52.0163934426229,"Park View Middle",92399
"24479",36,67959,6110357,7,2012,111,70,"Park View Middle",92399
"24480",36,67959,6110357,8,2012,31,46.2385008517888,"Park View Middle",92399
"24481",36,67959,6110357,8,2012,111,62.6006191950464,"Park View Middle",92399
"24482",36,67959,6114177,2,2012,31,59,"Wildwood Elementary",92399
"24483",36,67959,6114177,2,2012,111,82.5,"Wildwood Elementary",92399
"24484",36,67959,6114177,3,2012,31,54.3265306122449,"Wildwood Elementary",92399
"24485",36,67959,6114177,3,2012,111,72,"Wildwood Elementary",92399
"24486",36,67959,6114177,4,2012,31,66,"Wildwood Elementary",92399
"24487",36,67959,6114177,4,2012,111,90.054054054054,"Wildwood Elementary",92399
"24488",36,67959,6114177,5,2012,31,57.3333333333333,"Wildwood Elementary",92399
"24489",36,67959,6114177,5,2012,111,81.3128834355828,"Wildwood Elementary",92399
"24490",36,67959,6114177,6,2012,31,46.9130434782609,"Wildwood Elementary",92399
"24491",36,67959,6114177,6,2012,111,76.5,"Wildwood Elementary",92399
"24492",36,73858,3630076,10,2012,31,12.5972222222222,"Baker High",92309
"24493",36,73858,6035273,4,2012,31,42.5,"Baker Elementary",92309
"24494",36,73858,6035273,5,2012,31,51.3333333333333,"Baker Elementary",92309
"24495",36,73890,3630274,9,2012,31,39.259842519685,"Silver Valley High",92398
"24496",36,73890,3630274,9,2012,111,49.53,"Silver Valley High",92398
"24497",36,73890,3630274,10,2012,31,38.390625,"Silver Valley High",92398
"24498",36,73890,3630274,10,2012,111,46.5939226519337,"Silver Valley High",92398
"24499",36,73890,3630274,11,2012,31,43.1975308641975,"Silver Valley High",92398
"24500",36,73890,3630274,11,2012,111,50.9793103448276,"Silver Valley High",92398
"24501",36,73890,6035455,2,2012,31,62.5,"Yermo Elementary",92398
"24502",36,73890,6035455,3,2012,31,52.8979591836735,"Yermo Elementary",92398
"24503",36,73890,6035455,4,2012,31,53,"Yermo Elementary",92398
"24504",36,73890,6035455,6,2012,31,45,"Yermo Elementary",92398
"24505",36,73890,6035455,7,2012,31,61.5,"Yermo Elementary",92398
"24506",36,73890,6035455,8,2012,31,41.7412587412587,"Yermo Elementary",92398
"24507",36,73890,6035455,8,2012,111,66.1428571428571,"Yermo Elementary",92398
"24508",36,73957,3630233,9,2012,31,41.9117063492063,"Serrano High",92329
"24509",36,73957,3630233,9,2012,111,57.8568155784651,"Serrano High",92329
"24510",36,73957,3630233,10,2012,31,41.4166059723234,"Serrano High",92329
"24511",36,73957,3630233,10,2012,111,57.8181818181818,"Serrano High",92329
"24512",36,73957,3630233,11,2012,31,41.4667405764967,"Serrano High",92329
"24513",36,73957,3630233,11,2012,111,54.9176470588235,"Serrano High",92329
"24514",36,73957,3630365,10,2012,31,3.2,"Chaparral High",92329
"24515",36,73957,3630365,11,2012,31,16.7067137809187,"Chaparral High",92329
"24516",36,73957,3630365,11,2012,111,33.3076923076923,"Chaparral High",92329
"24517",36,73957,6106116,6,2012,31,45.5201465201465,"Pinon Mesa Middle",92329
"24518",36,73957,6106116,6,2012,111,72.5023474178404,"Pinon Mesa Middle",92329
"24519",36,73957,6106116,7,2012,31,59.0227272727273,"Pinon Mesa Middle",92329
"24520",36,73957,6106116,7,2012,111,70.5,"Pinon Mesa Middle",92329
"24521",36,73957,6106116,8,2012,31,44.4515050167224,"Pinon Mesa Middle",92329
"24522",36,73957,6106116,8,2012,111,63.9029535864979,"Pinon Mesa Middle",92329
"24523",36,73957,6106710,2,2012,31,57.5,"Baldy Mesa Elementary",92329
"24524",36,73957,6106710,2,2012,111,62.5,"Baldy Mesa Elementary",92329
"24525",36,73957,6106710,3,2012,31,50.7413793103448,"Baldy Mesa Elementary",92329
"24526",36,73957,6106710,3,2012,111,60.5,"Baldy Mesa Elementary",92329
"24527",36,73957,6106710,4,2012,31,63.5,"Baldy Mesa Elementary",92329
"24528",36,73957,6106710,4,2012,111,62,"Baldy Mesa Elementary",92329
"24529",36,73957,6106710,5,2012,31,50.6642335766423,"Baldy Mesa Elementary",92329
"24530",36,73957,6106710,5,2012,111,77.9819004524887,"Baldy Mesa Elementary",92329
"24531",36,75044,107805,2,2012,31,72.5,"Cypress School of the Arts",92345
"24532",36,75044,107805,2,2012,111,95.5,"Cypress School of the Arts",92345
"24533",36,75044,107805,3,2012,31,68,"Cypress School of the Arts",92345
"24534",36,75044,107805,3,2012,111,78.9473684210526,"Cypress School of the Arts",92345
"24535",36,75044,107805,4,2012,31,73,"Cypress School of the Arts",92345
"24536",36,75044,107805,4,2012,111,82.5,"Cypress School of the Arts",92345
"24537",36,75044,107805,5,2012,31,64.6666666666667,"Cypress School of the Arts",92345
"24538",36,75044,107805,5,2012,111,64,"Cypress School of the Arts",92345
"24539",36,75044,107805,6,2012,31,64.5,"Cypress School of the Arts",92345
"24540",36,75044,107805,6,2012,111,69.5094339622642,"Cypress School of the Arts",92345
"24541",36,75044,115444,9,2012,31,0,"Canyon Ridge High",92344
"24542",36,75044,115444,10,2012,31,7.03669724770642,"Canyon Ridge High",92344
"24543",36,75044,115444,10,2012,111,9.47169811320755,"Canyon Ridge High",92344
"24544",36,75044,115444,11,2012,31,8.95964125560538,"Canyon Ridge High",92344
"24545",36,75044,119115,9,2012,31,33.5980126467931,"Oak Hills High",92344
"24546",36,75044,119115,9,2012,111,47.3604135893648,"Oak Hills High",92344
"24547",36,75044,119115,10,2012,31,35.3508975101332,"Oak Hills High",92344
"24548",36,75044,119115,10,2012,111,48.5176991150442,"Oak Hills High",92344
"24549",36,75044,119115,11,2012,31,36.3912310286678,"Oak Hills High",92344
"24550",36,75044,119115,11,2012,111,41.4563679245283,"Oak Hills High",92344
"24551",36,75044,3630407,9,2012,31,34.7998411437649,"Hesperia High",92345
"24552",36,75044,3630407,9,2012,111,44.9324758842444,"Hesperia High",92345
"24553",36,75044,3630407,10,2012,31,27.4086433260394,"Hesperia High",92345
"24554",36,75044,3630407,10,2012,111,35.9308855291577,"Hesperia High",92345
"24555",36,75044,3630407,11,2012,31,25.0106571936057,"Hesperia High",92345
"24556",36,75044,3630407,11,2012,111,41.4869791666667,"Hesperia High",92345
"24557",36,75044,3630472,10,2012,31,20.7757009345794,"Mojave High",92345
"24558",36,75044,3630472,11,2012,31,7.59668508287293,"Mojave High",92345
"24559",36,75044,3630472,11,2012,111,0,"Mojave High",92345
"24560",36,75044,3630746,9,2012,31,38.6984402079723,"Sultana High",92345
"24561",36,75044,3630746,9,2012,111,49.4330708661417,"Sultana High",92345
"24562",36,75044,3630746,10,2012,31,36.5019011406844,"Sultana High",92345
"24563",36,75044,3630746,10,2012,111,51.375,"Sultana High",92345
"24564",36,75044,3630746,11,2012,31,40.2495575221239,"Sultana High",92345
"24565",36,75044,3630746,11,2012,111,54.7192513368984,"Sultana High",92345
"24566",36,75044,3630811,9,2012,111,11.2264150943396,"Shadow Ridge",92345
"24567",36,75044,3630811,10,2012,111,9.35658914728682,"Shadow Ridge",92345
"24568",36,75044,6035943,2,2012,31,52.5,"Joshua Circle Elementary",92345
"24569",36,75044,6035943,3,2012,31,40.5,"Joshua Circle Elementary",92345
"24570",36,75044,6035943,4,2012,31,52.5,"Joshua Circle Elementary",92345
"24571",36,75044,6035943,5,2012,31,47.8966789667897,"Joshua Circle Elementary",92345
"24572",36,75044,6035943,6,2012,31,52.5,"Joshua Circle Elementary",92345
"24573",36,75044,6035950,2,2012,31,70.9923664122137,"Juniper Elementary",92345
"24574",36,75044,6035950,3,2012,31,57,"Juniper Elementary",92345
"24575",36,75044,6035950,3,2012,111,71,"Juniper Elementary",92345
"24576",36,75044,6035950,4,2012,31,70,"Juniper Elementary",92345
"24577",36,75044,6035950,4,2012,111,71.5,"Juniper Elementary",92345
"24578",36,75044,6035950,5,2012,31,58.7201834862385,"Juniper Elementary",92345
"24579",36,75044,6035950,5,2012,111,78.3333333333333,"Juniper Elementary",92345
"24580",36,75044,6035950,6,2012,31,59.5,"Juniper Elementary",92345
"24581",36,75044,6035950,6,2012,111,87.5,"Juniper Elementary",92345
"24582",36,75044,6035968,2,2012,31,33,"Eucalyptus Elementary",92345
"24583",36,75044,6035968,2,2012,111,69.5,"Eucalyptus Elementary",92345
"24584",36,75044,6035968,3,2012,31,31,"Eucalyptus Elementary",92345
"24585",36,75044,6035968,3,2012,111,62.5,"Eucalyptus Elementary",92345
"24586",36,75044,6035968,4,2012,31,63.006993006993,"Eucalyptus Elementary",92345
"24587",36,75044,6035968,4,2012,111,87.6969696969697,"Eucalyptus Elementary",92345
"24588",36,75044,6035968,5,2012,31,50.6666666666667,"Eucalyptus Elementary",92345
"24589",36,75044,6035968,6,2012,31,50.03125,"Eucalyptus Elementary",92345
"24590",36,75044,6035968,6,2012,111,58.4722222222222,"Eucalyptus Elementary",92345
"24591",36,75044,6059547,7,2012,31,40.512893982808,"Hesperia Junior High",92345
"24592",36,75044,6059547,7,2012,111,52,"Hesperia Junior High",92345
"24593",36,75044,6059547,8,2012,31,42.5760336370007,"Hesperia Junior High",92345
"24594",36,75044,6059547,8,2012,111,46.3670886075949,"Hesperia Junior High",92345
"24595",36,75044,6089643,2,2012,31,55,"Mesa Grande Elementary",92345
"24596",36,75044,6089643,2,2012,111,70,"Mesa Grande Elementary",92345
"24597",36,75044,6089643,3,2012,31,35.5,"Mesa Grande Elementary",92345
"24598",36,75044,6089643,3,2012,111,54,"Mesa Grande Elementary",92345
"24599",36,75044,6089643,4,2012,31,57.5,"Mesa Grande Elementary",92345
"24600",36,75044,6089643,4,2012,111,88.5,"Mesa Grande Elementary",92345
"24601",36,75044,6089643,5,2012,31,52.9958158995816,"Mesa Grande Elementary",92345
"24602",36,75044,6089643,5,2012,111,79.8909090909091,"Mesa Grande Elementary",92345
"24603",36,75044,6089643,6,2012,31,38.992700729927,"Mesa Grande Elementary",92345
"24604",36,75044,6089643,6,2012,111,71.9295774647887,"Mesa Grande Elementary",92345
"24605",36,75044,6100937,2,2012,31,51.5,"Kingston Elementary",92345
"24606",36,75044,6100937,2,2012,111,68.5,"Kingston Elementary",92345
"24607",36,75044,6100937,3,2012,31,53.6134969325153,"Kingston Elementary",92345
"24608",36,75044,6100937,3,2012,111,51.0212765957447,"Kingston Elementary",92345
"24609",36,75044,6100937,4,2012,31,62.5,"Kingston Elementary",92345
"24610",36,75044,6100937,4,2012,111,80,"Kingston Elementary",92345
"24611",36,75044,6100937,5,2012,31,59.6991150442478,"Kingston Elementary",92345
"24612",36,75044,6100937,5,2012,111,65,"Kingston Elementary",92345
"24613",36,75044,6100937,6,2012,31,44.5,"Kingston Elementary",92345
"24614",36,75044,6100937,6,2012,111,60.5,"Kingston Elementary",92345
"24615",36,75044,6103337,2,2012,31,51.5,"Maple Elementary",92345
"24616",36,75044,6103337,2,2012,111,84.5,"Maple Elementary",92345
"24617",36,75044,6103337,3,2012,31,28,"Maple Elementary",92345
"24618",36,75044,6103337,3,2012,111,54.5,"Maple Elementary",92345
"24619",36,75044,6103337,4,2012,31,54.0268456375839,"Maple Elementary",92345
"24620",36,75044,6103337,4,2012,111,63.5,"Maple Elementary",92345
"24621",36,75044,6103337,5,2012,31,53.5789473684211,"Maple Elementary",92345
"24622",36,75044,6103337,5,2012,111,70,"Maple Elementary",92345
"24623",36,75044,6103337,6,2012,31,49.5,"Maple Elementary",92345
"24624",36,75044,6103337,6,2012,111,45.5,"Maple Elementary",92345
"24625",36,75044,6105498,2,2012,31,51.5,"Cottonwood Elementary",92345
"24626",36,75044,6105498,2,2012,111,71,"Cottonwood Elementary",92345
"24627",36,75044,6105498,3,2012,31,45,"Cottonwood Elementary",92345
"24628",36,75044,6105498,3,2012,111,73,"Cottonwood Elementary",92345
"24629",36,75044,6105498,4,2012,31,56,"Cottonwood Elementary",92345
"24630",36,75044,6105498,4,2012,111,71,"Cottonwood Elementary",92345
"24631",36,75044,6105498,5,2012,31,63,"Cottonwood Elementary",92345
"24632",36,75044,6105498,5,2012,111,69,"Cottonwood Elementary",92345
"24633",36,75044,6105498,6,2012,31,46.5,"Cottonwood Elementary",92345
"24634",36,75044,6105498,6,2012,111,73.469387755102,"Cottonwood Elementary",92345
"24635",36,75044,6106454,2,2012,31,41,"Lime Street Elementary",92345
"24636",36,75044,6106454,2,2012,111,40,"Lime Street Elementary",92345
"24637",36,75044,6106454,3,2012,31,48,"Lime Street Elementary",92345
"24638",36,75044,6106454,3,2012,111,50,"Lime Street Elementary",92345
"24639",36,75044,6106454,4,2012,31,51,"Lime Street Elementary",92345
"24640",36,75044,6106454,4,2012,111,61.5,"Lime Street Elementary",92345
"24641",36,75044,6106454,5,2012,31,44,"Lime Street Elementary",92345
"24642",36,75044,6106454,5,2012,111,65,"Lime Street Elementary",92345
"24643",36,75044,6106454,6,2012,31,35.5051020408163,"Lime Street Elementary",92345
"24644",36,75044,6106454,6,2012,111,51.3783783783784,"Lime Street Elementary",92345
"24645",36,75044,6108112,2,2012,31,55.5,"Hollyvale Elementary",92392
"24646",36,75044,6108112,2,2012,111,73.5,"Hollyvale Elementary",92392
"24647",36,75044,6108112,3,2012,31,36,"Hollyvale Elementary",92392
"24648",36,75044,6108112,3,2012,111,58,"Hollyvale Elementary",92392
"24649",36,75044,6108112,4,2012,31,52.4044943820225,"Hollyvale Elementary",92392
"24650",36,75044,6108112,4,2012,111,59.5945945945946,"Hollyvale Elementary",92392
"24651",36,75044,6108112,5,2012,31,40.9051094890511,"Hollyvale Elementary",92392
"24652",36,75044,6108112,5,2012,111,58.3333333333333,"Hollyvale Elementary",92392
"24653",36,75044,6108112,6,2012,31,49,"Hollyvale Elementary",92392
"24654",36,75044,6108112,6,2012,111,33,"Hollyvale Elementary",92392
"24655",36,75044,6108120,2,2012,31,44.5,"Carmel Elementary",92345
"24656",36,75044,6108120,2,2012,111,69.5,"Carmel Elementary",92345
"24657",36,75044,6108120,3,2012,31,35.9097744360902,"Carmel Elementary",92345
"24658",36,75044,6108120,3,2012,111,46.2051282051282,"Carmel Elementary",92345
"24659",36,75044,6108120,4,2012,31,59.5,"Carmel Elementary",92345
"24660",36,75044,6108120,4,2012,111,82.5,"Carmel Elementary",92345
"24661",36,75044,6108120,5,2012,31,70.6915887850467,"Carmel Elementary",92345
"24662",36,75044,6108120,5,2012,111,70.7941176470588,"Carmel Elementary",92345
"24663",36,75044,6108120,6,2012,31,51.9945355191257,"Carmel Elementary",92345
"24664",36,75044,6108120,6,2012,111,77.425,"Carmel Elementary",92345
"24665",36,75044,6109359,7,2012,31,41.9944055944056,"Ranchero Middle",92345
"24666",36,75044,6109359,7,2012,111,65,"Ranchero Middle",92345
"24667",36,75044,6109359,8,2012,31,41.8575438596491,"Ranchero Middle",92345
"24668",36,75044,6109359,8,2012,111,55.787072243346,"Ranchero Middle",92345
"24669",36,75044,6111751,2,2012,31,54.5,"Topaz Preparatory Academy",92345
"24670",36,75044,6111751,2,2012,111,52.5,"Topaz Preparatory Academy",92345
"24671",36,75044,6111751,3,2012,31,41.6174496644295,"Topaz Preparatory Academy",92345
"24672",36,75044,6111751,3,2012,111,79,"Topaz Preparatory Academy",92345
"24673",36,75044,6111751,4,2012,31,50.5,"Topaz Preparatory Academy",92345
"24674",36,75044,6111751,5,2012,31,77.4366197183099,"Topaz Preparatory Academy",92345
"24675",36,75044,6111751,5,2012,111,79,"Topaz Preparatory Academy",92345
"24676",36,75044,6111751,6,2012,31,55.4271844660194,"Topaz Preparatory Academy",92345
"24677",36,75044,6111751,6,2012,111,76,"Topaz Preparatory Academy",92345
"24678",36,75044,6111751,7,2012,31,45.6315789473684,"Topaz Preparatory Academy",92345
"24679",36,75044,6111751,8,2012,31,59.9777777777778,"Topaz Preparatory Academy",92345
"24680",36,75051,115089,2,2012,31,27.5137614678899,"Sky Mountain Charter",95667
"24681",36,75051,115089,2,2012,111,43,"Sky Mountain Charter",95667
"24682",36,75051,115089,3,2012,31,33,"Sky Mountain Charter",95667
"24683",36,75051,115089,3,2012,111,50,"Sky Mountain Charter",95667
"24684",36,75051,115089,4,2012,31,36,"Sky Mountain Charter",95667
"24685",36,75051,115089,4,2012,111,56.953795379538,"Sky Mountain Charter",95667
"24686",36,75051,115089,5,2012,31,37.3333333333333,"Sky Mountain Charter",95667
"24687",36,75051,115089,5,2012,111,62.3876404494382,"Sky Mountain Charter",95667
"24688",36,75051,115089,6,2012,31,43.5,"Sky Mountain Charter",95667
"24689",36,75051,115089,6,2012,111,60.0512820512821,"Sky Mountain Charter",95667
"24690",36,75051,115089,7,2012,31,47.1855670103093,"Sky Mountain Charter",95667
"24691",36,75051,115089,7,2012,111,65.3801169590643,"Sky Mountain Charter",95667
"24692",36,75051,115089,8,2012,31,45.2459016393443,"Sky Mountain Charter",95667
"24693",36,75051,115089,8,2012,111,60.3866666666667,"Sky Mountain Charter",95667
"24694",36,75051,115089,9,2012,31,59.9333333333333,"Sky Mountain Charter",95667
"24695",36,75051,115089,9,2012,111,85,"Sky Mountain Charter",95667
"24696",36,75051,115089,10,2012,31,36.5,"Sky Mountain Charter",95667
"24697",36,75051,115089,10,2012,111,51,"Sky Mountain Charter",95667
"24698",36,75051,115089,11,2012,111,75,"Sky Mountain Charter",95667
"24699",36,75051,3630563,9,2012,31,37.8852459016393,"Lucerne Valley High",92356
"24700",36,75051,3630563,9,2012,111,66.5,"Lucerne Valley High",92356
"24701",36,75051,3630563,10,2012,31,26.59,"Lucerne Valley High",92356
"24702",36,75051,3630563,10,2012,111,48.55,"Lucerne Valley High",92356
"24703",36,75051,3630563,11,2012,31,31.5809523809524,"Lucerne Valley High",92356
"24704",36,75051,3630563,11,2012,111,53.8292682926829,"Lucerne Valley High",92356
"24705",36,75051,6035976,2,2012,31,51,"Lucerne Valley Elementary",92356
"24706",36,75051,6035976,3,2012,31,49.2553191489362,"Lucerne Valley Elementary",92356
"24707",36,75051,6035976,3,2012,111,62.5,"Lucerne Valley Elementary",92356
"24708",36,75051,6035976,4,2012,31,62.8888888888889,"Lucerne Valley Elementary",92356
"24709",36,75051,6035976,4,2012,111,54.5,"Lucerne Valley Elementary",92356
"24710",36,75051,6035976,5,2012,31,39.3582089552239,"Lucerne Valley Elementary",92356
"24711",36,75051,6035976,5,2012,111,55,"Lucerne Valley Elementary",92356
"24712",36,75051,6035976,6,2012,31,36.5,"Lucerne Valley Elementary",92356
"24713",36,75051,6106330,7,2012,31,24.75,"Lucerne Valley Middle",92356
"24714",36,75051,6106330,8,2012,31,31.5294117647059,"Lucerne Valley Middle",92356
"24715",36,75051,6106330,8,2012,111,70,"Lucerne Valley Middle",92356
"24716",36,75069,3630456,11,2012,31,12.7232142857143,"Hillside High",91786
"24717",36,75069,3630456,11,2012,111,21.6142857142857,"Hillside High",91786
"24718",36,75069,3637584,9,2012,31,35.1046511627907,"Upland High",91786
"24719",36,75069,3637584,9,2012,111,61.0992815153494,"Upland High",91786
"24720",36,75069,3637584,10,2012,31,30.4496712190187,"Upland High",91786
"24721",36,75069,3637584,10,2012,111,52.7813636363636,"Upland High",91786
"24722",36,75069,3637584,11,2012,31,37.7013311148087,"Upland High",91786
"24723",36,75069,3637584,11,2012,111,52.1438398999375,"Upland High",91786
"24724",36,75069,6037204,2,2012,31,62,"Baldy View Elementary",91786
"24725",36,75069,6037204,2,2012,111,88.5,"Baldy View Elementary",91786
"24726",36,75069,6037204,3,2012,31,54,"Baldy View Elementary",91786
"24727",36,75069,6037204,3,2012,111,57,"Baldy View Elementary",91786
"24728",36,75069,6037204,4,2012,31,59.4819277108434,"Baldy View Elementary",91786
"24729",36,75069,6037204,4,2012,111,84.6060606060606,"Baldy View Elementary",91786
"24730",36,75069,6037204,5,2012,31,48.6693548387097,"Baldy View Elementary",91786
"24731",36,75069,6037204,5,2012,111,65,"Baldy View Elementary",91786
"24732",36,75069,6037204,6,2012,31,54.0157068062827,"Baldy View Elementary",91786
"24733",36,75069,6037204,6,2012,111,81,"Baldy View Elementary",91786
"24734",36,75069,6037212,2,2012,31,71.5,"Cabrillo Elementary",91786
"24735",36,75069,6037212,2,2012,111,77,"Cabrillo Elementary",91786
"24736",36,75069,6037212,3,2012,31,57.5,"Cabrillo Elementary",91786
"24737",36,75069,6037212,3,2012,111,64,"Cabrillo Elementary",91786
"24738",36,75069,6037212,4,2012,31,72.5,"Cabrillo Elementary",91786
"24739",36,75069,6037212,4,2012,111,81,"Cabrillo Elementary",91786
"24740",36,75069,6037212,5,2012,31,69.016,"Cabrillo Elementary",91786
"24741",36,75069,6037212,5,2012,111,81.3333333333333,"Cabrillo Elementary",91786
"24742",36,75069,6037212,6,2012,31,63.5,"Cabrillo Elementary",91786
"24743",36,75069,6037212,6,2012,111,76.5,"Cabrillo Elementary",91786
"24744",36,75069,6037220,2,2012,31,52.5,"Citrus Elementary",91786
"24745",36,75069,6037220,2,2012,111,79,"Citrus Elementary",91786
"24746",36,75069,6037220,3,2012,31,51,"Citrus Elementary",91786
"24747",36,75069,6037220,3,2012,111,46.5744680851064,"Citrus Elementary",91786
"24748",36,75069,6037220,4,2012,31,44.9465648854962,"Citrus Elementary",91786
"24749",36,75069,6037220,4,2012,111,79.3962264150943,"Citrus Elementary",91786
"24750",36,75069,6037220,5,2012,31,62.6666666666667,"Citrus Elementary",91786
"24751",36,75069,6037220,5,2012,111,87.6666666666667,"Citrus Elementary",91786
"24752",36,75069,6037220,6,2012,31,59.4915254237288,"Citrus Elementary",91786
"24753",36,75069,6037220,6,2012,111,63.0232558139535,"Citrus Elementary",91786
"24754",36,75069,6037246,2,2012,31,64,"Magnolia Elementary",91786
"24755",36,75069,6037246,2,2012,111,83.5,"Magnolia Elementary",91786
"24756",36,75069,6037246,3,2012,31,80.5,"Magnolia Elementary",91786
"24757",36,75069,6037246,3,2012,111,79.5864661654135,"Magnolia Elementary",91786
"24758",36,75069,6037246,4,2012,31,82,"Magnolia Elementary",91786
"24759",36,75069,6037246,4,2012,111,92.0243902439024,"Magnolia Elementary",91786
"24760",36,75069,6037246,5,2012,31,81.4285714285714,"Magnolia Elementary",91786
"24761",36,75069,6037246,5,2012,111,87.6666666666667,"Magnolia Elementary",91786
"24762",36,75069,6037246,6,2012,31,88,"Magnolia Elementary",91786
"24763",36,75069,6037246,6,2012,111,81.9597315436242,"Magnolia Elementary",91786
"24764",36,75069,6037253,7,2012,31,67.4792626728111,"Pioneer Junior High",91784
"24765",36,75069,6037253,7,2012,111,85.3771186440678,"Pioneer Junior High",91784
"24766",36,75069,6037253,8,2012,31,67.3264887063655,"Pioneer Junior High",91784
"24767",36,75069,6037253,8,2012,111,80.5870356882739,"Pioneer Junior High",91784
"24768",36,75069,6037261,2,2012,31,62,"Sierra Vista Elementary",91786
"24769",36,75069,6037261,2,2012,111,75,"Sierra Vista Elementary",91786
"24770",36,75069,6037261,3,2012,31,69.5,"Sierra Vista Elementary",91786
"24771",36,75069,6037261,3,2012,111,64.3396226415094,"Sierra Vista Elementary",91786
"24772",36,75069,6037261,4,2012,31,61.6,"Sierra Vista Elementary",91786
"24773",36,75069,6037261,4,2012,111,87.5,"Sierra Vista Elementary",91786
"24774",36,75069,6037261,5,2012,31,58.6666666666667,"Sierra Vista Elementary",91786
"24775",36,75069,6037261,5,2012,111,82.5945945945946,"Sierra Vista Elementary",91786
"24776",36,75069,6037261,6,2012,31,78.6315789473684,"Sierra Vista Elementary",91786
"24777",36,75069,6037261,6,2012,111,80.864406779661,"Sierra Vista Elementary",91786
"24778",36,75069,6037279,2,2012,31,55.5,"Sycamore Elementary",91786
"24779",36,75069,6037279,2,2012,111,73.5,"Sycamore Elementary",91786
"24780",36,75069,6037279,3,2012,31,65.8297872340426,"Sycamore Elementary",91786
"24781",36,75069,6037279,3,2012,111,80,"Sycamore Elementary",91786
"24782",36,75069,6037279,4,2012,31,77,"Sycamore Elementary",91786
"24783",36,75069,6037279,4,2012,111,88.5,"Sycamore Elementary",91786
"24784",36,75069,6037279,5,2012,31,65.6666666666667,"Sycamore Elementary",91786
"24785",36,75069,6037279,5,2012,111,88.3333333333333,"Sycamore Elementary",91786
"24786",36,75069,6037279,6,2012,31,77.8727272727273,"Sycamore Elementary",91786
"24787",36,75069,6037279,6,2012,111,73.9016393442623,"Sycamore Elementary",91786
"24788",36,75069,6037287,2,2012,31,47.5,"Upland Elementary",91786
"24789",36,75069,6037287,3,2012,31,59.7767857142857,"Upland Elementary",91786
"24790",36,75069,6037287,4,2012,31,60.0559440559441,"Upland Elementary",91786
"24791",36,75069,6037287,5,2012,31,57.5904255319149,"Upland Elementary",91786
"24792",36,75069,6037287,6,2012,31,45.5378787878788,"Upland Elementary",91786
"24793",36,75069,6037295,7,2012,31,52.912,"Upland Junior High",91785
"24794",36,75069,6037295,7,2012,111,59.5204678362573,"Upland Junior High",91785
"24795",36,75069,6037295,8,2012,31,36.033921302578,"Upland Junior High",91785
"24796",36,75069,6037295,8,2012,111,55.9058295964126,"Upland Junior High",91785
"24797",36,75069,6037311,2,2012,31,76,"Valencia Elementary",91784
"24798",36,75069,6037311,2,2012,111,83,"Valencia Elementary",91784
"24799",36,75069,6037311,3,2012,31,67.5,"Valencia Elementary",91784
"24800",36,75069,6037311,3,2012,111,81,"Valencia Elementary",91784
"24801",36,75069,6037311,4,2012,31,87.6969696969697,"Valencia Elementary",91784
"24802",36,75069,6037311,4,2012,111,85.0238095238095,"Valencia Elementary",91784
"24803",36,75069,6037311,5,2012,31,68.9285714285714,"Valencia Elementary",91784
"24804",36,75069,6037311,5,2012,111,91.6539923954373,"Valencia Elementary",91784
"24805",36,75069,6037311,6,2012,31,87.5,"Valencia Elementary",91784
"24806",36,75069,6037311,6,2012,111,85.4370860927152,"Valencia Elementary",91784
"24807",36,75069,6109573,2,2012,31,71.5,"Pepper Tree Elementary",91784
"24808",36,75069,6109573,2,2012,111,91.5,"Pepper Tree Elementary",91784
"24809",36,75069,6109573,3,2012,31,91,"Pepper Tree Elementary",91784
"24810",36,75069,6109573,3,2012,111,86.0386473429952,"Pepper Tree Elementary",91784
"24811",36,75069,6109573,4,2012,31,82,"Pepper Tree Elementary",91784
"24812",36,75069,6109573,4,2012,111,88.5,"Pepper Tree Elementary",91784
"24813",36,75069,6109573,5,2012,31,91.0689655172414,"Pepper Tree Elementary",91784
"24814",36,75069,6109573,5,2012,111,92.6679104477612,"Pepper Tree Elementary",91784
"24815",36,75069,6109573,6,2012,31,67,"Pepper Tree Elementary",91784
"24816",36,75069,6109573,6,2012,111,82.9581151832461,"Pepper Tree Elementary",91784
"24817",36,75077,108423,2,2012,31,66.5,"Vanguard Preparatory",92308
"24818",36,75077,108423,2,2012,111,87.5,"Vanguard Preparatory",92308
"24819",36,75077,108423,3,2012,31,59.6854838709677,"Vanguard Preparatory",92308
"24820",36,75077,108423,3,2012,111,83.5,"Vanguard Preparatory",92308
"24821",36,75077,108423,4,2012,31,69.4105960264901,"Vanguard Preparatory",92308
"24822",36,75077,108423,4,2012,111,77.0148148148148,"Vanguard Preparatory",92308
"24823",36,75077,108423,5,2012,31,68,"Vanguard Preparatory",92308
"24824",36,75077,108423,5,2012,111,79,"Vanguard Preparatory",92308
"24825",36,75077,108423,6,2012,31,52.3467741935484,"Vanguard Preparatory",92308
"24826",36,75077,108423,6,2012,111,67,"Vanguard Preparatory",92308
"24827",36,75077,108423,7,2012,31,52.0833333333333,"Vanguard Preparatory",92308
"24828",36,75077,108423,7,2012,111,68.4655172413793,"Vanguard Preparatory",92308
"24829",36,75077,108423,8,2012,31,51.0678466076696,"Vanguard Preparatory",92308
"24830",36,75077,108423,8,2012,111,77.1418439716312,"Vanguard Preparatory",92308
"24831",36,75077,110866,2,2012,31,51.5,"Sitting Bull Academy",92308
"24832",36,75077,110866,2,2012,111,69.5,"Sitting Bull Academy",92308
"24833",36,75077,110866,3,2012,31,61.125,"Sitting Bull Academy",92308
"24834",36,75077,110866,3,2012,111,72,"Sitting Bull Academy",92308
"24835",36,75077,110866,4,2012,31,64.5284552845528,"Sitting Bull Academy",92308
"24836",36,75077,110866,4,2012,111,83.5,"Sitting Bull Academy",92308
"24837",36,75077,110866,5,2012,31,67.3193717277487,"Sitting Bull Academy",92308
"24838",36,75077,110866,5,2012,111,84,"Sitting Bull Academy",92308
"24839",36,75077,110866,6,2012,31,52,"Sitting Bull Academy",92308
"24840",36,75077,110866,6,2012,111,76.5,"Sitting Bull Academy",92308
"24841",36,75077,110866,7,2012,31,52.1040462427746,"Sitting Bull Academy",92308
"24842",36,75077,110866,7,2012,111,73.5766233766234,"Sitting Bull Academy",92308
"24843",36,75077,110866,8,2012,31,40.0945736434109,"Sitting Bull Academy",92308
"24844",36,75077,110866,8,2012,111,66.3,"Sitting Bull Academy",92308
"24845",36,75077,122945,2,2012,31,47.3671875,"Phoenix Academy",92307
"24846",36,75077,122945,3,2012,31,34.5,"Phoenix Academy",92307
"24847",36,75077,122945,4,2012,31,52.0372670807453,"Phoenix Academy",92307
"24848",36,75077,122945,5,2012,31,40.6153846153846,"Phoenix Academy",92307
"24849",36,75077,122945,6,2012,31,41.0143884892086,"Phoenix Academy",92307
"24850",36,75077,122945,7,2012,31,29.6491228070175,"Phoenix Academy",92307
"24851",36,75077,122945,7,2012,111,46.625,"Phoenix Academy",92307
"24852",36,75077,122945,8,2012,31,35.5989399293286,"Phoenix Academy",92307
"24853",36,75077,122945,8,2012,111,50.8984771573604,"Phoenix Academy",92307
"24854",36,75077,3630423,9,2012,31,39.9298454221165,"Apple Valley High",92308
"24855",36,75077,3630423,9,2012,111,58.5050798258345,"Apple Valley High",92308
"24856",36,75077,3630423,10,2012,31,37.7427293064877,"Apple Valley High",92308
"24857",36,75077,3630423,10,2012,111,52.2392197125257,"Apple Valley High",92308
"24858",36,75077,3630423,11,2012,31,43.7197183098592,"Apple Valley High",92308
"24859",36,75077,3630423,11,2012,111,50.5507042253521,"Apple Valley High",92308
"24860",36,75077,3630894,9,2012,31,25.8022922636103,"Granite Hills High",92307
"24861",36,75077,3630894,9,2012,111,50.8788461538462,"Granite Hills High",92307
"24862",36,75077,3630894,10,2012,31,30.8039215686275,"Granite Hills High",92307
"24863",36,75077,3630894,10,2012,111,40.4941176470588,"Granite Hills High",92307
"24864",36,75077,3630894,11,2012,31,27.9967585089141,"Granite Hills High",92307
"24865",36,75077,3630894,11,2012,111,47.2039877300613,"Granite Hills High",92307
"24866",36,75077,3631009,7,2012,31,10.7234042553191,"High Desert Premier Academy",92308
"24867",36,75077,3631009,7,2012,111,37,"High Desert Premier Academy",92308
"24868",36,75077,6035257,2,2012,31,61.5,"Rancho Verde Elementary",92307
"24869",36,75077,6035257,2,2012,111,91,"Rancho Verde Elementary",92307
"24870",36,75077,6035257,3,2012,31,53.0432432432432,"Rancho Verde Elementary",92307
"24871",36,75077,6035257,3,2012,111,58,"Rancho Verde Elementary",92307
"24872",36,75077,6035257,4,2012,31,57,"Rancho Verde Elementary",92307
"24873",36,75077,6035257,5,2012,31,47.6816326530612,"Rancho Verde Elementary",92307
"24874",36,75077,6035257,5,2012,111,72,"Rancho Verde Elementary",92307
"24875",36,75077,6035257,6,2012,31,37,"Rancho Verde Elementary",92307
"24876",36,75077,6035257,6,2012,111,37.5,"Rancho Verde Elementary",92307
"24877",36,75077,6035257,7,2012,31,60,"Rancho Verde Elementary",92307
"24878",36,75077,6035265,2,2012,31,60,"Yucca Loma Elementary",92307
"24879",36,75077,6035265,3,2012,31,49,"Yucca Loma Elementary",92307
"24880",36,75077,6035265,3,2012,111,50,"Yucca Loma Elementary",92307
"24881",36,75077,6035265,4,2012,31,67,"Yucca Loma Elementary",92307
"24882",36,75077,6035265,5,2012,31,55.3162790697674,"Yucca Loma Elementary",92307
"24883",36,75077,6035265,5,2012,111,64.6666666666667,"Yucca Loma Elementary",92307
"24884",36,75077,6035265,6,2012,31,50.9421487603306,"Yucca Loma Elementary",92307
"24885",36,75077,6037337,2,2012,31,55.5,"Desert Knolls Elementary",92307
"24886",36,75077,6037337,2,2012,111,80.5,"Desert Knolls Elementary",92307
"24887",36,75077,6037337,3,2012,31,46,"Desert Knolls Elementary",92307
"24888",36,75077,6037337,3,2012,111,64.4237288135593,"Desert Knolls Elementary",92307
"24889",36,75077,6037337,4,2012,31,54.5,"Desert Knolls Elementary",92307
"24890",36,75077,6037337,4,2012,111,68.5,"Desert Knolls Elementary",92307
"24891",36,75077,6037337,5,2012,31,50.5661764705882,"Desert Knolls Elementary",92307
"24892",36,75077,6037337,5,2012,111,87,"Desert Knolls Elementary",92307
"24893",36,75077,6037337,6,2012,31,46,"Desert Knolls Elementary",92307
"24894",36,75077,6037337,6,2012,111,61,"Desert Knolls Elementary",92307
"24895",36,75077,6107346,2,2012,31,69,"Sandia Elementary",92308
"24896",36,75077,6107346,3,2012,31,48.0462427745665,"Sandia Elementary",92308
"24897",36,75077,6107346,4,2012,31,50.0277777777778,"Sandia Elementary",92308
"24898",36,75077,6107346,4,2012,111,52.08,"Sandia Elementary",92308
"24899",36,75077,6107346,5,2012,31,56.6666666666667,"Sandia Elementary",92308
"24900",36,75077,6107346,5,2012,111,76,"Sandia Elementary",92308
"24901",36,75077,6107346,6,2012,31,32,"Sandia Elementary",92308
"24902",36,75077,6107346,7,2012,31,31.48,"Sandia Elementary",92308
"24903",36,75077,6107346,7,2012,111,60.5,"Sandia Elementary",92308
"24904",36,75077,6112825,2,2012,31,61.5,"Sycamore Rocks Elementary",92307
"24905",36,75077,6112825,2,2012,111,89.5,"Sycamore Rocks Elementary",92307
"24906",36,75077,6112825,3,2012,31,65.8349514563107,"Sycamore Rocks Elementary",92307
"24907",36,75077,6112825,3,2012,111,80.2727272727273,"Sycamore Rocks Elementary",92307
"24908",36,75077,6112825,4,2012,31,80.5393258426966,"Sycamore Rocks Elementary",92307
"24909",36,75077,6112825,4,2012,111,87.5,"Sycamore Rocks Elementary",92307
"24910",36,75077,6112825,5,2012,31,78,"Sycamore Rocks Elementary",92307
"24911",36,75077,6112825,5,2012,111,94.6315789473684,"Sycamore Rocks Elementary",92307
"24912",36,75077,6112825,6,2012,31,74.4782608695652,"Sycamore Rocks Elementary",92307
"24913",36,75077,6112825,6,2012,111,87,"Sycamore Rocks Elementary",92307
"24914",37,10371,115998,9,2012,31,38.3076923076923,"San Pasqual Academy",92025
"24915",37,10371,115998,10,2012,31,12.4020618556701,"San Pasqual Academy",92025
"24916",37,10371,115998,11,2012,31,16.7352941176471,"San Pasqual Academy",92025
"24917",37,10371,6119119,2,2012,31,74.5,"Literacy First Charter",92020
"24918",37,10371,6119119,2,2012,111,91.5,"Literacy First Charter",92020
"24919",37,10371,6119119,3,2012,31,68.5,"Literacy First Charter",92020
"24920",37,10371,6119119,3,2012,111,82,"Literacy First Charter",92020
"24921",37,10371,6119119,4,2012,31,71.0388349514563,"Literacy First Charter",92020
"24922",37,10371,6119119,4,2012,111,81,"Literacy First Charter",92020
"24923",37,10371,6119119,5,2012,31,77,"Literacy First Charter",92020
"24924",37,10371,6119119,5,2012,111,91.3169642857143,"Literacy First Charter",92020
"24925",37,10371,6119119,6,2012,31,49.5,"Literacy First Charter",92020
"24926",37,10371,6119119,6,2012,111,85.5,"Literacy First Charter",92020
"24927",37,10371,6119119,7,2012,31,65,"Literacy First Charter",92020
"24928",37,10371,6119119,7,2012,111,77,"Literacy First Charter",92020
"24929",37,10371,6119119,8,2012,31,62.8529411764706,"Literacy First Charter",92020
"24930",37,10371,6119119,8,2012,111,87.1949458483755,"Literacy First Charter",92020
"24931",37,67967,6106256,2,2012,111,77,"Shadow Hills Elementary",91901
"24932",37,67967,6106256,3,2012,31,50,"Shadow Hills Elementary",91901
"24933",37,67967,6106256,3,2012,111,59.8382352941176,"Shadow Hills Elementary",91901
"24934",37,67967,6106256,4,2012,111,77.3225806451613,"Shadow Hills Elementary",91901
"24935",37,67967,6106256,5,2012,31,73.4615384615385,"Shadow Hills Elementary",91901
"24936",37,67967,6106256,5,2012,111,75.7570093457944,"Shadow Hills Elementary",91901
"24937",37,67967,6109086,2,2012,31,68.5,"Boulder Oaks Elementary",91901
"24938",37,67967,6109086,2,2012,111,72,"Boulder Oaks Elementary",91901
"24939",37,67967,6109086,3,2012,31,62.5,"Boulder Oaks Elementary",91901
"24940",37,67967,6109086,3,2012,111,80,"Boulder Oaks Elementary",91901
"24941",37,67967,6109086,4,2012,31,62.5,"Boulder Oaks Elementary",91901
"24942",37,67967,6109086,4,2012,111,86.4406779661017,"Boulder Oaks Elementary",91901
"24943",37,67967,6109086,5,2012,111,76.3333333333333,"Boulder Oaks Elementary",91901
"24944",37,67975,110122,2,2012,31,65,"Bonsall West Elementary",92057
"24945",37,67975,110122,2,2012,111,93.5,"Bonsall West Elementary",92057
"24946",37,67975,110122,3,2012,31,62.1379310344828,"Bonsall West Elementary",92057
"24947",37,67975,110122,3,2012,111,93.5,"Bonsall West Elementary",92057
"24948",37,67975,110122,4,2012,31,78.5135135135135,"Bonsall West Elementary",92057
"24949",37,67975,110122,4,2012,111,98,"Bonsall West Elementary",92057
"24950",37,67975,110122,5,2012,31,76,"Bonsall West Elementary",92057
"24951",37,67975,110122,5,2012,111,92,"Bonsall West Elementary",92057
"24952",37,67975,110122,6,2012,111,84,"Bonsall West Elementary",92057
"24953",37,67975,6037543,2,2012,31,67.5,"Bonsall Elementary",92003
"24954",37,67975,6037543,2,2012,111,89.5,"Bonsall Elementary",92003
"24955",37,67975,6037543,3,2012,31,54.5,"Bonsall Elementary",92003
"24956",37,67975,6037543,3,2012,111,79.5,"Bonsall Elementary",92003
"24957",37,67975,6037543,4,2012,31,65.2808988764045,"Bonsall Elementary",92003
"24958",37,67975,6037543,4,2012,111,82.948051948052,"Bonsall Elementary",92003
"24959",37,67975,6037543,5,2012,31,62.3587786259542,"Bonsall Elementary",92003
"24960",37,67975,6037543,5,2012,111,82.2826086956522,"Bonsall Elementary",92003
"24961",37,67975,6113468,3,2012,31,38.5,"Vivian Banks Charter",92059
"24962",37,67983,3730447,9,2012,31,18.9710144927536,"Borrego Springs High",92004
"24963",37,67983,3730447,10,2012,31,29.3333333333333,"Borrego Springs High",92004
"24964",37,67983,3730447,11,2012,31,15.4545454545455,"Borrego Springs High",92004
"24965",37,67983,6115315,6,2012,31,40.5,"Borrego Springs Middle",92004
"24966",37,67983,6115315,7,2012,31,30,"Borrego Springs Middle",92004
"24967",37,67983,6115315,8,2012,31,51.9423076923077,"Borrego Springs Middle",92004
"24968",37,67991,111005,6,2012,31,62.4407894736842,"Los Coches Creek Middle",92021
"24969",37,67991,111005,6,2012,111,76.9765625,"Los Coches Creek Middle",92021
"24970",37,67991,111005,7,2012,31,40.2727272727273,"Los Coches Creek Middle",92021
"24971",37,67991,111005,7,2012,111,73.0582524271845,"Los Coches Creek Middle",92021
"24972",37,67991,111005,8,2012,31,59.5820105820106,"Los Coches Creek Middle",92021
"24973",37,67991,111005,8,2012,111,78.3257229832572,"Los Coches Creek Middle",92021
"24974",37,67991,119255,6,2012,31,67.5,"EJE Middle Academy",92020
"24975",37,67991,119255,7,2012,31,53.5,"EJE Middle Academy",92020
"24976",37,67991,119255,8,2012,31,54.5679611650485,"EJE Middle Academy",92020
"24977",37,67991,6037568,2,2012,31,53.5,"Anza Elementary",92020
"24978",37,67991,6037568,3,2012,31,33.9448818897638,"Anza Elementary",92020
"24979",37,67991,6037568,4,2012,31,62.448,"Anza Elementary",92020
"24980",37,67991,6037568,5,2012,31,47.6666666666667,"Anza Elementary",92020
"24981",37,67991,6037568,5,2012,111,85,"Anza Elementary",92020
"24982",37,67991,6037584,6,2012,31,49.5,"Cajon Valley Middle",92020
"24983",37,67991,6037584,6,2012,111,50,"Cajon Valley Middle",92020
"24984",37,67991,6037584,7,2012,31,31,"Cajon Valley Middle",92020
"24985",37,67991,6037584,7,2012,111,40,"Cajon Valley Middle",92020
"24986",37,67991,6037584,8,2012,31,42.5523059617548,"Cajon Valley Middle",92020
"24987",37,67991,6037584,8,2012,111,62.0487804878049,"Cajon Valley Middle",92020
"24988",37,67991,6037592,2,2012,31,37.4862745098039,"Chase Avenue Elementary",92020
"24989",37,67991,6037592,2,2012,111,65,"Chase Avenue Elementary",92020
"24990",37,67991,6037592,3,2012,31,41,"Chase Avenue Elementary",92020
"24991",37,67991,6037592,3,2012,111,54,"Chase Avenue Elementary",92020
"24992",37,67991,6037592,4,2012,31,50.0046511627907,"Chase Avenue Elementary",92020
"24993",37,67991,6037592,4,2012,111,68.5882352941177,"Chase Avenue Elementary",92020
"24994",37,67991,6037592,5,2012,31,54.2936046511628,"Chase Avenue Elementary",92020
"24995",37,67991,6037592,5,2012,111,83,"Chase Avenue Elementary",92020
"24996",37,67991,6037600,2,2012,31,58,"Crest Elementary",92021
"24997",37,67991,6037600,2,2012,111,86.5,"Crest Elementary",92021
"24998",37,67991,6037600,4,2012,111,80.5,"Crest Elementary",92021
"24999",37,67991,6037600,5,2012,111,54.6666666666667,"Crest Elementary",92021
"25000",37,67991,6037626,6,2012,31,41.5,"Emerald Middle",92020
"25001",37,67991,6037626,6,2012,111,69.5,"Emerald Middle",92020
"25002",37,67991,6037626,7,2012,31,37.4985835694051,"Emerald Middle",92020
"25003",37,67991,6037626,7,2012,111,50,"Emerald Middle",92020
"25004",37,67991,6037626,8,2012,31,39.4703448275862,"Emerald Middle",92020
"25005",37,67991,6037626,8,2012,111,60.6439393939394,"Emerald Middle",92020
"25006",37,67991,6037642,2,2012,31,60.5,"Fuerte Elementary",92020
"25007",37,67991,6037642,2,2012,111,89,"Fuerte Elementary",92020
"25008",37,67991,6037642,3,2012,31,91,"Fuerte Elementary",92020
"25009",37,67991,6037642,3,2012,111,86.4913294797688,"Fuerte Elementary",92020
"25010",37,67991,6037642,4,2012,31,73,"Fuerte Elementary",92020
"25011",37,67991,6037642,4,2012,111,90.4964539007092,"Fuerte Elementary",92020
"25012",37,67991,6037642,5,2012,31,61,"Fuerte Elementary",92020
"25013",37,67991,6037642,5,2012,111,86.9745762711864,"Fuerte Elementary",92020
"25014",37,67991,6037659,6,2012,31,46.9925093632959,"Greenfield Middle",92021
"25015",37,67991,6037659,6,2012,111,59.5140186915888,"Greenfield Middle",92021
"25016",37,67991,6037659,7,2012,31,46,"Greenfield Middle",92021
"25017",37,67991,6037659,7,2012,111,50,"Greenfield Middle",92021
"25018",37,67991,6037659,8,2012,31,40.6122448979592,"Greenfield Middle",92021
"25019",37,67991,6037659,8,2012,111,62.6818181818182,"Greenfield Middle",92021
"25020",37,67991,6037675,2,2012,31,38.5,"Johnson Elementary",92020
"25021",37,67991,6037675,2,2012,111,56.5,"Johnson Elementary",92020
"25022",37,67991,6037675,3,2012,31,42.0532544378698,"Johnson Elementary",92020
"25023",37,67991,6037675,3,2012,111,75,"Johnson Elementary",92020
"25024",37,67991,6037675,4,2012,31,45.9644970414201,"Johnson Elementary",92020
"25025",37,67991,6037675,4,2012,111,58.1612903225806,"Johnson Elementary",92020
"25026",37,67991,6037675,5,2012,31,36.3107569721116,"Johnson Elementary",92020
"25027",37,67991,6037683,2,2012,31,29.5,"Lexington Elementary",92019
"25028",37,67991,6037683,3,2012,31,46.5792349726776,"Lexington Elementary",92019
"25029",37,67991,6037683,4,2012,31,52.0300429184549,"Lexington Elementary",92019
"25030",37,67991,6037683,5,2012,31,36.9827089337176,"Lexington Elementary",92019
"25031",37,67991,6037691,2,2012,31,23,"Madison Avenue Elementary",92019
"25032",37,67991,6037691,2,2012,111,77,"Madison Avenue Elementary",92019
"25033",37,67991,6037691,3,2012,31,42.6575342465753,"Madison Avenue Elementary",92019
"25034",37,67991,6037691,3,2012,111,78,"Madison Avenue Elementary",92019
"25035",37,67991,6037691,4,2012,31,54.5268817204301,"Madison Avenue Elementary",92019
"25036",37,67991,6037691,4,2012,111,77.0408163265306,"Madison Avenue Elementary",92019
"25037",37,67991,6037691,5,2012,31,52.9735099337748,"Madison Avenue Elementary",92019
"25038",37,67991,6037691,5,2012,111,77.62,"Madison Avenue Elementary",92019
"25039",37,67991,6037709,2,2012,31,52.5,"Magnolia Elementary",92021
"25040",37,67991,6037709,2,2012,111,58.5,"Magnolia Elementary",92021
"25041",37,67991,6037709,3,2012,31,62,"Magnolia Elementary",92021
"25042",37,67991,6037709,3,2012,111,73.5,"Magnolia Elementary",92021
"25043",37,67991,6037709,4,2012,31,67.9272727272727,"Magnolia Elementary",92021
"25044",37,67991,6037709,5,2012,31,49,"Magnolia Elementary",92021
"25045",37,67991,6037709,5,2012,111,55.6666666666667,"Magnolia Elementary",92021
"25046",37,67991,6037717,2,2012,31,52.5,"Meridian Elementary",92019
"25047",37,67991,6037717,2,2012,111,84,"Meridian Elementary",92019
"25048",37,67991,6037717,3,2012,31,47.0838709677419,"Meridian Elementary",92019
"25049",37,67991,6037717,3,2012,111,68.1525423728814,"Meridian Elementary",92019
"25050",37,67991,6037717,4,2012,31,57.5251798561151,"Meridian Elementary",92019
"25051",37,67991,6037717,4,2012,111,69,"Meridian Elementary",92019
"25052",37,67991,6037717,5,2012,31,50.6666666666667,"Meridian Elementary",92019
"25053",37,67991,6037717,5,2012,111,77,"Meridian Elementary",92019
"25054",37,67991,6037725,2,2012,31,44,"Naranca Elementary",92021
"25055",37,67991,6037725,2,2012,111,69.5,"Naranca Elementary",92021
"25056",37,67991,6037725,3,2012,31,46.0414201183432,"Naranca Elementary",92021
"25057",37,67991,6037725,3,2012,111,56.5,"Naranca Elementary",92021
"25058",37,67991,6037725,4,2012,31,59.0432432432432,"Naranca Elementary",92021
"25059",37,67991,6037725,4,2012,111,69.5,"Naranca Elementary",92021
"25060",37,67991,6037725,5,2012,31,51.72030651341,"Naranca Elementary",92021
"25061",37,67991,6037725,5,2012,111,62.6666666666667,"Naranca Elementary",92021
"25062",37,67991,6037733,2,2012,31,59.5,"Rios Elementary",92021
"25063",37,67991,6037733,2,2012,111,46,"Rios Elementary",92021
"25064",37,67991,6037733,3,2012,31,61.5,"Rios Elementary",92021
"25065",37,67991,6037733,3,2012,111,65.7872340425532,"Rios Elementary",92021
"25066",37,67991,6037733,4,2012,31,28.0625,"Rios Elementary",92021
"25067",37,67991,6037733,4,2012,111,79.0377358490566,"Rios Elementary",92021
"25068",37,67991,6037733,5,2012,31,67,"Rios Elementary",92021
"25069",37,67991,6037733,5,2012,111,73,"Rios Elementary",92021
"25070",37,67991,6069082,2,2012,31,58,"Avocado Elementary",91941
"25071",37,67991,6069082,2,2012,111,78.5,"Avocado Elementary",91941
"25072",37,67991,6069082,3,2012,31,57.2962962962963,"Avocado Elementary",91941
"25073",37,67991,6069082,3,2012,111,83,"Avocado Elementary",91941
"25074",37,67991,6069082,4,2012,31,66.5,"Avocado Elementary",91941
"25075",37,67991,6069082,4,2012,111,91.5520833333333,"Avocado Elementary",91941
"25076",37,67991,6069082,5,2012,31,53.1923076923077,"Avocado Elementary",91941
"25077",37,67991,6069082,5,2012,111,69.6666666666667,"Avocado Elementary",91941
"25078",37,67991,6093207,6,2012,31,43.9968652037618,"Montgomery Middle",92019
"25079",37,67991,6093207,6,2012,111,63.5036496350365,"Montgomery Middle",92019
"25080",37,67991,6093207,7,2012,31,42.9915492957746,"Montgomery Middle",92019
"25081",37,67991,6093207,7,2012,111,59.921875,"Montgomery Middle",92019
"25082",37,67991,6093207,8,2012,31,48.6071987480438,"Montgomery Middle",92019
"25083",37,67991,6093207,8,2012,111,66.0947368421053,"Montgomery Middle",92019
"25084",37,67991,6101794,2,2012,31,81.5,"Vista Grande Elementary",92019
"25085",37,67991,6101794,2,2012,111,94.5,"Vista Grande Elementary",92019
"25086",37,67991,6101794,3,2012,31,67.5,"Vista Grande Elementary",92019
"25087",37,67991,6101794,3,2012,111,73.6642335766423,"Vista Grande Elementary",92019
"25088",37,67991,6101794,4,2012,31,50,"Vista Grande Elementary",92019
"25089",37,67991,6101794,4,2012,111,94.969696969697,"Vista Grande Elementary",92019
"25090",37,67991,6101794,5,2012,31,70.8153846153846,"Vista Grande Elementary",92019
"25091",37,67991,6101794,5,2012,111,88.6320754716981,"Vista Grande Elementary",92019
"25092",37,67991,6106025,2,2012,31,75.5,"Rancho San Diego Elementary",92019
"25093",37,67991,6106025,2,2012,111,78,"Rancho San Diego Elementary",92019
"25094",37,67991,6106025,3,2012,31,64.7843137254902,"Rancho San Diego Elementary",92019
"25095",37,67991,6106025,3,2012,111,70.5,"Rancho San Diego Elementary",92019
"25096",37,67991,6106025,4,2012,31,78.5,"Rancho San Diego Elementary",92019
"25097",37,67991,6106025,4,2012,111,81.5686274509804,"Rancho San Diego Elementary",92019
"25098",37,67991,6106025,5,2012,31,69.3333333333333,"Rancho San Diego Elementary",92019
"25099",37,67991,6106025,5,2012,111,79.9782608695652,"Rancho San Diego Elementary",92019
"25100",37,67991,6110787,2,2012,31,88.5,"Jamacha Elementary",92019
"25101",37,67991,6110787,2,2012,111,73,"Jamacha Elementary",92019
"25102",37,67991,6110787,3,2012,31,53.6268656716418,"Jamacha Elementary",92019
"25103",37,67991,6110787,3,2012,111,86.1139240506329,"Jamacha Elementary",92019
"25104",37,67991,6110787,4,2012,31,75.6551724137931,"Jamacha Elementary",92019
"25105",37,67991,6110787,4,2012,111,89.4588235294118,"Jamacha Elementary",92019
"25106",37,67991,6110787,5,2012,31,56.622641509434,"Jamacha Elementary",92019
"25107",37,67991,6110787,5,2012,111,80.6666666666667,"Jamacha Elementary",92019
"25108",37,67991,6112148,2,2012,31,59.5,"Blossom Valley Elementary",92021
"25109",37,67991,6112148,2,2012,111,80,"Blossom Valley Elementary",92021
"25110",37,67991,6112148,3,2012,31,34.6315789473684,"Blossom Valley Elementary",92021
"25111",37,67991,6112148,3,2012,111,61.1578947368421,"Blossom Valley Elementary",92021
"25112",37,67991,6112148,4,2012,31,54.5,"Blossom Valley Elementary",92021
"25113",37,67991,6112148,4,2012,111,97,"Blossom Valley Elementary",92021
"25114",37,67991,6112148,5,2012,31,41,"Blossom Valley Elementary",92021
"25115",37,67991,6112148,5,2012,111,84,"Blossom Valley Elementary",92021
"25116",37,67991,6112890,6,2012,31,68.5,"Hillsdale Middle",92019
"25117",37,67991,6112890,6,2012,111,88.9970014992504,"Hillsdale Middle",92019
"25118",37,67991,6112890,7,2012,31,82.0612244897959,"Hillsdale Middle",92019
"25119",37,67991,6112890,7,2012,111,89.493023255814,"Hillsdale Middle",92019
"25120",37,67991,6112890,8,2012,31,58.8216432865731,"Hillsdale Middle",92019
"25121",37,67991,6112890,8,2012,111,79.7113323124043,"Hillsdale Middle",92019
"25122",37,68007,6037766,2,2012,31,75,"Cardiff Elementary",92007
"25123",37,68007,6037766,2,2012,111,88,"Cardiff Elementary",92007
"25124",37,68007,6037766,3,2012,111,88.5,"Cardiff Elementary",92007
"25125",37,68023,105957,2,2012,31,64,"Liberty Elementary",91914
"25126",37,68023,105957,2,2012,111,81,"Liberty Elementary",91914
"25127",37,68023,105957,3,2012,111,81.5508982035928,"Liberty Elementary",91914
"25128",37,68023,105957,4,2012,31,76.5,"Liberty Elementary",91914
"25129",37,68023,105957,4,2012,111,90,"Liberty Elementary",91914
"25130",37,68023,105957,5,2012,31,69,"Liberty Elementary",91914
"25131",37,68023,105957,5,2012,111,86.3333333333333,"Liberty Elementary",91914
"25132",37,68023,105957,6,2012,31,64,"Liberty Elementary",91914
"25133",37,68023,105957,6,2012,111,76.5,"Liberty Elementary",91914
"25134",37,68023,105965,2,2012,31,61,"Salt Creek Elementary",91914
"25135",37,68023,105965,2,2012,111,80,"Salt Creek Elementary",91914
"25136",37,68023,105965,3,2012,31,77.5,"Salt Creek Elementary",91914
"25137",37,68023,105965,3,2012,111,78.03861003861,"Salt Creek Elementary",91914
"25138",37,68023,105965,4,2012,31,67,"Salt Creek Elementary",91914
"25139",37,68023,105965,4,2012,111,87.0034843205575,"Salt Creek Elementary",91914
"25140",37,68023,105965,5,2012,31,78.6538461538462,"Salt Creek Elementary",91914
"25141",37,68023,105965,5,2012,111,86.6675461741425,"Salt Creek Elementary",91914
"25142",37,68023,105965,6,2012,31,47,"Salt Creek Elementary",91914
"25143",37,68023,105965,6,2012,111,75.9803921568627,"Salt Creek Elementary",91914
"25144",37,68023,108662,2,2012,31,67.5,"Veterans Elementary",91913
"25145",37,68023,108662,2,2012,111,88.5,"Veterans Elementary",91913
"25146",37,68023,108662,3,2012,31,79,"Veterans Elementary",91913
"25147",37,68023,108662,3,2012,111,73.6179775280899,"Veterans Elementary",91913
"25148",37,68023,108662,4,2012,31,77.5,"Veterans Elementary",91913
"25149",37,68023,108662,4,2012,111,94.52,"Veterans Elementary",91913
"25150",37,68023,108662,5,2012,31,83.6666666666667,"Veterans Elementary",91913
"25151",37,68023,108662,5,2012,111,85.6666666666667,"Veterans Elementary",91913
"25152",37,68023,108662,6,2012,31,63.037037037037,"Veterans Elementary",91913
"25153",37,68023,108662,6,2012,111,73.9414634146341,"Veterans Elementary",91913
"25154",37,68023,114009,2,2012,31,63.5,"Wolf Canyon Elementary",91913
"25155",37,68023,114009,2,2012,111,81.5,"Wolf Canyon Elementary",91913
"25156",37,68023,114009,3,2012,31,55.1940298507463,"Wolf Canyon Elementary",91913
"25157",37,68023,114009,3,2012,111,79.5,"Wolf Canyon Elementary",91913
"25158",37,68023,114009,4,2012,31,70,"Wolf Canyon Elementary",91913
"25159",37,68023,114009,4,2012,111,88.990243902439,"Wolf Canyon Elementary",91913
"25160",37,68023,114009,5,2012,31,71,"Wolf Canyon Elementary",91913
"25161",37,68023,114009,5,2012,111,86.3935185185185,"Wolf Canyon Elementary",91913
"25162",37,68023,114009,6,2012,31,69,"Wolf Canyon Elementary",91913
"25163",37,68023,114009,6,2012,111,85.5473684210526,"Wolf Canyon Elementary",91913
"25164",37,68023,6037824,2,2012,31,54.5,"Castle Park Elementary",91910
"25165",37,68023,6037824,2,2012,111,77.5,"Castle Park Elementary",91910
"25166",37,68023,6037824,3,2012,31,49.6263736263736,"Castle Park Elementary",91910
"25167",37,68023,6037824,3,2012,111,71.5,"Castle Park Elementary",91910
"25168",37,68023,6037824,4,2012,31,59,"Castle Park Elementary",91910
"25169",37,68023,6037824,4,2012,111,86.5,"Castle Park Elementary",91910
"25170",37,68023,6037824,5,2012,31,58,"Castle Park Elementary",91910
"25171",37,68023,6037824,5,2012,111,64,"Castle Park Elementary",91910
"25172",37,68023,6037824,6,2012,31,56,"Castle Park Elementary",91910
"25173",37,68023,6037824,6,2012,111,61,"Castle Park Elementary",91910
"25174",37,68023,6037832,2,2012,31,58,"Allen (Ella B.) Elementary",91902
"25175",37,68023,6037832,2,2012,111,73,"Allen (Ella B.) Elementary",91902
"25176",37,68023,6037832,3,2012,31,51.7037037037037,"Allen (Ella B.) Elementary",91902
"25177",37,68023,6037832,3,2012,111,81.1466666666667,"Allen (Ella B.) Elementary",91902
"25178",37,68023,6037832,4,2012,31,92.5,"Allen (Ella B.) Elementary",91902
"25179",37,68023,6037832,4,2012,111,94.5068493150685,"Allen (Ella B.) Elementary",91902
"25180",37,68023,6037832,5,2012,31,64.6666666666667,"Allen (Ella B.) Elementary",91902
"25181",37,68023,6037832,5,2012,111,83.3454545454545,"Allen (Ella B.) Elementary",91902
"25182",37,68023,6037832,6,2012,31,60.4285714285714,"Allen (Ella B.) Elementary",91902
"25183",37,68023,6037832,6,2012,111,82.3846153846154,"Allen (Ella B.) Elementary",91902
"25184",37,68023,6037840,2,2012,31,78.5,"Rohr (Fred H.) Elementary",91911
"25185",37,68023,6037840,2,2012,111,62.5,"Rohr (Fred H.) Elementary",91911
"25186",37,68023,6037840,3,2012,31,57.6440677966102,"Rohr (Fred H.) Elementary",91911
"25187",37,68023,6037840,3,2012,111,58,"Rohr (Fred H.) Elementary",91911
"25188",37,68023,6037840,4,2012,31,64,"Rohr (Fred H.) Elementary",91911
"25189",37,68023,6037840,4,2012,111,88,"Rohr (Fred H.) Elementary",91911
"25190",37,68023,6037840,5,2012,31,55.6666666666667,"Rohr (Fred H.) Elementary",91911
"25191",37,68023,6037840,5,2012,111,72.3333333333333,"Rohr (Fred H.) Elementary",91911
"25192",37,68023,6037840,6,2012,31,65,"Rohr (Fred H.) Elementary",91911
"25193",37,68023,6037840,6,2012,111,50,"Rohr (Fred H.) Elementary",91911
"25194",37,68023,6037865,2,2012,31,86,"Halecrest Elementary",91910
"25195",37,68023,6037865,2,2012,111,84.5,"Halecrest Elementary",91910
"25196",37,68023,6037865,3,2012,31,74,"Halecrest Elementary",91910
"25197",37,68023,6037865,3,2012,111,85.1764705882353,"Halecrest Elementary",91910
"25198",37,68023,6037865,4,2012,31,71.9056603773585,"Halecrest Elementary",91910
"25199",37,68023,6037865,4,2012,111,82.9846153846154,"Halecrest Elementary",91910
"25200",37,68023,6037865,5,2012,31,73.6666666666667,"Halecrest Elementary",91910
"25201",37,68023,6037865,5,2012,111,87.6694915254237,"Halecrest Elementary",91910
"25202",37,68023,6037865,6,2012,31,87,"Halecrest Elementary",91910
"25203",37,68023,6037865,6,2012,111,78.5,"Halecrest Elementary",91910
"25204",37,68023,6037873,2,2012,31,53,"Harborside Elementary",91911
"25205",37,68023,6037873,2,2012,111,68.5,"Harborside Elementary",91911
"25206",37,68023,6037873,3,2012,31,63.5864661654135,"Harborside Elementary",91911
"25207",37,68023,6037873,3,2012,111,64,"Harborside Elementary",91911
"25208",37,68023,6037873,4,2012,31,79,"Harborside Elementary",91911
"25209",37,68023,6037873,4,2012,111,81,"Harborside Elementary",91911
"25210",37,68023,6037873,5,2012,31,67,"Harborside Elementary",91911
"25211",37,68023,6037873,6,2012,31,74.5106382978723,"Harborside Elementary",91911
"25212",37,68023,6037873,6,2012,111,94,"Harborside Elementary",91911
"25213",37,68023,6037881,2,2012,31,70,"Cook (Hazel Goes) Elementary",91911
"25214",37,68023,6037881,2,2012,111,60,"Cook (Hazel Goes) Elementary",91911
"25215",37,68023,6037881,3,2012,31,66.6973684210526,"Cook (Hazel Goes) Elementary",91911
"25216",37,68023,6037881,3,2012,111,80.5573770491803,"Cook (Hazel Goes) Elementary",91911
"25217",37,68023,6037881,4,2012,31,68,"Cook (Hazel Goes) Elementary",91911
"25218",37,68023,6037881,4,2012,111,82.5,"Cook (Hazel Goes) Elementary",91911
"25219",37,68023,6037881,5,2012,31,64.0917431192661,"Cook (Hazel Goes) Elementary",91911
"25220",37,68023,6037881,5,2012,111,70.6413043478261,"Cook (Hazel Goes) Elementary",91911
"25221",37,68023,6037881,6,2012,31,72.4057971014493,"Cook (Hazel Goes) Elementary",91911
"25222",37,68023,6037881,6,2012,111,54.4,"Cook (Hazel Goes) Elementary",91911
"25223",37,68023,6037899,2,2012,31,63.5,"Hilltop Drive Elementary",91910
"25224",37,68023,6037899,2,2012,111,71,"Hilltop Drive Elementary",91910
"25225",37,68023,6037899,3,2012,31,68.5,"Hilltop Drive Elementary",91910
"25226",37,68023,6037899,3,2012,111,85.5,"Hilltop Drive Elementary",91910
"25227",37,68023,6037899,4,2012,31,66.5185185185185,"Hilltop Drive Elementary",91910
"25228",37,68023,6037899,4,2012,111,95,"Hilltop Drive Elementary",91910
"25229",37,68023,6037899,5,2012,31,60.6666666666667,"Hilltop Drive Elementary",91910
"25230",37,68023,6037899,5,2012,111,70.7974683544304,"Hilltop Drive Elementary",91910
"25231",37,68023,6037899,6,2012,31,72.5052631578947,"Hilltop Drive Elementary",91910
"25232",37,68023,6037899,6,2012,111,90.5,"Hilltop Drive Elementary",91910
"25233",37,68023,6037923,2,2012,31,77,"Kellogg (Karl H.) Elementary",91911
"25234",37,68023,6037923,3,2012,31,60,"Kellogg (Karl H.) Elementary",91911
"25235",37,68023,6037923,3,2012,111,76,"Kellogg (Karl H.) Elementary",91911
"25236",37,68023,6037923,4,2012,31,68.063829787234,"Kellogg (Karl H.) Elementary",91911
"25237",37,68023,6037923,4,2012,111,97,"Kellogg (Karl H.) Elementary",91911
"25238",37,68023,6037923,5,2012,31,63.6666666666667,"Kellogg (Karl H.) Elementary",91911
"25239",37,68023,6037923,5,2012,111,66.6666666666667,"Kellogg (Karl H.) Elementary",91911
"25240",37,68023,6037923,6,2012,31,70.2285714285714,"Kellogg (Karl H.) Elementary",91911
"25241",37,68023,6037923,6,2012,111,76.5116279069767,"Kellogg (Karl H.) Elementary",91911
"25242",37,68023,6037931,2,2012,31,35,"Rice (Lilian J.) Elementary",91911
"25243",37,68023,6037931,2,2012,111,39,"Rice (Lilian J.) Elementary",91911
"25244",37,68023,6037931,3,2012,31,56.6390977443609,"Rice (Lilian J.) Elementary",91911
"25245",37,68023,6037931,3,2012,111,53.5,"Rice (Lilian J.) Elementary",91911
"25246",37,68023,6037931,4,2012,31,63,"Rice (Lilian J.) Elementary",91911
"25247",37,68023,6037931,4,2012,111,76,"Rice (Lilian J.) Elementary",91911
"25248",37,68023,6037931,5,2012,31,49.14,"Rice (Lilian J.) Elementary",91911
"25249",37,68023,6037931,5,2012,111,63,"Rice (Lilian J.) Elementary",91911
"25250",37,68023,6037931,6,2012,31,67.5251798561151,"Rice (Lilian J.) Elementary",91911
"25251",37,68023,6037931,6,2012,111,78,"Rice (Lilian J.) Elementary",91911
"25252",37,68023,6037949,2,2012,31,63.5,"Loma Verde Elementary",91911
"25253",37,68023,6037949,2,2012,111,70.5,"Loma Verde Elementary",91911
"25254",37,68023,6037949,3,2012,31,56.5,"Loma Verde Elementary",91911
"25255",37,68023,6037949,3,2012,111,63,"Loma Verde Elementary",91911
"25256",37,68023,6037949,4,2012,31,79.9826086956522,"Loma Verde Elementary",91911
"25257",37,68023,6037949,5,2012,31,70.7297297297297,"Loma Verde Elementary",91911
"25258",37,68023,6037949,5,2012,111,80.5,"Loma Verde Elementary",91911
"25259",37,68023,6037949,6,2012,31,60.5,"Loma Verde Elementary",91911
"25260",37,68023,6037949,6,2012,111,70.5,"Loma Verde Elementary",91911
"25261",37,68023,6037956,2,2012,31,67.5,"Feaster (Mae L.) Charter",91910
"25262",37,68023,6037956,2,2012,111,80,"Feaster (Mae L.) Charter",91910
"25263",37,68023,6037956,3,2012,31,63.5,"Feaster (Mae L.) Charter",91910
"25264",37,68023,6037956,3,2012,111,60.1860465116279,"Feaster (Mae L.) Charter",91910
"25265",37,68023,6037956,4,2012,31,75.4798206278027,"Feaster (Mae L.) Charter",91910
"25266",37,68023,6037956,4,2012,111,84.4788732394366,"Feaster (Mae L.) Charter",91910
"25267",37,68023,6037956,5,2012,31,55.3649425287356,"Feaster (Mae L.) Charter",91910
"25268",37,68023,6037956,5,2012,111,60.3333333333333,"Feaster (Mae L.) Charter",91910
"25269",37,68023,6037956,6,2012,31,65.9905213270142,"Feaster (Mae L.) Charter",91910
"25270",37,68023,6037956,6,2012,111,75.041095890411,"Feaster (Mae L.) Charter",91910
"25271",37,68023,6037972,2,2012,31,68,"Palomar Elementary",91911
"25272",37,68023,6037972,2,2012,111,91.5,"Palomar Elementary",91911
"25273",37,68023,6037972,3,2012,31,48,"Palomar Elementary",91911
"25274",37,68023,6037972,3,2012,111,63.5,"Palomar Elementary",91911
"25275",37,68023,6037972,4,2012,31,49.0909090909091,"Palomar Elementary",91911
"25276",37,68023,6037972,5,2012,31,63.525,"Palomar Elementary",91911
"25277",37,68023,6037972,5,2012,111,76.3333333333333,"Palomar Elementary",91911
"25278",37,68023,6037972,6,2012,31,48.6976744186046,"Palomar Elementary",91911
"25279",37,68023,6037972,6,2012,111,60.9393939393939,"Palomar Elementary",91911
"25280",37,68023,6037980,2,2012,31,62.5,"Mueller Charter (Robert L.)",91910
"25281",37,68023,6037980,2,2012,111,59,"Mueller Charter (Robert L.)",91910
"25282",37,68023,6037980,3,2012,31,51.7565789473684,"Mueller Charter (Robert L.)",91910
"25283",37,68023,6037980,3,2012,111,68.5,"Mueller Charter (Robert L.)",91910
"25284",37,68023,6037980,4,2012,31,68.5081967213115,"Mueller Charter (Robert L.)",91910
"25285",37,68023,6037980,4,2012,111,72.5531914893617,"Mueller Charter (Robert L.)",91910
"25286",37,68023,6037980,5,2012,31,73.9859154929577,"Mueller Charter (Robert L.)",91910
"25287",37,68023,6037980,5,2012,111,74.6666666666667,"Mueller Charter (Robert L.)",91910
"25288",37,68023,6037980,6,2012,31,46.5308056872038,"Mueller Charter (Robert L.)",91910
"25289",37,68023,6037980,6,2012,111,64.5,"Mueller Charter (Robert L.)",91910
"25290",37,68023,6037980,7,2012,31,59.0402684563758,"Mueller Charter (Robert L.)",91910
"25291",37,68023,6037980,7,2012,111,64.5,"Mueller Charter (Robert L.)",91910
"25292",37,68023,6037980,8,2012,31,64.0862068965517,"Mueller Charter (Robert L.)",91910
"25293",37,68023,6037980,8,2012,111,73,"Mueller Charter (Robert L.)",91910
"25294",37,68023,6037998,2,2012,31,51,"Rosebank Elementary",91911
"25295",37,68023,6037998,2,2012,111,64.5,"Rosebank Elementary",91911
"25296",37,68023,6037998,3,2012,31,59.7692307692308,"Rosebank Elementary",91911
"25297",37,68023,6037998,3,2012,111,77.5,"Rosebank Elementary",91911
"25298",37,68023,6037998,4,2012,31,64.5,"Rosebank Elementary",91911
"25299",37,68023,6037998,4,2012,111,81,"Rosebank Elementary",91911
"25300",37,68023,6037998,5,2012,31,36.01,"Rosebank Elementary",91911
"25301",37,68023,6037998,5,2012,111,64.3059701492537,"Rosebank Elementary",91911
"25302",37,68023,6037998,6,2012,31,44.5,"Rosebank Elementary",91911
"25303",37,68023,6037998,6,2012,111,75.4174757281553,"Rosebank Elementary",91911
"25304",37,68023,6038004,2,2012,31,46,"Silver Wing Elementary",92154
"25305",37,68023,6038004,2,2012,111,81,"Silver Wing Elementary",92154
"25306",37,68023,6038004,3,2012,31,54.7032967032967,"Silver Wing Elementary",92154
"25307",37,68023,6038004,4,2012,31,65.0701754385965,"Silver Wing Elementary",92154
"25308",37,68023,6038004,4,2012,111,79.6,"Silver Wing Elementary",92154
"25309",37,68023,6038004,5,2012,31,55,"Silver Wing Elementary",92154
"25310",37,68023,6038004,5,2012,111,74.3333333333333,"Silver Wing Elementary",92154
"25311",37,68023,6038004,6,2012,31,56.0574712643678,"Silver Wing Elementary",92154
"25312",37,68023,6038004,6,2012,111,57,"Silver Wing Elementary",92154
"25313",37,68023,6038012,2,2012,31,62,"Sunnyside Elementary",91902
"25314",37,68023,6038012,2,2012,111,79.5,"Sunnyside Elementary",91902
"25315",37,68023,6038012,3,2012,31,59,"Sunnyside Elementary",91902
"25316",37,68023,6038012,3,2012,111,80.7435897435897,"Sunnyside Elementary",91902
"25317",37,68023,6038012,4,2012,31,51.6451612903226,"Sunnyside Elementary",91902
"25318",37,68023,6038012,4,2012,111,80.9873417721519,"Sunnyside Elementary",91902
"25319",37,68023,6038012,5,2012,31,44.3333333333333,"Sunnyside Elementary",91902
"25320",37,68023,6038012,5,2012,111,82.1428571428571,"Sunnyside Elementary",91902
"25321",37,68023,6038012,6,2012,31,60.6363636363636,"Sunnyside Elementary",91902
"25322",37,68023,6038012,6,2012,111,81,"Sunnyside Elementary",91902
"25323",37,68023,6038020,2,2012,31,77,"Valle Lindo Elementary",91911
"25324",37,68023,6038020,2,2012,111,79.5,"Valle Lindo Elementary",91911
"25325",37,68023,6038020,3,2012,31,63.5,"Valle Lindo Elementary",91911
"25326",37,68023,6038020,3,2012,111,77,"Valle Lindo Elementary",91911
"25327",37,68023,6038020,4,2012,31,60.5,"Valle Lindo Elementary",91911
"25328",37,68023,6038020,4,2012,111,72,"Valle Lindo Elementary",91911
"25329",37,68023,6038020,5,2012,31,55.2616822429907,"Valle Lindo Elementary",91911
"25330",37,68023,6038020,5,2012,111,70.3333333333333,"Valle Lindo Elementary",91911
"25331",37,68023,6038020,6,2012,31,33.3670886075949,"Valle Lindo Elementary",91911
"25332",37,68023,6038020,6,2012,111,70.5,"Valle Lindo Elementary",91911
"25333",37,68023,6038038,2,2012,31,72,"Valley Vista Elementary",91902
"25334",37,68023,6038038,2,2012,111,75.5,"Valley Vista Elementary",91902
"25335",37,68023,6038038,3,2012,31,54.3818181818182,"Valley Vista Elementary",91902
"25336",37,68023,6038038,3,2012,111,73,"Valley Vista Elementary",91902
"25337",37,68023,6038038,4,2012,31,74.7462686567164,"Valley Vista Elementary",91902
"25338",37,68023,6038038,4,2012,111,77.6197183098592,"Valley Vista Elementary",91902
"25339",37,68023,6038038,5,2012,31,49.3809523809524,"Valley Vista Elementary",91902
"25340",37,68023,6038038,5,2012,111,66.0375939849624,"Valley Vista Elementary",91902
"25341",37,68023,6038038,6,2012,31,46,"Valley Vista Elementary",91902
"25342",37,68023,6038038,6,2012,111,59.5,"Valley Vista Elementary",91902
"25343",37,68023,6038046,2,2012,31,71,"Vista Square Elementary",91910
"25344",37,68023,6038046,2,2012,111,75,"Vista Square Elementary",91910
"25345",37,68023,6038046,3,2012,31,48,"Vista Square Elementary",91910
"25346",37,68023,6038046,3,2012,111,47,"Vista Square Elementary",91910
"25347",37,68023,6038046,4,2012,31,76.0082644628099,"Vista Square Elementary",91910
"25348",37,68023,6038046,4,2012,111,91,"Vista Square Elementary",91910
"25349",37,68023,6038046,5,2012,31,60.1812865497076,"Vista Square Elementary",91910
"25350",37,68023,6038046,5,2012,111,63.3333333333333,"Vista Square Elementary",91910
"25351",37,68023,6038046,6,2012,31,52.5,"Vista Square Elementary",91910
"25352",37,68023,6038046,6,2012,111,55,"Vista Square Elementary",91910
"25353",37,68023,6066971,2,2012,31,59,"Parkview Elementary",91911
"25354",37,68023,6066971,2,2012,111,75,"Parkview Elementary",91911
"25355",37,68023,6066971,3,2012,31,40.5,"Parkview Elementary",91911
"25356",37,68023,6066971,3,2012,111,76,"Parkview Elementary",91911
"25357",37,68023,6066971,4,2012,31,75,"Parkview Elementary",91911
"25358",37,68023,6066971,4,2012,111,83,"Parkview Elementary",91911
"25359",37,68023,6066971,5,2012,31,60.7848101265823,"Parkview Elementary",91911
"25360",37,68023,6066971,5,2012,111,81.6666666666667,"Parkview Elementary",91911
"25361",37,68023,6066971,6,2012,31,72,"Parkview Elementary",91911
"25362",37,68023,6066971,6,2012,111,79.5,"Parkview Elementary",91911
"25363",37,68023,6070825,2,2012,31,51.5,"Los Altos Elementary",92154
"25364",37,68023,6070825,2,2012,111,78,"Los Altos Elementary",92154
"25365",37,68023,6070825,3,2012,31,45.7066666666667,"Los Altos Elementary",92154
"25366",37,68023,6070825,3,2012,111,50,"Los Altos Elementary",92154
"25367",37,68023,6070825,4,2012,31,64.5098039215686,"Los Altos Elementary",92154
"25368",37,68023,6070825,4,2012,111,84.5,"Los Altos Elementary",92154
"25369",37,68023,6070825,5,2012,31,52,"Los Altos Elementary",92154
"25370",37,68023,6070825,5,2012,111,83.3333333333333,"Los Altos Elementary",92154
"25371",37,68023,6070825,6,2012,31,68.5,"Los Altos Elementary",92154
"25372",37,68023,6070825,6,2012,111,67.5116279069767,"Los Altos Elementary",92154
"25373",37,68023,6095038,2,2012,31,64.5,"Otay Elementary",91911
"25374",37,68023,6095038,2,2012,111,80,"Otay Elementary",91911
"25375",37,68023,6095038,3,2012,31,65,"Otay Elementary",91911
"25376",37,68023,6095038,3,2012,111,66.6666666666667,"Otay Elementary",91911
"25377",37,68023,6095038,4,2012,31,71.5,"Otay Elementary",91911
"25378",37,68023,6095038,4,2012,111,86,"Otay Elementary",91911
"25379",37,68023,6095038,5,2012,31,61.0578512396694,"Otay Elementary",91911
"25380",37,68023,6095038,5,2012,111,90,"Otay Elementary",91911
"25381",37,68023,6095038,6,2012,31,66,"Otay Elementary",91911
"25382",37,68023,6095038,6,2012,111,80.5,"Otay Elementary",91911
"25383",37,68023,6107775,2,2012,31,60,"Chula Vista Hills Elementary",91910
"25384",37,68023,6107775,2,2012,111,87,"Chula Vista Hills Elementary",91910
"25385",37,68023,6107775,3,2012,31,64,"Chula Vista Hills Elementary",91910
"25386",37,68023,6107775,3,2012,111,80.0990990990991,"Chula Vista Hills Elementary",91910
"25387",37,68023,6107775,4,2012,31,56.5,"Chula Vista Hills Elementary",91910
"25388",37,68023,6107775,4,2012,111,91.0363636363636,"Chula Vista Hills Elementary",91910
"25389",37,68023,6107775,5,2012,31,67,"Chula Vista Hills Elementary",91910
"25390",37,68023,6107775,5,2012,111,80.6967741935484,"Chula Vista Hills Elementary",91910
"25391",37,68023,6107775,6,2012,31,83.5,"Chula Vista Hills Elementary",91910
"25392",37,68023,6107775,6,2012,111,81,"Chula Vista Hills Elementary",91910
"25393",37,68023,6108492,2,2012,31,72,"EastLake Elementary",91913
"25394",37,68023,6108492,2,2012,111,85,"EastLake Elementary",91913
"25395",37,68023,6108492,3,2012,31,78,"EastLake Elementary",91913
"25396",37,68023,6108492,3,2012,111,79,"EastLake Elementary",91913
"25397",37,68023,6108492,4,2012,31,59.3770491803279,"EastLake Elementary",91913
"25398",37,68023,6108492,4,2012,111,70.5271317829457,"EastLake Elementary",91913
"25399",37,68023,6108492,5,2012,31,67.7619047619048,"EastLake Elementary",91913
"25400",37,68023,6108492,5,2012,111,67.3473684210526,"EastLake Elementary",91913
"25401",37,68023,6108492,6,2012,31,36.5974025974026,"EastLake Elementary",91913
"25402",37,68023,6108492,6,2012,111,64.887323943662,"EastLake Elementary",91913
"25403",37,68023,6109771,2,2012,31,52,"Clear View",91910
"25404",37,68023,6109771,2,2012,111,61,"Clear View",91910
"25405",37,68023,6109771,3,2012,31,76.7446808510638,"Clear View",91910
"25406",37,68023,6109771,3,2012,111,73,"Clear View",91910
"25407",37,68023,6109771,4,2012,31,59,"Clear View",91910
"25408",37,68023,6109771,4,2012,111,73.5172413793103,"Clear View",91910
"25409",37,68023,6109771,5,2012,31,64.6027397260274,"Clear View",91910
"25410",37,68023,6109771,5,2012,111,79.328,"Clear View",91910
"25411",37,68023,6109771,6,2012,31,40,"Clear View",91910
"25412",37,68023,6109771,6,2012,111,66.9012345679012,"Clear View",91910
"25413",37,68023,6111322,2,2012,31,61.5,"Discovery Charter",91910
"25414",37,68023,6111322,2,2012,111,75,"Discovery Charter",91910
"25415",37,68023,6111322,3,2012,31,62.1967213114754,"Discovery Charter",91910
"25416",37,68023,6111322,3,2012,111,76.5,"Discovery Charter",91910
"25417",37,68023,6111322,4,2012,31,72.3859649122807,"Discovery Charter",91910
"25418",37,68023,6111322,4,2012,111,76.0201342281879,"Discovery Charter",91910
"25419",37,68023,6111322,5,2012,31,68,"Discovery Charter",91910
"25420",37,68023,6111322,5,2012,111,78.3333333333333,"Discovery Charter",91910
"25421",37,68023,6111322,6,2012,31,73,"Discovery Charter",91910
"25422",37,68023,6111322,6,2012,111,79.5098039215686,"Discovery Charter",91910
"25423",37,68023,6111322,7,2012,111,74.9583333333333,"Discovery Charter",91910
"25424",37,68023,6113021,2,2012,31,72.5,"Olympic View Elementary",91915
"25425",37,68023,6113021,2,2012,111,79.5,"Olympic View Elementary",91915
"25426",37,68023,6113021,3,2012,31,63,"Olympic View Elementary",91915
"25427",37,68023,6113021,3,2012,111,86.5,"Olympic View Elementary",91915
"25428",37,68023,6113021,4,2012,31,66,"Olympic View Elementary",91915
"25429",37,68023,6113021,4,2012,111,86.9753086419753,"Olympic View Elementary",91915
"25430",37,68023,6113021,5,2012,31,64.3714285714286,"Olympic View Elementary",91915
"25431",37,68023,6113021,5,2012,111,84.6779661016949,"Olympic View Elementary",91915
"25432",37,68023,6113021,6,2012,31,74.5185185185185,"Olympic View Elementary",91915
"25433",37,68023,6113021,6,2012,111,88,"Olympic View Elementary",91915
"25434",37,68023,6116396,2,2012,31,67,"Marshall (Thurgood) Elementary",91914
"25435",37,68023,6116396,2,2012,111,87.5,"Marshall (Thurgood) Elementary",91914
"25436",37,68023,6116396,3,2012,31,78.5,"Marshall (Thurgood) Elementary",91914
"25437",37,68023,6116396,3,2012,111,78.4339622641509,"Marshall (Thurgood) Elementary",91914
"25438",37,68023,6116396,4,2012,31,62.3783783783784,"Marshall (Thurgood) Elementary",91914
"25439",37,68023,6116396,4,2012,111,85.979381443299,"Marshall (Thurgood) Elementary",91914
"25440",37,68023,6116396,5,2012,31,82.9056603773585,"Marshall (Thurgood) Elementary",91914
"25441",37,68023,6116396,5,2012,111,90.6678700361011,"Marshall (Thurgood) Elementary",91914
"25442",37,68023,6116396,6,2012,31,54.4594594594595,"Marshall (Thurgood) Elementary",91914
"25443",37,68023,6116396,6,2012,111,85,"Marshall (Thurgood) Elementary",91914
"25444",37,68023,6116859,2,2012,31,81.5,"Arroyo Vista Charter",91915
"25445",37,68023,6116859,2,2012,111,86,"Arroyo Vista Charter",91915
"25446",37,68023,6116859,3,2012,31,56.5,"Arroyo Vista Charter",91915
"25447",37,68023,6116859,3,2012,111,71.9453551912568,"Arroyo Vista Charter",91915
"25448",37,68023,6116859,4,2012,31,64,"Arroyo Vista Charter",91915
"25449",37,68023,6116859,4,2012,111,91.0204081632653,"Arroyo Vista Charter",91915
"25450",37,68023,6116859,5,2012,31,65.8928571428571,"Arroyo Vista Charter",91915
"25451",37,68023,6116859,5,2012,111,81.3333333333333,"Arroyo Vista Charter",91915
"25452",37,68023,6116859,6,2012,31,54,"Arroyo Vista Charter",91915
"25453",37,68023,6116859,6,2012,111,79,"Arroyo Vista Charter",91915
"25454",37,68023,6116859,7,2012,111,83.4521739130435,"Arroyo Vista Charter",91915
"25455",37,68023,6118988,2,2012,31,64,"McMillin (Corky) Elementary",91913
"25456",37,68023,6118988,2,2012,111,83.5,"McMillin (Corky) Elementary",91913
"25457",37,68023,6118988,3,2012,31,48,"McMillin (Corky) Elementary",91913
"25458",37,68023,6118988,3,2012,111,79.5,"McMillin (Corky) Elementary",91913
"25459",37,68023,6118988,4,2012,31,68,"McMillin (Corky) Elementary",91913
"25460",37,68023,6118988,4,2012,111,83.9875,"McMillin (Corky) Elementary",91913
"25461",37,68023,6118988,5,2012,31,81.3333333333333,"McMillin (Corky) Elementary",91913
"25462",37,68023,6118988,5,2012,111,89.6476868327402,"McMillin (Corky) Elementary",91913
"25463",37,68023,6118988,6,2012,31,80,"McMillin (Corky) Elementary",91913
"25464",37,68023,6118988,6,2012,111,92.5,"McMillin (Corky) Elementary",91913
"25465",37,68031,3731478,9,2012,111,72.34375,"Coronado High",92118
"25466",37,68031,3731478,10,2012,31,78.6666666666667,"Coronado High",92118
"25467",37,68031,3731478,10,2012,111,70.3675282714055,"Coronado High",92118
"25468",37,68031,3731478,11,2012,111,67.9439347604485,"Coronado High",92118
"25469",37,68031,6038053,2,2012,111,81.5,"Coronado Village Elementary",92118
"25470",37,68031,6038053,3,2012,31,83.5,"Coronado Village Elementary",92118
"25471",37,68031,6038053,3,2012,111,78,"Coronado Village Elementary",92118
"25472",37,68031,6038053,4,2012,31,79,"Coronado Village Elementary",92118
"25473",37,68031,6038053,4,2012,111,83.4731182795699,"Coronado Village Elementary",92118
"25474",37,68031,6038053,5,2012,111,82.0079365079365,"Coronado Village Elementary",92118
"25475",37,68031,6038087,2,2012,111,78,"Silver Strand Elementary",92118
"25476",37,68031,6038087,3,2012,111,76,"Silver Strand Elementary",92118
"25477",37,68031,6038087,4,2012,111,87,"Silver Strand Elementary",92118
"25478",37,68031,6038087,5,2012,111,92,"Silver Strand Elementary",92118
"25479",37,68031,6059570,6,2012,31,54,"Coronado Middle",92118
"25480",37,68031,6059570,6,2012,111,76.5,"Coronado Middle",92118
"25481",37,68031,6059570,7,2012,111,79.55,"Coronado Middle",92118
"25482",37,68031,6059570,8,2012,31,70,"Coronado Middle",92118
"25483",37,68031,6059570,8,2012,111,86.0662525879917,"Coronado Middle",92118
"25484",37,68049,6038095,2,2012,31,34.5,"Dehesa Elementary",92019
"25485",37,68049,6038095,2,2012,111,53.5,"Dehesa Elementary",92019
"25486",37,68049,6038095,3,2012,31,4.5,"Dehesa Elementary",92019
"25487",37,68049,6038095,4,2012,111,67.5,"Dehesa Elementary",92019
"25488",37,68049,6038095,5,2012,111,54,"Dehesa Elementary",92019
"25489",37,68049,6038095,6,2012,111,54.5,"Dehesa Elementary",92019
"25490",37,68056,110114,2,2012,111,98,"Sycamore Ridge",92130
"25491",37,68056,110114,3,2012,111,94.5,"Sycamore Ridge",92130
"25492",37,68056,110114,4,2012,111,86,"Sycamore Ridge",92130
"25493",37,68056,110114,5,2012,111,98,"Sycamore Ridge",92130
"25494",37,68056,110114,6,2012,111,89,"Sycamore Ridge",92130
"25495",37,68056,114686,2,2012,111,93.5,"Ocean Air",92130
"25496",37,68056,114686,3,2012,111,92.0168776371308,"Ocean Air",92130
"25497",37,68056,114686,4,2012,111,98.5,"Ocean Air",92130
"25498",37,68056,114686,5,2012,111,95,"Ocean Air",92130
"25499",37,68056,114686,6,2012,111,98,"Ocean Air",92130
"25500",37,68056,6038111,2,2012,111,96,"Del Mar Heights Elementary",92014
"25501",37,68056,6038111,3,2012,111,94.5,"Del Mar Heights Elementary",92014
"25502",37,68056,6038111,4,2012,111,98,"Del Mar Heights Elementary",92014
"25503",37,68056,6038111,5,2012,111,86,"Del Mar Heights Elementary",92014
"25504",37,68056,6038111,6,2012,111,91,"Del Mar Heights Elementary",92014
"25505",37,68056,6088983,2,2012,111,89.5,"Del Mar Hills Elementary",92014
"25506",37,68056,6088983,3,2012,111,86.5,"Del Mar Hills Elementary",92014
"25507",37,68056,6088983,4,2012,111,93,"Del Mar Hills Elementary",92014
"25508",37,68056,6088983,5,2012,111,96.6666666666667,"Del Mar Hills Elementary",92014
"25509",37,68056,6088983,6,2012,111,82.5,"Del Mar Hills Elementary",92014
"25510",37,68056,6110696,2,2012,111,89.5,"Carmel Del Mar Elementary",92130
"25511",37,68056,6110696,3,2012,111,91.5,"Carmel Del Mar Elementary",92130
"25512",37,68056,6110696,4,2012,111,94,"Carmel Del Mar Elementary",92130
"25513",37,68056,6110696,5,2012,111,93.6666666666667,"Carmel Del Mar Elementary",92130
"25514",37,68056,6110696,6,2012,111,92,"Carmel Del Mar Elementary",92130
"25515",37,68056,6115620,2,2012,111,89,"Ashley Falls Elementary",92130
"25516",37,68056,6115620,3,2012,111,90.5391304347826,"Ashley Falls Elementary",92130
"25517",37,68056,6115620,4,2012,111,93,"Ashley Falls Elementary",92130
"25518",37,68056,6115620,5,2012,111,90.6666666666667,"Ashley Falls Elementary",92130
"25519",37,68056,6115620,6,2012,111,95.5,"Ashley Falls Elementary",92130
"25520",37,68056,6117923,2,2012,111,96,"Sage Canyon",92130
"25521",37,68056,6117923,3,2012,111,92.5,"Sage Canyon",92130
"25522",37,68056,6117923,4,2012,111,96.502538071066,"Sage Canyon",92130
"25523",37,68056,6117923,5,2012,111,98.3333333333333,"Sage Canyon",92130
"25524",37,68056,6117923,6,2012,111,93.4901185770751,"Sage Canyon",92130
"25525",37,68056,6120596,2,2012,111,95,"Torrey Hills",92130
"25526",37,68056,6120596,3,2012,111,87,"Torrey Hills",92130
"25527",37,68056,6120596,4,2012,111,91.0160427807487,"Torrey Hills",92130
"25528",37,68056,6120596,5,2012,111,91.6655405405405,"Torrey Hills",92130
"25529",37,68056,6120596,6,2012,111,87.4702702702703,"Torrey Hills",92130
"25530",37,68080,6038145,2,2012,31,37,"Paul Ecke-Central Elementary",92024
"25531",37,68080,6038145,2,2012,111,79,"Paul Ecke-Central Elementary",92024
"25532",37,68080,6038145,3,2012,31,28.5,"Paul Ecke-Central Elementary",92024
"25533",37,68080,6038145,3,2012,111,71.8227848101266,"Paul Ecke-Central Elementary",92024
"25534",37,68080,6038145,4,2012,31,53,"Paul Ecke-Central Elementary",92024
"25535",37,68080,6038145,4,2012,111,92.981981981982,"Paul Ecke-Central Elementary",92024
"25536",37,68080,6038145,5,2012,31,35.258064516129,"Paul Ecke-Central Elementary",92024
"25537",37,68080,6038145,5,2012,111,85.6666666666667,"Paul Ecke-Central Elementary",92024
"25538",37,68080,6038145,6,2012,31,59,"Paul Ecke-Central Elementary",92024
"25539",37,68080,6038145,6,2012,111,75.5652173913043,"Paul Ecke-Central Elementary",92024
"25540",37,68080,6038152,2,2012,31,70.8727272727273,"Ocean Knoll Elementary",92024
"25541",37,68080,6038152,2,2012,111,84,"Ocean Knoll Elementary",92024
"25542",37,68080,6038152,3,2012,31,57.2978723404255,"Ocean Knoll Elementary",92024
"25543",37,68080,6038152,3,2012,111,86.0506329113924,"Ocean Knoll Elementary",92024
"25544",37,68080,6038152,4,2012,31,52.9056603773585,"Ocean Knoll Elementary",92024
"25545",37,68080,6038152,4,2012,111,89.5,"Ocean Knoll Elementary",92024
"25546",37,68080,6038152,5,2012,31,79,"Ocean Knoll Elementary",92024
"25547",37,68080,6038152,5,2012,111,95.3333333333333,"Ocean Knoll Elementary",92024
"25548",37,68080,6038152,6,2012,31,59.2307692307692,"Ocean Knoll Elementary",92024
"25549",37,68080,6038152,6,2012,111,88,"Ocean Knoll Elementary",92024
"25550",37,68080,6066989,2,2012,31,30.5,"Capri Elementary",92024
"25551",37,68080,6066989,2,2012,111,78,"Capri Elementary",92024
"25552",37,68080,6066989,3,2012,31,32,"Capri Elementary",92024
"25553",37,68080,6066989,3,2012,111,77.0075187969925,"Capri Elementary",92024
"25554",37,68080,6066989,4,2012,31,85,"Capri Elementary",92024
"25555",37,68080,6066989,4,2012,111,87,"Capri Elementary",92024
"25556",37,68080,6066989,5,2012,31,68.3333333333333,"Capri Elementary",92024
"25557",37,68080,6066989,5,2012,111,87.3092783505155,"Capri Elementary",92024
"25558",37,68080,6066989,6,2012,31,36.1515151515151,"Capri Elementary",92024
"25559",37,68080,6066989,6,2012,111,86,"Capri Elementary",92024
"25560",37,68080,6095046,2,2012,31,31,"Park Dale Lane Elementary",92024
"25561",37,68080,6095046,2,2012,111,81.5,"Park Dale Lane Elementary",92024
"25562",37,68080,6095046,3,2012,31,26.5,"Park Dale Lane Elementary",92024
"25563",37,68080,6095046,3,2012,111,69.5,"Park Dale Lane Elementary",92024
"25564",37,68080,6095046,4,2012,31,47,"Park Dale Lane Elementary",92024
"25565",37,68080,6095046,4,2012,111,72.4273504273504,"Park Dale Lane Elementary",92024
"25566",37,68080,6095046,5,2012,31,25,"Park Dale Lane Elementary",92024
"25567",37,68080,6095046,5,2012,111,90.0093457943925,"Park Dale Lane Elementary",92024
"25568",37,68080,6095046,6,2012,31,31.5,"Park Dale Lane Elementary",92024
"25569",37,68080,6095046,6,2012,111,70,"Park Dale Lane Elementary",92024
"25570",37,68080,6099402,2,2012,111,88,"Flora Vista Elementary",92024
"25571",37,68080,6099402,3,2012,111,87.5,"Flora Vista Elementary",92024
"25572",37,68080,6099402,4,2012,111,94.5,"Flora Vista Elementary",92024
"25573",37,68080,6099402,5,2012,111,92.6666666666667,"Flora Vista Elementary",92024
"25574",37,68080,6099402,6,2012,111,81.7551020408163,"Flora Vista Elementary",92024
"25575",37,68080,6106132,2,2012,111,89.5,"La Costa Heights Elementary",92009
"25576",37,68080,6106132,3,2012,31,44,"La Costa Heights Elementary",92009
"25577",37,68080,6106132,3,2012,111,84.5414012738854,"La Costa Heights Elementary",92009
"25578",37,68080,6106132,4,2012,111,95.9877300613497,"La Costa Heights Elementary",92009
"25579",37,68080,6106132,5,2012,111,86.3173431734317,"La Costa Heights Elementary",92009
"25580",37,68080,6106132,6,2012,111,86.9944134078212,"La Costa Heights Elementary",92009
"25581",37,68080,6108534,2,2012,111,93,"Mission Estancia Elementary",92009
"25582",37,68080,6108534,3,2012,111,84,"Mission Estancia Elementary",92009
"25583",37,68080,6108534,4,2012,111,95.5,"Mission Estancia Elementary",92009
"25584",37,68080,6108534,5,2012,111,92.99203187251,"Mission Estancia Elementary",92009
"25585",37,68080,6108534,6,2012,111,93.5,"Mission Estancia Elementary",92009
"25586",37,68080,6112445,2,2012,111,88,"Olivenhain Pioneer Elementary",92009
"25587",37,68080,6112445,3,2012,111,86,"Olivenhain Pioneer Elementary",92009
"25588",37,68080,6112445,4,2012,111,91,"Olivenhain Pioneer Elementary",92009
"25589",37,68080,6112445,5,2012,111,92.6578947368421,"Olivenhain Pioneer Elementary",92009
"25590",37,68080,6112445,6,2012,111,87.4917127071823,"Olivenhain Pioneer Elementary",92009
"25591",37,68080,6117709,2,2012,111,88.5,"El Camino Creek Elementary",92009
"25592",37,68080,6117709,3,2012,111,90.0158102766798,"El Camino Creek Elementary",92009
"25593",37,68080,6117709,4,2012,111,95.4861111111111,"El Camino Creek Elementary",92009
"25594",37,68080,6117709,5,2012,111,93.3333333333333,"El Camino Creek Elementary",92009
"25595",37,68080,6117709,6,2012,111,93,"El Camino Creek Elementary",92009
"25596",37,68098,101535,2,2012,31,82.5,"Heritage K-8 Charter",92027
"25597",37,68098,101535,2,2012,111,88,"Heritage K-8 Charter",92027
"25598",37,68098,101535,3,2012,31,58,"Heritage K-8 Charter",92027
"25599",37,68098,101535,3,2012,111,82.5,"Heritage K-8 Charter",92027
"25600",37,68098,101535,4,2012,31,96.5,"Heritage K-8 Charter",92027
"25601",37,68098,101535,4,2012,111,95.5,"Heritage K-8 Charter",92027
"25602",37,68098,101535,5,2012,31,80.936170212766,"Heritage K-8 Charter",92027
"25603",37,68098,101535,5,2012,111,93,"Heritage K-8 Charter",92027
"25604",37,68098,101535,6,2012,31,68,"Heritage K-8 Charter",92027
"25605",37,68098,101535,6,2012,111,72.5,"Heritage K-8 Charter",92027
"25606",37,68098,101535,7,2012,31,60.3,"Heritage K-8 Charter",92027
"25607",37,68098,101535,7,2012,111,75.1648936170213,"Heritage K-8 Charter",92027
"25608",37,68098,101535,8,2012,31,64.7295597484277,"Heritage K-8 Charter",92027
"25609",37,68098,101535,8,2012,111,73.5799522673031,"Heritage K-8 Charter",92027
"25610",37,68098,102590,6,2012,31,36.0350877192982,"Bear Valley Middle",92025
"25611",37,68098,102590,6,2012,111,72.0249110320285,"Bear Valley Middle",92025
"25612",37,68098,102590,7,2012,31,29.1447721179625,"Bear Valley Middle",92025
"25613",37,68098,102590,7,2012,111,70.7647058823529,"Bear Valley Middle",92025
"25614",37,68098,102590,8,2012,31,31.3681672025723,"Bear Valley Middle",92025
"25615",37,68098,102590,8,2012,111,65.012315270936,"Bear Valley Middle",92025
"25616",37,68098,102608,2,2012,31,47.5,"Farr Avenue Elementary",92026
"25617",37,68098,102608,3,2012,31,36.580487804878,"Farr Avenue Elementary",92026
"25618",37,68098,102608,4,2012,31,47.125,"Farr Avenue Elementary",92026
"25619",37,68098,102608,5,2012,31,32.3102493074792,"Farr Avenue Elementary",92026
"25620",37,68098,107862,2,2012,31,48,"Reidy Creek Elementary",92026
"25621",37,68098,107862,2,2012,111,76,"Reidy Creek Elementary",92026
"25622",37,68098,107862,3,2012,31,69.5,"Reidy Creek Elementary",92026
"25623",37,68098,107862,3,2012,111,83.0620689655172,"Reidy Creek Elementary",92026
"25624",37,68098,107862,4,2012,31,80.5,"Reidy Creek Elementary",92026
"25625",37,68098,107862,4,2012,111,84.0827586206897,"Reidy Creek Elementary",92026
"25626",37,68098,107862,5,2012,31,40,"Reidy Creek Elementary",92026
"25627",37,68098,107862,5,2012,111,80.3333333333333,"Reidy Creek Elementary",92026
"25628",37,68098,107870,2,2012,31,71,"Bernardo Elementary",92029
"25629",37,68098,107870,2,2012,111,80,"Bernardo Elementary",92029
"25630",37,68098,107870,3,2012,31,63.5,"Bernardo Elementary",92029
"25631",37,68098,107870,3,2012,111,89.4761904761905,"Bernardo Elementary",92029
"25632",37,68098,107870,4,2012,31,65.5,"Bernardo Elementary",92029
"25633",37,68098,107870,4,2012,111,78.921875,"Bernardo Elementary",92029
"25634",37,68098,107870,5,2012,31,65,"Bernardo Elementary",92029
"25635",37,68098,107870,5,2012,111,91.0115384615385,"Bernardo Elementary",92029
"25636",37,68098,6038178,2,2012,31,30,"Central Elementary",92025
"25637",37,68098,6038178,3,2012,31,29.5,"Central Elementary",92025
"25638",37,68098,6038178,4,2012,31,36.5124378109453,"Central Elementary",92025
"25639",37,68098,6038178,5,2012,31,33.3333333333333,"Central Elementary",92025
"25640",37,68098,6038186,2,2012,31,36,"Conway Elementary",92027
"25641",37,68098,6038186,2,2012,111,60.5,"Conway Elementary",92027
"25642",37,68098,6038186,3,2012,31,38.2886597938144,"Conway Elementary",92027
"25643",37,68098,6038186,3,2012,111,54,"Conway Elementary",92027
"25644",37,68098,6038186,4,2012,31,38.4611111111111,"Conway Elementary",92027
"25645",37,68098,6038186,4,2012,111,59.1851851851852,"Conway Elementary",92027
"25646",37,68098,6038186,5,2012,31,31.2582159624413,"Conway Elementary",92027
"25647",37,68098,6038186,5,2012,111,59.3333333333333,"Conway Elementary",92027
"25648",37,68098,6038228,2,2012,31,53,"Juniper Elementary",92025
"25649",37,68098,6038228,3,2012,31,33.595,"Juniper Elementary",92025
"25650",37,68098,6038228,3,2012,111,62,"Juniper Elementary",92025
"25651",37,68098,6038228,4,2012,31,49,"Juniper Elementary",92025
"25652",37,68098,6038228,5,2012,31,46.68125,"Juniper Elementary",92025
"25653",37,68098,6038228,5,2012,111,67.8936170212766,"Juniper Elementary",92025
"25654",37,68098,6038236,2,2012,31,45,"Lincoln Elementary",92026
"25655",37,68098,6038236,3,2012,31,41.555023923445,"Lincoln Elementary",92026
"25656",37,68098,6038236,4,2012,31,54.492385786802,"Lincoln Elementary",92026
"25657",37,68098,6038236,5,2012,31,39.9897610921502,"Lincoln Elementary",92026
"25658",37,68098,6038244,2,2012,31,53,"Oak Hill Elementary",92027
"25659",37,68098,6038244,2,2012,111,70,"Oak Hill Elementary",92027
"25660",37,68098,6038244,3,2012,31,42.5446808510638,"Oak Hill Elementary",92027
"25661",37,68098,6038244,3,2012,111,57.9354838709677,"Oak Hill Elementary",92027
"25662",37,68098,6038244,4,2012,31,39.9757085020243,"Oak Hill Elementary",92027
"25663",37,68098,6038244,4,2012,111,93,"Oak Hill Elementary",92027
"25664",37,68098,6038244,5,2012,31,34.6555023923445,"Oak Hill Elementary",92027
"25665",37,68098,6038244,5,2012,111,66.6666666666667,"Oak Hill Elementary",92027
"25666",37,68098,6038251,2,2012,31,51,"Rose Elementary",92027
"25667",37,68098,6038251,3,2012,31,28.4670658682635,"Rose Elementary",92027
"25668",37,68098,6038251,4,2012,31,46.5977011494253,"Rose Elementary",92027
"25669",37,68098,6038251,5,2012,31,32.9494949494949,"Rose Elementary",92027
"25670",37,68098,6038939,2,2012,31,33.5,"Glen View Elementary",92027
"25671",37,68098,6038939,2,2012,111,73,"Glen View Elementary",92027
"25672",37,68098,6038939,3,2012,31,31.0655737704918,"Glen View Elementary",92027
"25673",37,68098,6038939,3,2012,111,62.5,"Glen View Elementary",92027
"25674",37,68098,6038939,4,2012,31,43.5,"Glen View Elementary",92027
"25675",37,68098,6038939,4,2012,111,61.5,"Glen View Elementary",92027
"25676",37,68098,6038939,5,2012,31,47.6666666666667,"Glen View Elementary",92027
"25677",37,68098,6038939,5,2012,111,61.4626865671642,"Glen View Elementary",92027
"25678",37,68098,6038947,2,2012,31,55,"Orange Glen Elementary",92027
"25679",37,68098,6038947,2,2012,111,77.5,"Orange Glen Elementary",92027
"25680",37,68098,6038947,3,2012,31,36.6352941176471,"Orange Glen Elementary",92027
"25681",37,68098,6038947,3,2012,111,58,"Orange Glen Elementary",92027
"25682",37,68098,6038947,4,2012,31,53.4919786096257,"Orange Glen Elementary",92027
"25683",37,68098,6038947,4,2012,111,83,"Orange Glen Elementary",92027
"25684",37,68098,6038947,5,2012,31,53.6418439716312,"Orange Glen Elementary",92027
"25685",37,68098,6038947,5,2012,111,70,"Orange Glen Elementary",92027
"25686",37,68098,6066997,2,2012,31,32.5,"Miller Elementary",92025
"25687",37,68098,6066997,2,2012,111,63,"Miller Elementary",92025
"25688",37,68098,6066997,3,2012,31,42.5,"Miller Elementary",92025
"25689",37,68098,6066997,3,2012,111,52.5,"Miller Elementary",92025
"25690",37,68098,6066997,4,2012,31,46.8767123287671,"Miller Elementary",92025
"25691",37,68098,6066997,4,2012,111,80.5,"Miller Elementary",92025
"25692",37,68098,6066997,5,2012,31,51.0138888888889,"Miller Elementary",92025
"25693",37,68098,6066997,5,2012,111,71,"Miller Elementary",92025
"25694",37,68098,6093215,6,2012,31,29.4839650145773,"Hidden Valley Middle",92027
"25695",37,68098,6093215,6,2012,111,53,"Hidden Valley Middle",92027
"25696",37,68098,6093215,7,2012,31,33.009022556391,"Hidden Valley Middle",92027
"25697",37,68098,6093215,7,2012,111,56.5524475524476,"Hidden Valley Middle",92027
"25698",37,68098,6093215,8,2012,31,38.5435855263158,"Hidden Valley Middle",92027
"25699",37,68098,6093215,8,2012,111,52.4703389830508,"Hidden Valley Middle",92027
"25700",37,68098,6102750,2,2012,31,47.5,"North Broadway Elementary",92026
"25701",37,68098,6102750,2,2012,111,69.5,"North Broadway Elementary",92026
"25702",37,68098,6102750,3,2012,31,40.5,"North Broadway Elementary",92026
"25703",37,68098,6102750,3,2012,111,61.1527777777778,"North Broadway Elementary",92026
"25704",37,68098,6102750,4,2012,31,63,"North Broadway Elementary",92026
"25705",37,68098,6102750,4,2012,111,82.5,"North Broadway Elementary",92026
"25706",37,68098,6102750,5,2012,31,72.9134615384615,"North Broadway Elementary",92026
"25707",37,68098,6102750,5,2012,111,80.3333333333333,"North Broadway Elementary",92026
"25708",37,68098,6105944,6,2012,31,37.9465240641711,"Rincon Middle",92026
"25709",37,68098,6105944,6,2012,111,57.8994413407821,"Rincon Middle",92026
"25710",37,68098,6105944,7,2012,31,35.0439024390244,"Rincon Middle",92026
"25711",37,68098,6105944,7,2012,111,68,"Rincon Middle",92026
"25712",37,68098,6105944,8,2012,31,53.0865800865801,"Rincon Middle",92026
"25713",37,68098,6105944,8,2012,111,71.7721518987342,"Rincon Middle",92026
"25714",37,68098,6107882,2,2012,31,61.5,"L. R. Green Elementary",92025
"25715",37,68098,6107882,2,2012,111,88,"L. R. Green Elementary",92025
"25716",37,68098,6107882,3,2012,31,46.5,"L. R. Green Elementary",92025
"25717",37,68098,6107882,3,2012,111,76.0359281437126,"L. R. Green Elementary",92025
"25718",37,68098,6107882,4,2012,31,64,"L. R. Green Elementary",92025
"25719",37,68098,6107882,4,2012,111,85.5,"L. R. Green Elementary",92025
"25720",37,68098,6107882,5,2012,31,61.9459459459459,"L. R. Green Elementary",92025
"25721",37,68098,6107882,5,2012,111,85.6666666666667,"L. R. Green Elementary",92025
"25722",37,68098,6110381,2,2012,31,46,"Pioneer Elementary",92027
"25723",37,68098,6110381,3,2012,31,36,"Pioneer Elementary",92027
"25724",37,68098,6110381,4,2012,31,52.9857819905213,"Pioneer Elementary",92027
"25725",37,68098,6110381,5,2012,31,46.6666666666667,"Pioneer Elementary",92027
"25726",37,68098,6111769,2,2012,31,61,"Rock Springs Elementary",92026
"25727",37,68098,6111769,2,2012,111,79,"Rock Springs Elementary",92026
"25728",37,68098,6111769,3,2012,31,33,"Rock Springs Elementary",92026
"25729",37,68098,6111769,3,2012,111,54,"Rock Springs Elementary",92026
"25730",37,68098,6111769,4,2012,31,34.9931034482759,"Rock Springs Elementary",92026
"25731",37,68098,6111769,4,2012,111,42.5,"Rock Springs Elementary",92026
"25732",37,68098,6111769,5,2012,31,32.3333333333333,"Rock Springs Elementary",92026
"25733",37,68098,6111769,5,2012,111,53.203125,"Rock Springs Elementary",92026
"25734",37,68098,6116776,2,2012,31,30,"Classical Academy",92025
"25735",37,68098,6116776,2,2012,111,70.9032258064516,"Classical Academy",92025
"25736",37,68098,6116776,3,2012,31,51.5,"Classical Academy",92025
"25737",37,68098,6116776,3,2012,111,61.5588235294118,"Classical Academy",92025
"25738",37,68098,6116776,4,2012,111,75.9390243902439,"Classical Academy",92025
"25739",37,68098,6116776,5,2012,31,53.3333333333333,"Classical Academy",92025
"25740",37,68098,6116776,5,2012,111,80.5962264150943,"Classical Academy",92025
"25741",37,68098,6116776,6,2012,31,62.5,"Classical Academy",92025
"25742",37,68098,6116776,6,2012,111,71.0243902439024,"Classical Academy",92025
"25743",37,68098,6116776,7,2012,31,63.2916666666667,"Classical Academy",92025
"25744",37,68098,6116776,7,2012,111,80.5487804878049,"Classical Academy",92025
"25745",37,68098,6116776,8,2012,111,64.5689149560117,"Classical Academy",92025
"25746",37,68106,111195,9,2012,31,78.0444444444445,"Classical Academy High",92025
"25747",37,68106,111195,9,2012,111,77.5896103896104,"Classical Academy High",92025
"25748",37,68106,111195,10,2012,31,72,"Classical Academy High",92025
"25749",37,68106,111195,10,2012,111,64.2507122507123,"Classical Academy High",92025
"25750",37,68106,111195,11,2012,31,67,"Classical Academy High",92025
"25751",37,68106,111195,11,2012,111,55.4486692015209,"Classical Academy High",92025
"25752",37,68106,3730058,9,2012,31,40.7385257301808,"San Pasqual High",92025
"25753",37,68106,3730058,9,2012,111,74.7435897435897,"San Pasqual High",92025
"25754",37,68106,3730058,10,2012,31,34.8622848200313,"San Pasqual High",92025
"25755",37,68106,3730058,10,2012,111,62.3007651559741,"San Pasqual High",92025
"25756",37,68106,3730058,11,2012,31,37.7751196172249,"San Pasqual High",92025
"25757",37,68106,3730058,11,2012,111,61.9107296137339,"San Pasqual High",92025
"25758",37,68106,3731023,9,2012,31,62.9662921348315,"Escondido Charter High",92027
"25759",37,68106,3731023,9,2012,111,80.1260504201681,"Escondido Charter High",92027
"25760",37,68106,3731023,10,2012,31,59.9065420560748,"Escondido Charter High",92027
"25761",37,68106,3731023,10,2012,111,70.016583747927,"Escondido Charter High",92027
"25762",37,68106,3731023,11,2012,31,55.5,"Escondido Charter High",92027
"25763",37,68106,3731023,11,2012,111,62.0609137055838,"Escondido Charter High",92027
"25764",37,68106,3732062,9,2012,31,38.9264214046823,"Escondido High",92026
"25765",37,68106,3732062,9,2012,111,64.7030995106036,"Escondido High",92026
"25766",37,68106,3732062,10,2012,31,27.4902912621359,"Escondido High",92026
"25767",37,68106,3732062,10,2012,111,50.0211581291759,"Escondido High",92026
"25768",37,68106,3732062,11,2012,31,30.0452488687783,"Escondido High",92026
"25769",37,68106,3732062,11,2012,111,59.736225087925,"Escondido High",92026
"25770",37,68106,3735313,9,2012,31,33.3293718166384,"Orange Glen High",92027
"25771",37,68106,3735313,9,2012,111,51.3594470046083,"Orange Glen High",92027
"25772",37,68106,3735313,10,2012,31,34.7358336730534,"Orange Glen High",92027
"25773",37,68106,3735313,10,2012,111,46.4150485436893,"Orange Glen High",92027
"25774",37,68106,3735313,11,2012,31,35.4933797909408,"Orange Glen High",92027
"25775",37,68106,3735313,11,2012,111,47.2703703703704,"Orange Glen High",92027
"25776",37,68114,115519,7,2012,31,31.5,"Santa Margarita Academy",92028
"25777",37,68114,115519,8,2012,31,33.3529411764706,"Santa Margarita Academy",92028
"25778",37,68114,6038269,2,2012,31,34.5,"La Paloma Elementary",92028
"25779",37,68114,6038269,2,2012,111,55.5,"La Paloma Elementary",92028
"25780",37,68114,6038269,3,2012,31,37.5944055944056,"La Paloma Elementary",92028
"25781",37,68114,6038269,3,2012,111,80,"La Paloma Elementary",92028
"25782",37,68114,6038269,4,2012,31,56,"La Paloma Elementary",92028
"25783",37,68114,6038269,4,2012,111,76.9384615384615,"La Paloma Elementary",92028
"25784",37,68114,6038269,5,2012,31,56.6666666666667,"La Paloma Elementary",92028
"25785",37,68114,6038269,5,2012,111,66.2337662337662,"La Paloma Elementary",92028
"25786",37,68114,6038269,6,2012,31,61.9620253164557,"La Paloma Elementary",92028
"25787",37,68114,6038269,6,2012,111,76.4727272727273,"La Paloma Elementary",92028
"25788",37,68114,6038301,2,2012,31,65,"Mary Fay Pendleton Elementary",92058
"25789",37,68114,6038301,2,2012,111,82.5,"Mary Fay Pendleton Elementary",92058
"25790",37,68114,6038301,3,2012,31,65.5,"Mary Fay Pendleton Elementary",92058
"25791",37,68114,6038301,3,2012,111,74.568345323741,"Mary Fay Pendleton Elementary",92058
"25792",37,68114,6038301,4,2012,31,63.0298507462687,"Mary Fay Pendleton Elementary",92058
"25793",37,68114,6038301,4,2012,111,78.5,"Mary Fay Pendleton Elementary",92058
"25794",37,68114,6038301,5,2012,31,53.6666666666667,"Mary Fay Pendleton Elementary",92058
"25795",37,68114,6038301,5,2012,111,77.6666666666667,"Mary Fay Pendleton Elementary",92058
"25796",37,68114,6038301,6,2012,31,70.0697674418605,"Mary Fay Pendleton Elementary",92058
"25797",37,68114,6038301,6,2012,111,73.5,"Mary Fay Pendleton Elementary",92058
"25798",37,68114,6038301,7,2012,31,79.7714285714286,"Mary Fay Pendleton Elementary",92058
"25799",37,68114,6038301,7,2012,111,79.5,"Mary Fay Pendleton Elementary",92058
"25800",37,68114,6038301,8,2012,111,69.8181818181818,"Mary Fay Pendleton Elementary",92058
"25801",37,68114,6096515,2,2012,31,69.5,"San Onofre Elementary",92672
"25802",37,68114,6096515,2,2012,111,74.5,"San Onofre Elementary",92672
"25803",37,68114,6096515,3,2012,31,66,"San Onofre Elementary",92672
"25804",37,68114,6096515,3,2012,111,66,"San Onofre Elementary",92672
"25805",37,68114,6096515,4,2012,31,73.9569892473118,"San Onofre Elementary",92672
"25806",37,68114,6096515,4,2012,111,80.0769230769231,"San Onofre Elementary",92672
"25807",37,68114,6096515,5,2012,31,74.3921568627451,"San Onofre Elementary",92672
"25808",37,68114,6096515,5,2012,111,80.2682926829268,"San Onofre Elementary",92672
"25809",37,68114,6096515,6,2012,31,70,"San Onofre Elementary",92672
"25810",37,68114,6096515,6,2012,111,83.9090909090909,"San Onofre Elementary",92672
"25811",37,68114,6096515,7,2012,31,77,"San Onofre Elementary",92672
"25812",37,68114,6096515,7,2012,111,68.5,"San Onofre Elementary",92672
"25813",37,68114,6096515,8,2012,31,78.9777777777778,"San Onofre Elementary",92672
"25814",37,68114,6096515,8,2012,111,84.46875,"San Onofre Elementary",92672
"25815",37,68114,6109524,2,2012,31,53.5,"Live Oak Elementary",92028
"25816",37,68114,6109524,2,2012,111,71,"Live Oak Elementary",92028
"25817",37,68114,6109524,3,2012,31,45,"Live Oak Elementary",92028
"25818",37,68114,6109524,3,2012,111,70.5,"Live Oak Elementary",92028
"25819",37,68114,6109524,4,2012,31,58.007299270073,"Live Oak Elementary",92028
"25820",37,68114,6109524,4,2012,111,70.9454545454546,"Live Oak Elementary",92028
"25821",37,68114,6109524,5,2012,31,56.9906976744186,"Live Oak Elementary",92028
"25822",37,68114,6109524,5,2012,111,77.4848484848485,"Live Oak Elementary",92028
"25823",37,68114,6109524,6,2012,31,54.0375,"Live Oak Elementary",92028
"25824",37,68114,6109524,6,2012,111,76.8840579710145,"Live Oak Elementary",92028
"25825",37,68114,6116420,2,2012,31,51.5,"William H. Frazier Elementary",92028
"25826",37,68114,6116420,2,2012,111,68.5,"William H. Frazier Elementary",92028
"25827",37,68114,6116420,3,2012,31,40,"William H. Frazier Elementary",92028
"25828",37,68114,6116420,3,2012,111,62.225,"William H. Frazier Elementary",92028
"25829",37,68114,6116420,4,2012,31,54.0530973451327,"William H. Frazier Elementary",92028
"25830",37,68114,6116420,4,2012,111,67,"William H. Frazier Elementary",92028
"25831",37,68114,6116420,5,2012,31,38.6792452830189,"William H. Frazier Elementary",92028
"25832",37,68114,6116420,5,2012,111,68.3333333333333,"William H. Frazier Elementary",92028
"25833",37,68114,6116420,6,2012,31,47.5,"William H. Frazier Elementary",92028
"25834",37,68114,6116420,6,2012,111,83,"William H. Frazier Elementary",92028
"25835",37,68122,3732179,9,2012,31,30.0357142857143,"Fallbrook High",92028
"25836",37,68122,3732179,9,2012,111,54.989898989899,"Fallbrook High",92028
"25837",37,68122,3732179,10,2012,31,32.4260686755431,"Fallbrook High",92028
"25838",37,68122,3732179,10,2012,111,57.6604651162791,"Fallbrook High",92028
"25839",37,68122,3732179,11,2012,31,39.4066420664207,"Fallbrook High",92028
"25840",37,68122,3732179,11,2012,111,51.9076086956522,"Fallbrook High",92028
"25841",37,68130,3730066,9,2012,31,43.3794549266247,"Valhalla High",92019
"25842",37,68130,3730066,9,2012,111,73.6723044397463,"Valhalla High",92019
"25843",37,68130,3730066,10,2012,31,42.2222222222222,"Valhalla High",92019
"25844",37,68130,3730066,10,2012,111,63.129207383279,"Valhalla High",92019
"25845",37,68130,3730066,11,2012,31,34.2101449275362,"Valhalla High",92019
"25846",37,68130,3730066,11,2012,111,56.4191954834157,"Valhalla High",92019
"25847",37,68130,3730702,9,2012,31,48.1234567901235,"West Hills High",92071
"25848",37,68130,3730702,9,2012,111,68.0210656753408,"West Hills High",92071
"25849",37,68130,3730702,10,2012,31,46.287841191067,"West Hills High",92071
"25850",37,68130,3730702,10,2012,111,58.1852986217458,"West Hills High",92071
"25851",37,68130,3730702,11,2012,31,36.1764705882353,"West Hills High",92071
"25852",37,68130,3730702,11,2012,111,46.2941176470588,"West Hills High",92071
"25853",37,68130,3731262,9,2012,31,54.4464944649446,"Steele Canyon High",91978
"25854",37,68130,3731262,9,2012,111,73.076840981857,"Steele Canyon High",91978
"25855",37,68130,3731262,10,2012,31,31.4525547445255,"Steele Canyon High",91978
"25856",37,68130,3731262,10,2012,111,47.1511132164851,"Steele Canyon High",91978
"25857",37,68130,3731262,11,2012,31,30.0089686098655,"Steele Canyon High",91978
"25858",37,68130,3731262,11,2012,111,52.7016574585635,"Steele Canyon High",91978
"25859",37,68130,3731692,9,2012,31,35.0516304347826,"El Cajon Valley High",92021
"25860",37,68130,3731692,9,2012,111,47.9304347826087,"El Cajon Valley High",92021
"25861",37,68130,3731692,10,2012,31,25.663564781675,"El Cajon Valley High",92021
"25862",37,68130,3731692,10,2012,111,33.3165829145729,"El Cajon Valley High",92021
"25863",37,68130,3731692,11,2012,31,14.0233494363929,"El Cajon Valley High",92021
"25864",37,68130,3731692,11,2012,111,22.6709677419355,"El Cajon Valley High",92021
"25865",37,68130,3731809,9,2012,31,37.1171875,"El Capitan High",92040
"25866",37,68130,3731809,9,2012,111,50.05,"El Capitan High",92040
"25867",37,68130,3731809,10,2012,31,31.9757085020243,"El Capitan High",92040
"25868",37,68130,3731809,10,2012,111,43.3382838283828,"El Capitan High",92040
"25869",37,68130,3731809,11,2012,31,26.5740740740741,"El Capitan High",92040
"25870",37,68130,3731809,11,2012,111,41.5825426944972,"El Capitan High",92040
"25871",37,68130,3732336,9,2012,31,49.3663194444444,"Granite Hills High",92019
"25872",37,68130,3732336,9,2012,111,66.0264187866928,"Granite Hills High",92019
"25873",37,68130,3732336,10,2012,31,45.7959949937422,"Granite Hills High",92019
"25874",37,68130,3732336,10,2012,111,56.3868312757202,"Granite Hills High",92019
"25875",37,68130,3732336,11,2012,31,28.8226804123711,"Granite Hills High",92019
"25876",37,68130,3732336,11,2012,111,45.9777651083238,"Granite Hills High",92019
"25877",37,68130,3732559,9,2012,31,11.1111111111111,"Chaparral High",92020
"25878",37,68130,3732559,10,2012,31,6.90909090909091,"Chaparral High",92020
"25879",37,68130,3732559,10,2012,111,16,"Chaparral High",92020
"25880",37,68130,3732559,11,2012,31,10.7157894736842,"Chaparral High",92020
"25881",37,68130,3732559,11,2012,111,31.4464285714286,"Chaparral High",92020
"25882",37,68130,3732625,9,2012,31,36.0166358595194,"Grossmont High",91944
"25883",37,68130,3732625,9,2012,111,64.0797266514806,"Grossmont High",91944
"25884",37,68130,3732625,10,2012,31,34.0399137001079,"Grossmont High",91944
"25885",37,68130,3732625,10,2012,111,56.6637265711136,"Grossmont High",91944
"25886",37,68130,3732625,11,2012,31,28.1296296296296,"Grossmont High",91944
"25887",37,68130,3732625,11,2012,111,53.0014981273408,"Grossmont High",91944
"25888",37,68130,3732732,9,2012,31,52.8228905597327,"Helix High",91941
"25889",37,68130,3732732,9,2012,111,70.0489614243323,"Helix High",91941
"25890",37,68130,3732732,10,2012,31,47.2391304347826,"Helix High",91941
"25891",37,68130,3732732,10,2012,111,60.3500810372771,"Helix High",91941
"25892",37,68130,3732732,11,2012,31,37.3036858974359,"Helix High",91941
"25893",37,68130,3732732,11,2012,111,45.906015037594,"Helix High",91941
"25894",37,68130,3734548,9,2012,31,49.9626719056974,"Monte Vista High",91977
"25895",37,68130,3734548,9,2012,111,60.8612440191388,"Monte Vista High",91977
"25896",37,68130,3734548,10,2012,31,39.6954921803128,"Monte Vista High",91977
"25897",37,68130,3734548,10,2012,111,49.1745810055866,"Monte Vista High",91977
"25898",37,68130,3734548,11,2012,31,33.9188846641318,"Monte Vista High",91977
"25899",37,68130,3734548,11,2012,111,42.1839622641509,"Monte Vista High",91977
"25900",37,68130,3734761,9,2012,31,36.9119496855346,"Mount Miguel High",91977
"25901",37,68130,3734761,9,2012,111,36.4634146341463,"Mount Miguel High",91977
"25902",37,68130,3734761,10,2012,31,30.1721132897604,"Mount Miguel High",91977
"25903",37,68130,3734761,10,2012,111,32.5230061349693,"Mount Miguel High",91977
"25904",37,68130,3734761,11,2012,31,22.0345781466113,"Mount Miguel High",91977
"25905",37,68130,3734761,11,2012,111,28.6384976525822,"Mount Miguel High",91977
"25906",37,68130,3737905,9,2012,31,57.3863636363636,"Santana High",92071
"25907",37,68130,3737905,9,2012,111,70.808764940239,"Santana High",92071
"25908",37,68130,3737905,10,2012,31,38.9358490566038,"Santana High",92071
"25909",37,68130,3737905,10,2012,111,57.5348837209302,"Santana High",92071
"25910",37,68130,3737905,11,2012,31,32.6666666666667,"Santana High",92071
"25911",37,68130,3737905,11,2012,111,50.0856123662307,"Santana High",92071
"25912",37,68155,6097182,6,2012,31,49.5,"Oak Grove Middle",91935
"25913",37,68155,6097182,6,2012,111,67.0412371134021,"Oak Grove Middle",91935
"25914",37,68155,6097182,7,2012,31,65.1,"Oak Grove Middle",91935
"25915",37,68155,6097182,7,2012,111,70.5473684210526,"Oak Grove Middle",91935
"25916",37,68155,6097182,8,2012,31,47.3023255813954,"Oak Grove Middle",91935
"25917",37,68155,6097182,8,2012,111,72.5408805031446,"Oak Grove Middle",91935
"25918",37,68163,3731239,2,2012,31,37.5,"Julian Charter",92036
"25919",37,68163,3731239,2,2012,111,61.0413223140496,"Julian Charter",92036
"25920",37,68163,3731239,3,2012,31,48.5,"Julian Charter",92036
"25921",37,68163,3731239,3,2012,111,57.16,"Julian Charter",92036
"25922",37,68163,3731239,4,2012,31,48.5,"Julian Charter",92036
"25923",37,68163,3731239,4,2012,111,74.9769585253456,"Julian Charter",92036
"25924",37,68163,3731239,5,2012,31,41.3333333333333,"Julian Charter",92036
"25925",37,68163,3731239,5,2012,111,74.3091482649842,"Julian Charter",92036
"25926",37,68163,3731239,6,2012,31,50.7246376811594,"Julian Charter",92036
"25927",37,68163,3731239,6,2012,111,64.5755395683453,"Julian Charter",92036
"25928",37,68163,3731239,7,2012,31,52.5714285714286,"Julian Charter",92036
"25929",37,68163,3731239,7,2012,111,72.863453815261,"Julian Charter",92036
"25930",37,68163,3731239,8,2012,31,48.6613756613757,"Julian Charter",92036
"25931",37,68163,3731239,8,2012,111,65.6356589147287,"Julian Charter",92036
"25932",37,68163,3731239,9,2012,31,33.2324324324324,"Julian Charter",92036
"25933",37,68163,3731239,9,2012,111,57.5980066445183,"Julian Charter",92036
"25934",37,68163,3731239,10,2012,31,31.0234899328859,"Julian Charter",92036
"25935",37,68163,3731239,10,2012,111,44.986328125,"Julian Charter",92036
"25936",37,68163,3731239,11,2012,31,31.562962962963,"Julian Charter",92036
"25937",37,68163,3731239,11,2012,111,39.0267639902676,"Julian Charter",92036
"25938",37,68163,6038327,2,2012,31,34.5,"Julian Elementary",92036
"25939",37,68163,6038327,2,2012,111,60.5,"Julian Elementary",92036
"25940",37,68163,6038327,3,2012,31,39.1379310344828,"Julian Elementary",92036
"25941",37,68163,6038327,3,2012,111,68.5,"Julian Elementary",92036
"25942",37,68163,6038327,4,2012,31,54,"Julian Elementary",92036
"25943",37,68163,6038327,4,2012,111,70,"Julian Elementary",92036
"25944",37,68163,6038327,5,2012,31,45.3333333333333,"Julian Elementary",92036
"25945",37,68163,6038327,5,2012,111,85.4411764705882,"Julian Elementary",92036
"25946",37,68163,6038327,6,2012,31,34,"Julian Elementary",92036
"25947",37,68163,6038327,6,2012,111,56,"Julian Elementary",92036
"25948",37,68163,6105845,7,2012,31,66.5,"Julian Junior High",92036
"25949",37,68163,6105845,7,2012,111,70,"Julian Junior High",92036
"25950",37,68163,6105845,8,2012,31,37.2673267326733,"Julian Junior High",92036
"25951",37,68163,6105845,8,2012,111,65.9545454545455,"Julian Junior High",92036
"25952",37,68171,3733219,9,2012,31,50,"Julian High",92036
"25953",37,68171,3733219,9,2012,111,95.5531914893617,"Julian High",92036
"25954",37,68171,3733219,10,2012,31,38.625,"Julian High",92036
"25955",37,68171,3733219,10,2012,111,67.6290322580645,"Julian High",92036
"25956",37,68171,3733219,11,2012,31,25,"Julian High",92036
"25957",37,68171,3733219,11,2012,111,72.5254237288136,"Julian High",92036
"25958",37,68189,3731072,7,2012,111,80.3934426229508,"River Valley Charter",92040
"25959",37,68189,3731072,8,2012,111,80,"River Valley Charter",92040
"25960",37,68189,3731072,9,2012,111,77.2045454545455,"River Valley Charter",92040
"25961",37,68189,3731072,10,2012,111,88.1145833333333,"River Valley Charter",92040
"25962",37,68189,3731072,11,2012,111,85.541095890411,"River Valley Charter",92040
"25963",37,68189,6038343,2,2012,31,46.5,"Lakeside Farms Elementary",92040
"25964",37,68189,6038343,2,2012,111,65.5,"Lakeside Farms Elementary",92040
"25965",37,68189,6038343,3,2012,31,56.5,"Lakeside Farms Elementary",92040
"25966",37,68189,6038343,3,2012,111,76.5,"Lakeside Farms Elementary",92040
"25967",37,68189,6038343,4,2012,31,70.8909090909091,"Lakeside Farms Elementary",92040
"25968",37,68189,6038343,4,2012,111,78.0280373831776,"Lakeside Farms Elementary",92040
"25969",37,68189,6038343,5,2012,31,73.2325581395349,"Lakeside Farms Elementary",92040
"25970",37,68189,6038343,5,2012,111,85.3333333333333,"Lakeside Farms Elementary",92040
"25971",37,68189,6038350,6,2012,31,47.060773480663,"Lakeside Middle",92040
"25972",37,68189,6038350,6,2012,111,69.5186440677966,"Lakeside Middle",92040
"25973",37,68189,6038350,7,2012,31,49.112676056338,"Lakeside Middle",92040
"25974",37,68189,6038350,7,2012,111,69.5833333333333,"Lakeside Middle",92040
"25975",37,68189,6038350,8,2012,31,44.065625,"Lakeside Middle",92040
"25976",37,68189,6038350,8,2012,111,60.9090909090909,"Lakeside Middle",92040
"25977",37,68189,6038368,2,2012,31,58.5,"Lakeview Elementary",92040
"25978",37,68189,6038368,2,2012,111,76.5,"Lakeview Elementary",92040
"25979",37,68189,6038368,3,2012,31,45,"Lakeview Elementary",92040
"25980",37,68189,6038368,3,2012,111,73,"Lakeview Elementary",92040
"25981",37,68189,6038368,4,2012,31,77.5,"Lakeview Elementary",92040
"25982",37,68189,6038368,4,2012,111,86,"Lakeview Elementary",92040
"25983",37,68189,6038368,5,2012,31,46.6666666666667,"Lakeview Elementary",92040
"25984",37,68189,6038368,5,2012,111,60.3333333333333,"Lakeview Elementary",92040
"25985",37,68189,6038376,2,2012,31,35,"Lindo Park Elementary",92040
"25986",37,68189,6038376,2,2012,111,41,"Lindo Park Elementary",92040
"25987",37,68189,6038376,3,2012,31,56.3983739837398,"Lindo Park Elementary",92040
"25988",37,68189,6038376,3,2012,111,56.6981132075472,"Lindo Park Elementary",92040
"25989",37,68189,6038376,4,2012,31,72.5,"Lindo Park Elementary",92040
"25990",37,68189,6038376,4,2012,111,85.0338983050847,"Lindo Park Elementary",92040
"25991",37,68189,6038376,5,2012,31,59.3333333333333,"Lindo Park Elementary",92040
"25992",37,68189,6038376,5,2012,111,64,"Lindo Park Elementary",92040
"25993",37,68189,6038384,2,2012,31,75,"Riverview Elementary",92040
"25994",37,68189,6038384,2,2012,111,72.5,"Riverview Elementary",92040
"25995",37,68189,6038384,3,2012,31,69.5,"Riverview Elementary",92040
"25996",37,68189,6038384,3,2012,111,72,"Riverview Elementary",92040
"25997",37,68189,6038384,4,2012,31,61.1111111111111,"Riverview Elementary",92040
"25998",37,68189,6038384,4,2012,111,83.9666666666667,"Riverview Elementary",92040
"25999",37,68189,6038384,5,2012,31,53.9836065573771,"Riverview Elementary",92040
"26000",37,68189,6038384,5,2012,111,77.990099009901,"Riverview Elementary",92040
"26001",37,68189,6038392,2,2012,31,52,"Winter Gardens Elementary",92040
"26002",37,68189,6038392,2,2012,111,50,"Winter Gardens Elementary",92040
"26003",37,68189,6038392,3,2012,31,34,"Winter Gardens Elementary",92040
"26004",37,68189,6038392,4,2012,111,36,"Winter Gardens Elementary",92040
"26005",37,68189,6038392,5,2012,31,42,"Winter Gardens Elementary",92040
"26006",37,68189,6085047,6,2012,31,35.5,"Tierra del Sol Middle",92040
"26007",37,68189,6085047,6,2012,111,53,"Tierra del Sol Middle",92040
"26008",37,68189,6085047,7,2012,31,45.6041666666667,"Tierra del Sol Middle",92040
"26009",37,68189,6085047,7,2012,111,58.0990990990991,"Tierra del Sol Middle",92040
"26010",37,68189,6085047,8,2012,31,44.9338521400778,"Tierra del Sol Middle",92040
"26011",37,68189,6085047,8,2012,111,58.7344753747323,"Tierra del Sol Middle",92040
"26012",37,68189,6110092,2,2012,31,64.5,"Lemon Crest Elementary",92040
"26013",37,68189,6110092,2,2012,111,77,"Lemon Crest Elementary",92040
"26014",37,68189,6110092,3,2012,31,39.75,"Lemon Crest Elementary",92040
"26015",37,68189,6110092,3,2012,111,50.6986301369863,"Lemon Crest Elementary",92040
"26016",37,68189,6110092,4,2012,31,46.0169491525424,"Lemon Crest Elementary",92040
"26017",37,68189,6110092,4,2012,111,77.4736842105263,"Lemon Crest Elementary",92040
"26018",37,68189,6110092,5,2012,31,52.4257425742574,"Lemon Crest Elementary",92040
"26019",37,68189,6110092,5,2012,111,44.8965517241379,"Lemon Crest Elementary",92040
"26020",37,68189,6120901,3,2012,111,45.5,"Barona Indian Charter",92040
"26021",37,68197,6038475,2,2012,31,61.0555555555556,"La Mesa Dale Elementary",91941
"26022",37,68197,6038475,2,2012,111,84.5,"La Mesa Dale Elementary",91941
"26023",37,68197,6038475,3,2012,31,55,"La Mesa Dale Elementary",91941
"26024",37,68197,6038475,3,2012,111,66,"La Mesa Dale Elementary",91941
"26025",37,68197,6038475,4,2012,31,48.4623655913978,"La Mesa Dale Elementary",91941
"26026",37,68197,6038475,4,2012,111,77.3584905660377,"La Mesa Dale Elementary",91941
"26027",37,68197,6038475,5,2012,31,49.4214285714286,"La Mesa Dale Elementary",91941
"26028",37,68197,6038475,5,2012,111,71.6666666666667,"La Mesa Dale Elementary",91941
"26029",37,68197,6038475,6,2012,31,52.5051546391753,"La Mesa Dale Elementary",91941
"26030",37,68197,6038475,6,2012,111,57,"La Mesa Dale Elementary",91941
"26031",37,68197,6038517,2,2012,31,53,"Lemon Avenue Elementary",91941
"26032",37,68197,6038517,2,2012,111,78,"Lemon Avenue Elementary",91941
"26033",37,68197,6038517,3,2012,31,70,"Lemon Avenue Elementary",91941
"26034",37,68197,6038517,3,2012,111,70.5,"Lemon Avenue Elementary",91941
"26035",37,68197,6038517,4,2012,31,73.4736842105263,"Lemon Avenue Elementary",91941
"26036",37,68197,6038517,4,2012,111,85,"Lemon Avenue Elementary",91941
"26037",37,68197,6038517,5,2012,31,56,"Lemon Avenue Elementary",91941
"26038",37,68197,6038517,5,2012,111,82.3333333333333,"Lemon Avenue Elementary",91941
"26039",37,68197,6038517,6,2012,31,57.6949152542373,"Lemon Avenue Elementary",91941
"26040",37,68197,6038517,6,2012,111,74.5,"Lemon Avenue Elementary",91941
"26041",37,68197,6038525,2,2012,31,55,"Maryland Avenue Elementary",91941
"26042",37,68197,6038525,2,2012,111,85,"Maryland Avenue Elementary",91941
"26043",37,68197,6038525,3,2012,31,76,"Maryland Avenue Elementary",91941
"26044",37,68197,6038525,3,2012,111,82.5,"Maryland Avenue Elementary",91941
"26045",37,68197,6038525,4,2012,31,73.5,"Maryland Avenue Elementary",91941
"26046",37,68197,6038525,4,2012,111,84.3529411764706,"Maryland Avenue Elementary",91941
"26047",37,68197,6038525,5,2012,31,56.6666666666667,"Maryland Avenue Elementary",91941
"26048",37,68197,6038525,5,2012,111,81.6666666666667,"Maryland Avenue Elementary",91941
"26049",37,68197,6038525,6,2012,31,34.5,"Maryland Avenue Elementary",91941
"26050",37,68197,6038525,6,2012,111,60.622641509434,"Maryland Avenue Elementary",91941
"26051",37,68197,6038574,2,2012,31,68,"Rolando Elementary",91941
"26052",37,68197,6038574,2,2012,111,87,"Rolando Elementary",91941
"26053",37,68197,6038574,3,2012,31,44.5,"Rolando Elementary",91941
"26054",37,68197,6038574,3,2012,111,75,"Rolando Elementary",91941
"26055",37,68197,6038574,4,2012,31,56.0674157303371,"Rolando Elementary",91941
"26056",37,68197,6038574,4,2012,111,72.5,"Rolando Elementary",91941
"26057",37,68197,6038574,5,2012,31,47,"Rolando Elementary",91941
"26058",37,68197,6038574,5,2012,111,79.6209677419355,"Rolando Elementary",91941
"26059",37,68197,6038574,6,2012,31,37.5,"Rolando Elementary",91941
"26060",37,68197,6038574,6,2012,111,75.3246753246753,"Rolando Elementary",91941
"26061",37,68197,6070833,2,2012,31,64,"Murdock Elementary",91941
"26062",37,68197,6070833,2,2012,111,85.5,"Murdock Elementary",91941
"26063",37,68197,6070833,3,2012,31,52.5,"Murdock Elementary",91941
"26064",37,68197,6070833,3,2012,111,80.5474452554745,"Murdock Elementary",91941
"26065",37,68197,6070833,4,2012,31,69.5,"Murdock Elementary",91941
"26066",37,68197,6070833,4,2012,111,84,"Murdock Elementary",91941
"26067",37,68197,6070833,5,2012,31,50.2142857142857,"Murdock Elementary",91941
"26068",37,68197,6070833,5,2012,111,90,"Murdock Elementary",91941
"26069",37,68197,6070833,6,2012,31,64.6417910447761,"Murdock Elementary",91941
"26070",37,68197,6070833,6,2012,111,81.9663865546218,"Murdock Elementary",91941
"26071",37,68205,6038624,2,2012,31,66.5,"Monterey Heights Elementary",91945
"26072",37,68205,6038624,3,2012,31,47.5785123966942,"Monterey Heights Elementary",91945
"26073",37,68205,6038624,4,2012,31,81.5,"Monterey Heights Elementary",91945
"26074",37,68205,6038624,5,2012,31,58,"Monterey Heights Elementary",91945
"26075",37,68205,6038624,6,2012,31,59.5,"Monterey Heights Elementary",91945
"26076",37,68205,6038657,2,2012,31,44.5,"San Altos Elementary",91945
"26077",37,68205,6038657,3,2012,31,58.1566265060241,"San Altos Elementary",91945
"26078",37,68205,6038657,4,2012,31,71.5494505494506,"San Altos Elementary",91945
"26079",37,68205,6038657,5,2012,31,61,"San Altos Elementary",91945
"26080",37,68205,6038657,6,2012,31,56,"San Altos Elementary",91945
"26081",37,68205,6038665,2,2012,31,62.5,"San Miguel Elementary",91945
"26082",37,68205,6038665,3,2012,31,52.9251336898396,"San Miguel Elementary",91945
"26083",37,68205,6038665,4,2012,31,74,"San Miguel Elementary",91945
"26084",37,68205,6038665,5,2012,31,44.6666666666667,"San Miguel Elementary",91945
"26085",37,68205,6038665,6,2012,31,58,"San Miguel Elementary",91945
"26086",37,68205,6038673,2,2012,31,53.5,"Vista La Mesa Academy",91941
"26087",37,68205,6038673,3,2012,31,48,"Vista La Mesa Academy",91941
"26088",37,68205,6038673,4,2012,31,58,"Vista La Mesa Academy",91941
"26089",37,68205,6038673,5,2012,31,47.3333333333333,"Vista La Mesa Academy",91941
"26090",37,68205,6038673,6,2012,31,65,"Vista La Mesa Academy",91941
"26091",37,68205,6038673,7,2012,31,54.5,"Vista La Mesa Academy",91941
"26092",37,68205,6038673,8,2012,31,40.8865546218487,"Vista La Mesa Academy",91941
"26093",37,68213,3734878,9,2012,31,25.6040268456376,"Mountain Empire High",91962
"26094",37,68213,3734878,9,2012,111,42.4949494949495,"Mountain Empire High",91962
"26095",37,68213,3734878,10,2012,31,25.8984962406015,"Mountain Empire High",91962
"26096",37,68213,3734878,10,2012,111,48,"Mountain Empire High",91962
"26097",37,68213,3734878,11,2012,31,16.0855614973262,"Mountain Empire High",91962
"26098",37,68213,3734878,11,2012,111,31.9727272727273,"Mountain Empire High",91962
"26099",37,68213,6038681,2,2012,31,41,"Campo Elementary",91906
"26100",37,68213,6038681,2,2012,111,39.5,"Campo Elementary",91906
"26101",37,68213,6038681,3,2012,31,26.5915492957746,"Campo Elementary",91906
"26102",37,68213,6038681,3,2012,111,37.5,"Campo Elementary",91906
"26103",37,68213,6038681,4,2012,31,35.3548387096774,"Campo Elementary",91906
"26104",37,68213,6038681,5,2012,31,57.6478873239437,"Campo Elementary",91906
"26105",37,68213,6038681,5,2012,111,58,"Campo Elementary",91906
"26106",37,68213,6038681,6,2012,31,42.7906976744186,"Campo Elementary",91906
"26107",37,68213,6038681,6,2012,111,60.4324324324324,"Campo Elementary",91906
"26108",37,68213,6038681,8,2012,31,39.3928571428571,"Campo Elementary",91906
"26109",37,68213,6038699,4,2012,31,52.0689655172414,"Descanso Elementary",91916
"26110",37,68213,6038699,5,2012,111,80.5967741935484,"Descanso Elementary",91916
"26111",37,68213,6038699,6,2012,111,86,"Descanso Elementary",91916
"26112",37,68213,6038699,7,2012,111,64,"Descanso Elementary",91916
"26113",37,68213,6085054,2,2012,31,66.5,"Clover Flat Elementary",91905
"26114",37,68213,6085054,3,2012,31,37,"Clover Flat Elementary",91905
"26115",37,68213,6085054,4,2012,31,71.5,"Clover Flat Elementary",91905
"26116",37,68213,6085054,5,2012,31,73,"Clover Flat Elementary",91905
"26117",37,68213,6085054,6,2012,31,46,"Clover Flat Elementary",91905
"26118",37,68213,6085054,7,2012,31,45.5,"Clover Flat Elementary",91905
"26119",37,68213,6085054,8,2012,31,9,"Clover Flat Elementary",91905
"26120",37,68213,6097190,2,2012,31,38.5,"Potrero Elementary",91963
"26121",37,68213,6097190,3,2012,31,23,"Potrero Elementary",91963
"26122",37,68213,6097190,4,2012,31,32,"Potrero Elementary",91963
"26123",37,68213,6097190,5,2012,31,33.3333333333333,"Potrero Elementary",91963
"26124",37,68213,6097190,6,2012,31,24,"Potrero Elementary",91963
"26125",37,68213,6097190,7,2012,31,24,"Potrero Elementary",91963
"26126",37,68213,6097190,8,2012,31,24.5757575757576,"Potrero Elementary",91963
"26127",37,68221,101360,2,2012,31,43,"Integrity Charter",91950
"26128",37,68221,101360,2,2012,111,42,"Integrity Charter",91950
"26129",37,68221,101360,3,2012,31,43.5,"Integrity Charter",91950
"26130",37,68221,101360,4,2012,111,50,"Integrity Charter",91950
"26131",37,68221,101360,5,2012,111,40.6666666666667,"Integrity Charter",91950
"26132",37,68221,101360,6,2012,111,36,"Integrity Charter",91950
"26133",37,68221,101360,7,2012,111,72,"Integrity Charter",91950
"26134",37,68221,101360,8,2012,111,67.3333333333333,"Integrity Charter",91950
"26135",37,68221,6038731,2,2012,31,43,"Central Elementary",91950
"26136",37,68221,6038731,3,2012,31,48.5801104972376,"Central Elementary",91950
"26137",37,68221,6038731,4,2012,31,43.4734042553191,"Central Elementary",91950
"26138",37,68221,6038731,5,2012,31,47.0040650406504,"Central Elementary",91950
"26139",37,68221,6038731,6,2012,31,41.4659685863874,"Central Elementary",91950
"26140",37,68221,6038749,2,2012,31,58,"El Toyon Elementary",91950
"26141",37,68221,6038749,3,2012,31,40.6260162601626,"El Toyon Elementary",91950
"26142",37,68221,6038749,4,2012,31,54.0647482014388,"El Toyon Elementary",91950
"26143",37,68221,6038749,5,2012,31,39.6666666666667,"El Toyon Elementary",91950
"26144",37,68221,6038749,6,2012,31,36,"El Toyon Elementary",91950
"26145",37,68221,6038772,2,2012,31,38.5,"Kimball",91950
"26146",37,68221,6038772,4,2012,31,53,"Kimball",91950
"26147",37,68221,6038772,5,2012,31,54.3557046979866,"Kimball",91950
"26148",37,68221,6038772,6,2012,31,62.5826086956522,"Kimball",91950
"26149",37,68221,6038780,2,2012,31,49,"Las Palmas",91950
"26150",37,68221,6038780,3,2012,31,48.5568862275449,"Las Palmas",91950
"26151",37,68221,6038780,4,2012,31,64.5189189189189,"Las Palmas",91950
"26152",37,68221,6038780,5,2012,31,51.6678321678322,"Las Palmas",91950
"26153",37,68221,6038780,6,2012,31,68.5,"Las Palmas",91950
"26154",37,68221,6038798,2,2012,31,40.5,"Lincoln Acres",91950
"26155",37,68221,6038798,3,2012,31,55,"Lincoln Acres",91950
"26156",37,68221,6038798,4,2012,31,62.0710059171598,"Lincoln Acres",91950
"26157",37,68221,6038798,5,2012,31,46.3928571428571,"Lincoln Acres",91950
"26158",37,68221,6038798,6,2012,31,45,"Lincoln Acres",91950
"26159",37,68221,6038806,2,2012,31,60,"Olivewood",91950
"26160",37,68221,6038806,3,2012,31,55.5,"Olivewood",91950
"26161",37,68221,6038806,4,2012,31,61.488038277512,"Olivewood",91950
"26162",37,68221,6038806,5,2012,31,54.6447368421053,"Olivewood",91950
"26163",37,68221,6038806,6,2012,31,58,"Olivewood",91950
"26164",37,68221,6038814,2,2012,31,46.5,"Palmer Way",91950
"26165",37,68221,6038814,3,2012,31,70,"Palmer Way",91950
"26166",37,68221,6038814,4,2012,31,70.9813664596273,"Palmer Way",91950
"26167",37,68221,6038814,5,2012,31,68,"Palmer Way",91950
"26168",37,68221,6038814,6,2012,31,75.0285714285714,"Palmer Way",91950
"26169",37,68221,6108559,2,2012,31,41,"Rancho de la Nacion",91950
"26170",37,68221,6108559,3,2012,31,56.2666666666667,"Rancho de la Nacion",91950
"26171",37,68221,6108559,4,2012,31,53.0336134453782,"Rancho de la Nacion",91950
"26172",37,68221,6108559,5,2012,31,66.7472527472527,"Rancho de la Nacion",91950
"26173",37,68221,6108559,6,2012,31,62.9354838709677,"Rancho de la Nacion",91950
"26174",37,68296,102822,2,2012,111,91,"Stone Ranch Elementary",92127
"26175",37,68296,102822,3,2012,31,42,"Stone Ranch Elementary",92127
"26176",37,68296,102822,3,2012,111,87,"Stone Ranch Elementary",92127
"26177",37,68296,102822,4,2012,31,83.5,"Stone Ranch Elementary",92127
"26178",37,68296,102822,4,2012,111,95,"Stone Ranch Elementary",92127
"26179",37,68296,102822,5,2012,111,95.6666666666667,"Stone Ranch Elementary",92127
"26180",37,68296,108332,6,2012,31,58,"Oak Valley Middle",92127
"26181",37,68296,108332,6,2012,111,85.5,"Oak Valley Middle",92127
"26182",37,68296,108332,7,2012,31,56.1764705882353,"Oak Valley Middle",92127
"26183",37,68296,108332,7,2012,111,81.5600490196078,"Oak Valley Middle",92127
"26184",37,68296,108332,8,2012,31,51.2337662337662,"Oak Valley Middle",92127
"26185",37,68296,108332,8,2012,111,83.1480611045828,"Oak Valley Middle",92127
"26186",37,68296,111187,2,2012,31,50,"Monterey Ridge Elementary",92127
"26187",37,68296,111187,2,2012,111,90,"Monterey Ridge Elementary",92127
"26188",37,68296,111187,3,2012,111,92,"Monterey Ridge Elementary",92127
"26189",37,68296,111187,4,2012,31,92,"Monterey Ridge Elementary",92127
"26190",37,68296,111187,4,2012,111,94.9901639344262,"Monterey Ridge Elementary",92127
"26191",37,68296,111187,5,2012,31,43,"Monterey Ridge Elementary",92127
"26192",37,68296,111187,5,2012,111,89.3333333333333,"Monterey Ridge Elementary",92127
"26193",37,68296,116475,2,2012,31,56.5,"Del Sur Elementary",92127
"26194",37,68296,116475,2,2012,111,88,"Del Sur Elementary",92127
"26195",37,68296,116475,3,2012,31,64.04,"Del Sur Elementary",92127
"26196",37,68296,116475,3,2012,111,93.0629370629371,"Del Sur Elementary",92127
"26197",37,68296,116475,4,2012,31,100,"Del Sur Elementary",92127
"26198",37,68296,116475,4,2012,111,99.5,"Del Sur Elementary",92127
"26199",37,68296,116475,5,2012,111,96,"Del Sur Elementary",92127
"26200",37,68296,116764,2,2012,31,77.5,"Willow Grove Elementary",92127
"26201",37,68296,116764,2,2012,111,91.5,"Willow Grove Elementary",92127
"26202",37,68296,116764,3,2012,31,61.5,"Willow Grove Elementary",92127
"26203",37,68296,116764,3,2012,111,88,"Willow Grove Elementary",92127
"26204",37,68296,116764,4,2012,31,72.0344827586207,"Willow Grove Elementary",92127
"26205",37,68296,116764,4,2012,111,93.9832402234637,"Willow Grove Elementary",92127
"26206",37,68296,116764,5,2012,31,79.9818181818182,"Willow Grove Elementary",92127
"26207",37,68296,116764,5,2012,111,94.6628571428571,"Willow Grove Elementary",92127
"26208",37,68296,118935,9,2012,31,53.0104166666667,"Del Norte High",92127
"26209",37,68296,118935,9,2012,111,74.2222222222222,"Del Norte High",92127
"26210",37,68296,118935,10,2012,31,46.9099099099099,"Del Norte High",92127
"26211",37,68296,118935,10,2012,111,67.0097365406644,"Del Norte High",92127
"26212",37,68296,118935,11,2012,31,49.8187919463087,"Del Norte High",92127
"26213",37,68296,118935,11,2012,111,63.1515333734215,"Del Norte High",92127
"26214",37,68296,3730074,9,2012,31,40.3670411985019,"Mt. Carmel High",92129
"26215",37,68296,3730074,9,2012,111,63.2428087986464,"Mt. Carmel High",92129
"26216",37,68296,3730074,10,2012,31,39.6161616161616,"Mt. Carmel High",92129
"26217",37,68296,3730074,10,2012,111,60.1064382139148,"Mt. Carmel High",92129
"26218",37,68296,3730074,11,2012,31,37.9220779220779,"Mt. Carmel High",92129
"26219",37,68296,3730074,11,2012,111,55.9314079422383,"Mt. Carmel High",92129
"26220",37,68296,3730819,9,2012,31,44.2,"Rancho Bernardo High",92128
"26221",37,68296,3730819,9,2012,111,73.41391184573,"Rancho Bernardo High",92128
"26222",37,68296,3730819,10,2012,31,42.2296296296296,"Rancho Bernardo High",92128
"26223",37,68296,3730819,10,2012,111,64.2311872909699,"Rancho Bernardo High",92128
"26224",37,68296,3730819,11,2012,31,41.9323308270677,"Rancho Bernardo High",92128
"26225",37,68296,3730819,11,2012,111,59.9062324536777,"Rancho Bernardo High",92128
"26226",37,68296,3731528,9,2012,31,54.8434782608696,"Westview High",92129
"26227",37,68296,3731528,9,2012,111,76.8888106966925,"Westview High",92129
"26228",37,68296,3731528,10,2012,31,56.6194690265487,"Westview High",92129
"26229",37,68296,3731528,10,2012,111,67.9450056116723,"Westview High",92129
"26230",37,68296,3731528,11,2012,31,57.5392670157068,"Westview High",92129
"26231",37,68296,3731528,11,2012,111,64.5995623632385,"Westview High",92129
"26232",37,68296,3735842,11,2012,31,7.53846153846154,"Abraxas Continuation High",92064
"26233",37,68296,3735842,11,2012,111,12.4794520547945,"Abraxas Continuation High",92064
"26234",37,68296,3735867,9,2012,31,50.7659574468085,"Poway High",92064
"26235",37,68296,3735867,9,2012,111,82.2882262996942,"Poway High",92064
"26236",37,68296,3735867,10,2012,31,46.3091334894614,"Poway High",92064
"26237",37,68296,3735867,10,2012,111,73.6761453396525,"Poway High",92064
"26238",37,68296,3735867,11,2012,31,37.5212355212355,"Poway High",92064
"26239",37,68296,3735867,11,2012,111,70.1259609698403,"Poway High",92064
"26240",37,68296,6038970,2,2012,31,54.5,"Garden Road Elementary",92064
"26241",37,68296,6038970,2,2012,111,84.5,"Garden Road Elementary",92064
"26242",37,68296,6038970,3,2012,31,44,"Garden Road Elementary",92064
"26243",37,68296,6038970,3,2012,111,77.4193548387097,"Garden Road Elementary",92064
"26244",37,68296,6038970,4,2012,31,84.04,"Garden Road Elementary",92064
"26245",37,68296,6038970,4,2012,111,96.9811320754717,"Garden Road Elementary",92064
"26246",37,68296,6038970,5,2012,31,48.6666666666667,"Garden Road Elementary",92064
"26247",37,68296,6038970,5,2012,111,79.5923566878981,"Garden Road Elementary",92064
"26248",37,68296,6038988,6,2012,31,41.9528795811518,"Meadowbrook Middle",92064
"26249",37,68296,6038988,6,2012,111,76.0048309178744,"Meadowbrook Middle",92064
"26250",37,68296,6038988,7,2012,31,52.799043062201,"Meadowbrook Middle",92064
"26251",37,68296,6038988,7,2012,111,81.6316639741519,"Meadowbrook Middle",92064
"26252",37,68296,6038988,8,2012,31,54.8263157894737,"Meadowbrook Middle",92064
"26253",37,68296,6038988,8,2012,111,77.6372629843364,"Meadowbrook Middle",92064
"26254",37,68296,6038996,2,2012,31,58,"Midland Elementary",92064
"26255",37,68296,6038996,2,2012,111,82.5,"Midland Elementary",92064
"26256",37,68296,6038996,3,2012,31,53,"Midland Elementary",92064
"26257",37,68296,6038996,3,2012,111,79.5,"Midland Elementary",92064
"26258",37,68296,6038996,4,2012,31,71,"Midland Elementary",92064
"26259",37,68296,6038996,4,2012,111,93.0152671755725,"Midland Elementary",92064
"26260",37,68296,6038996,5,2012,31,71.3333333333333,"Midland Elementary",92064
"26261",37,68296,6038996,5,2012,111,86.6681222707424,"Midland Elementary",92064
"26262",37,68296,6039002,2,2012,31,65,"Pomerado Elementary",92064
"26263",37,68296,6039002,2,2012,111,86.5,"Pomerado Elementary",92064
"26264",37,68296,6039002,3,2012,31,52.5,"Pomerado Elementary",92064
"26265",37,68296,6039002,3,2012,111,79.1538461538462,"Pomerado Elementary",92064
"26266",37,68296,6039002,4,2012,31,68.7916666666667,"Pomerado Elementary",92064
"26267",37,68296,6039002,4,2012,111,91,"Pomerado Elementary",92064
"26268",37,68296,6039002,5,2012,31,46.9259259259259,"Pomerado Elementary",92064
"26269",37,68296,6039002,5,2012,111,79.98125,"Pomerado Elementary",92064
"26270",37,68296,6039010,2,2012,31,48.5,"Valley Elementary",92064
"26271",37,68296,6039010,2,2012,111,77.5,"Valley Elementary",92064
"26272",37,68296,6039010,3,2012,31,47.6440677966102,"Valley Elementary",92064
"26273",37,68296,6039010,3,2012,111,77.5,"Valley Elementary",92064
"26274",37,68296,6039010,4,2012,31,51.5,"Valley Elementary",92064
"26275",37,68296,6039010,4,2012,111,88.495652173913,"Valley Elementary",92064
"26276",37,68296,6039010,5,2012,31,43.3566878980892,"Valley Elementary",92064
"26277",37,68296,6039010,5,2012,111,75.3496932515337,"Valley Elementary",92064
"26278",37,68296,6070841,2,2012,31,71.5,"Los Penasquitos Elementary",92129
"26279",37,68296,6070841,2,2012,111,98,"Los Penasquitos Elementary",92129
"26280",37,68296,6070841,3,2012,31,72.6543209876543,"Los Penasquitos Elementary",92129
"26281",37,68296,6070841,3,2012,111,86,"Los Penasquitos Elementary",92129
"26282",37,68296,6070841,4,2012,31,86,"Los Penasquitos Elementary",92129
"26283",37,68296,6070841,4,2012,111,92.0091743119266,"Los Penasquitos Elementary",92129
"26284",37,68296,6070841,5,2012,31,69.3297872340426,"Los Penasquitos Elementary",92129
"26285",37,68296,6070841,5,2012,111,92.6666666666667,"Los Penasquitos Elementary",92129
"26286",37,68296,6070858,2,2012,31,44,"Westwood Elementary",92127
"26287",37,68296,6070858,2,2012,111,72,"Westwood Elementary",92127
"26288",37,68296,6070858,3,2012,111,76,"Westwood Elementary",92127
"26289",37,68296,6070858,4,2012,31,68.5,"Westwood Elementary",92127
"26290",37,68296,6070858,4,2012,111,91,"Westwood Elementary",92127
"26291",37,68296,6070858,5,2012,31,61.1940298507463,"Westwood Elementary",92127
"26292",37,68296,6070858,5,2012,111,81.6666666666667,"Westwood Elementary",92127
"26293",37,68296,6070866,6,2012,31,47.4507042253521,"Twin Peaks Middle",92064
"26294",37,68296,6070866,6,2012,111,79.9952456418384,"Twin Peaks Middle",92064
"26295",37,68296,6070866,7,2012,31,50,"Twin Peaks Middle",92064
"26296",37,68296,6070866,7,2012,111,88.4861878453039,"Twin Peaks Middle",92064
"26297",37,68296,6070866,8,2012,31,42.5933014354067,"Twin Peaks Middle",92064
"26298",37,68296,6070866,8,2012,111,77.7296195652174,"Twin Peaks Middle",92064
"26299",37,68296,6085088,2,2012,111,95,"Painted Rock Elementary",92064
"26300",37,68296,6085088,3,2012,111,92.5,"Painted Rock Elementary",92064
"26301",37,68296,6085088,4,2012,111,88,"Painted Rock Elementary",92064
"26302",37,68296,6085088,5,2012,111,85.6701754385965,"Painted Rock Elementary",92064
"26303",37,68296,6093223,6,2012,31,57.0700636942675,"Black Mountain Middle",92129
"26304",37,68296,6093223,6,2012,111,83.0058055152395,"Black Mountain Middle",92129
"26305",37,68296,6093223,7,2012,31,54.0699300699301,"Black Mountain Middle",92129
"26306",37,68296,6093223,7,2012,111,84.8142076502732,"Black Mountain Middle",92129
"26307",37,68296,6093223,8,2012,31,54.8320413436693,"Black Mountain Middle",92129
"26308",37,68296,6093223,8,2012,111,80.4017857142857,"Black Mountain Middle",92129
"26309",37,68296,6093231,2,2012,31,73,"Sunset Hills Elementary",92129
"26310",37,68296,6093231,2,2012,111,84.5,"Sunset Hills Elementary",92129
"26311",37,68296,6093231,3,2012,111,88,"Sunset Hills Elementary",92129
"26312",37,68296,6093231,4,2012,31,91,"Sunset Hills Elementary",92129
"26313",37,68296,6093231,4,2012,111,92.9842519685039,"Sunset Hills Elementary",92129
"26314",37,68296,6093231,5,2012,111,80.6298342541436,"Sunset Hills Elementary",92129
"26315",37,68296,6095053,2,2012,111,85,"Tierra Bonita Elementary",92064
"26316",37,68296,6095053,3,2012,111,78,"Tierra Bonita Elementary",92064
"26317",37,68296,6095053,4,2012,111,88.483660130719,"Tierra Bonita Elementary",92064
"26318",37,68296,6095053,5,2012,111,83.323275862069,"Tierra Bonita Elementary",92064
"26319",37,68296,6097208,2,2012,31,76,"Rolling Hills Elementary",92129
"26320",37,68296,6097208,2,2012,111,89.5,"Rolling Hills Elementary",92129
"26321",37,68296,6097208,3,2012,31,77,"Rolling Hills Elementary",92129
"26322",37,68296,6097208,3,2012,111,89,"Rolling Hills Elementary",92129
"26323",37,68296,6097208,4,2012,111,94,"Rolling Hills Elementary",92129
"26324",37,68296,6097208,5,2012,31,79.6666666666667,"Rolling Hills Elementary",92129
"26325",37,68296,6097208,5,2012,111,92.6575342465753,"Rolling Hills Elementary",92129
"26326",37,68296,6097216,2,2012,111,86.5,"Chaparral Elementary",92064
"26327",37,68296,6097216,3,2012,31,93,"Chaparral Elementary",92064
"26328",37,68296,6097216,3,2012,111,83.5088339222615,"Chaparral Elementary",92064
"26329",37,68296,6097216,4,2012,31,79.5,"Chaparral Elementary",92064
"26330",37,68296,6097216,4,2012,111,87,"Chaparral Elementary",92064
"26331",37,68296,6097216,5,2012,111,86.3333333333333,"Chaparral Elementary",92064
"26332",37,68296,6099444,2,2012,111,85,"Sundance Elementary",92129
"26333",37,68296,6099444,3,2012,31,65.5652173913043,"Sundance Elementary",92129
"26334",37,68296,6099444,3,2012,111,86,"Sundance Elementary",92129
"26335",37,68296,6099444,4,2012,31,70,"Sundance Elementary",92129
"26336",37,68296,6099444,4,2012,111,87,"Sundance Elementary",92129
"26337",37,68296,6099444,5,2012,111,86.3540372670807,"Sundance Elementary",92129
"26338",37,68296,6106520,2,2012,111,74,"Canyon View Elementary",92129
"26339",37,68296,6106520,3,2012,111,92.5294117647059,"Canyon View Elementary",92129
"26340",37,68296,6106520,4,2012,111,90,"Canyon View Elementary",92129
"26341",37,68296,6106520,5,2012,31,66.6666666666667,"Canyon View Elementary",92129
"26342",37,68296,6106520,5,2012,111,87,"Canyon View Elementary",92129
"26343",37,68296,6107460,6,2012,31,59,"Bernardo Heights Middle",92128
"26344",37,68296,6107460,6,2012,111,81.5,"Bernardo Heights Middle",92128
"26345",37,68296,6107460,7,2012,31,74.7241379310345,"Bernardo Heights Middle",92128
"26346",37,68296,6107460,7,2012,111,87.8346456692913,"Bernardo Heights Middle",92128
"26347",37,68296,6107460,8,2012,31,60.2311320754717,"Bernardo Heights Middle",92128
"26348",37,68296,6107460,8,2012,111,79.589219330855,"Bernardo Heights Middle",92128
"26349",37,68296,6109300,2,2012,111,92.503355704698,"Deer Canyon Elementary",92129
"26350",37,68296,6109300,3,2012,111,90.5,"Deer Canyon Elementary",92129
"26351",37,68296,6109300,4,2012,111,96,"Deer Canyon Elementary",92129
"26352",37,68296,6109300,5,2012,31,67,"Deer Canyon Elementary",92129
"26353",37,68296,6109300,5,2012,111,93,"Deer Canyon Elementary",92129
"26354",37,68296,6109318,2,2012,31,48,"Morning Creek Elementary",92128
"26355",37,68296,6109318,2,2012,111,88,"Morning Creek Elementary",92128
"26356",37,68296,6109318,3,2012,31,68.5,"Morning Creek Elementary",92128
"26357",37,68296,6109318,3,2012,111,78.4566473988439,"Morning Creek Elementary",92128
"26358",37,68296,6109318,4,2012,31,73.5,"Morning Creek Elementary",92128
"26359",37,68296,6109318,4,2012,111,91.5,"Morning Creek Elementary",92128
"26360",37,68296,6109318,5,2012,31,78,"Morning Creek Elementary",92128
"26361",37,68296,6109318,5,2012,111,85.3321299638989,"Morning Creek Elementary",92128
"26362",37,68296,6109326,2,2012,111,80.5,"Turtleback Elementary",92127
"26363",37,68296,6109326,3,2012,31,75,"Turtleback Elementary",92127
"26364",37,68296,6109326,3,2012,111,82.5345911949686,"Turtleback Elementary",92127
"26365",37,68296,6109326,4,2012,31,88,"Turtleback Elementary",92127
"26366",37,68296,6109326,4,2012,111,89.0252100840336,"Turtleback Elementary",92127
"26367",37,68296,6109326,5,2012,31,72,"Turtleback Elementary",92127
"26368",37,68296,6109326,5,2012,111,81.022641509434,"Turtleback Elementary",92127
"26369",37,68296,6110878,2,2012,111,88,"Adobe Bluffs Elementary",92129
"26370",37,68296,6110878,3,2012,111,87.0260869565217,"Adobe Bluffs Elementary",92129
"26371",37,68296,6110878,4,2012,111,87.5,"Adobe Bluffs Elementary",92129
"26372",37,68296,6110878,5,2012,111,97.3333333333333,"Adobe Bluffs Elementary",92129
"26373",37,68296,6110886,2,2012,31,60.5,"Highland Ranch Elementary",92128
"26374",37,68296,6110886,2,2012,111,87.5,"Highland Ranch Elementary",92128
"26375",37,68296,6110886,3,2012,31,55.3333333333333,"Highland Ranch Elementary",92128
"26376",37,68296,6110886,3,2012,111,80,"Highland Ranch Elementary",92128
"26377",37,68296,6110886,4,2012,31,73,"Highland Ranch Elementary",92128
"26378",37,68296,6110886,4,2012,111,88.9289099526066,"Highland Ranch Elementary",92128
"26379",37,68296,6110886,5,2012,31,66.6666666666667,"Highland Ranch Elementary",92128
"26380",37,68296,6110886,5,2012,111,83.6946564885496,"Highland Ranch Elementary",92128
"26381",37,68296,6111306,6,2012,31,63.4225352112676,"Mesa Verde Middle",92129
"26382",37,68296,6111306,6,2012,111,90,"Mesa Verde Middle",92129
"26383",37,68296,6111306,7,2012,31,60.4761904761905,"Mesa Verde Middle",92129
"26384",37,68296,6111306,7,2012,111,88.0934959349593,"Mesa Verde Middle",92129
"26385",37,68296,6111306,8,2012,31,71.3958333333333,"Mesa Verde Middle",92129
"26386",37,68296,6111306,8,2012,111,86.0821831869511,"Mesa Verde Middle",92129
"26387",37,68296,6111314,2,2012,111,84,"Park Village Elementary",92129
"26388",37,68296,6111314,3,2012,111,84,"Park Village Elementary",92129
"26389",37,68296,6111314,4,2012,111,96,"Park Village Elementary",92129
"26390",37,68296,6111314,5,2012,111,94.3333333333333,"Park Village Elementary",92129
"26391",37,68296,6114854,2,2012,111,83,"Shoal Creek Elementary",92128
"26392",37,68296,6114854,3,2012,111,81.5454545454545,"Shoal Creek Elementary",92128
"26393",37,68296,6114854,4,2012,111,89.475935828877,"Shoal Creek Elementary",92128
"26394",37,68296,6114854,5,2012,111,82.660777385159,"Shoal Creek Elementary",92128
"26395",37,68296,6117469,2,2012,111,90.5,"Creekside Elementary",92128
"26396",37,68296,6117469,3,2012,111,89.5158371040724,"Creekside Elementary",92128
"26397",37,68296,6117469,4,2012,111,95,"Creekside Elementary",92128
"26398",37,68296,6117469,5,2012,111,89.9777777777778,"Creekside Elementary",92128
"26399",37,68304,3735974,9,2012,31,38.56,"Ramona High",92065
"26400",37,68304,3735974,9,2012,111,57.6068965517241,"Ramona High",92065
"26401",37,68304,3735974,10,2012,31,31.2806394316163,"Ramona High",92065
"26402",37,68304,3735974,10,2012,111,55.4176056338028,"Ramona High",92065
"26403",37,68304,3735974,11,2012,31,25.1771117166213,"Ramona High",92065
"26404",37,68304,3735974,11,2012,111,53.2236328125,"Ramona High",92065
"26405",37,68304,6039028,2,2012,31,44,"Hanson Elementary",92065
"26406",37,68304,6039028,2,2012,111,69.5,"Hanson Elementary",92065
"26407",37,68304,6039028,3,2012,31,61.972972972973,"Hanson Elementary",92065
"26408",37,68304,6039028,3,2012,111,76.6779661016949,"Hanson Elementary",92065
"26409",37,68304,6039028,4,2012,31,36.4146341463415,"Hanson Elementary",92065
"26410",37,68304,6039028,4,2012,111,67.5,"Hanson Elementary",92065
"26411",37,68304,6039028,5,2012,31,42,"Hanson Elementary",92065
"26412",37,68304,6039028,5,2012,111,70.7439024390244,"Hanson Elementary",92065
"26413",37,68304,6039028,6,2012,31,50,"Hanson Elementary",92065
"26414",37,68304,6039028,6,2012,111,65,"Hanson Elementary",92065
"26415",37,68304,6039036,2,2012,31,57.5,"Ramona Elementary",92065
"26416",37,68304,6039036,2,2012,111,75,"Ramona Elementary",92065
"26417",37,68304,6039036,3,2012,31,56.5,"Ramona Elementary",92065
"26418",37,68304,6039036,3,2012,111,64,"Ramona Elementary",92065
"26419",37,68304,6039036,4,2012,31,56.495145631068,"Ramona Elementary",92065
"26420",37,68304,6039036,4,2012,111,74,"Ramona Elementary",92065
"26421",37,68304,6039036,5,2012,31,40.6965517241379,"Ramona Elementary",92065
"26422",37,68304,6039036,5,2012,111,62,"Ramona Elementary",92065
"26423",37,68304,6039036,6,2012,31,52.9032258064516,"Ramona Elementary",92065
"26424",37,68304,6039036,6,2012,111,82.5,"Ramona Elementary",92065
"26425",37,68304,6105555,2,2012,111,89.5,"James Dukes Elementary",92065
"26426",37,68304,6105555,3,2012,111,81.1351351351351,"James Dukes Elementary",92065
"26427",37,68304,6105555,4,2012,31,78.0869565217391,"James Dukes Elementary",92065
"26428",37,68304,6105555,4,2012,111,84.483660130719,"James Dukes Elementary",92065
"26429",37,68304,6105555,5,2012,31,64,"James Dukes Elementary",92065
"26430",37,68304,6105555,5,2012,111,82.2962962962963,"James Dukes Elementary",92065
"26431",37,68304,6105555,6,2012,31,60,"James Dukes Elementary",92065
"26432",37,68304,6105555,6,2012,111,71.8783783783784,"James Dukes Elementary",92065
"26433",37,68304,6107999,2,2012,31,73,"Mt. Woodson Elementary",92065
"26434",37,68304,6107999,2,2012,111,83.5,"Mt. Woodson Elementary",92065
"26435",37,68304,6107999,3,2012,31,41.5,"Mt. Woodson Elementary",92065
"26436",37,68304,6107999,3,2012,111,78.5903614457831,"Mt. Woodson Elementary",92065
"26437",37,68304,6107999,4,2012,31,65.1212121212121,"Mt. Woodson Elementary",92065
"26438",37,68304,6107999,4,2012,111,99,"Mt. Woodson Elementary",92065
"26439",37,68304,6107999,5,2012,31,46.7727272727273,"Mt. Woodson Elementary",92065
"26440",37,68304,6107999,5,2012,111,83.2844036697248,"Mt. Woodson Elementary",92065
"26441",37,68304,6107999,6,2012,31,62.8235294117647,"Mt. Woodson Elementary",92065
"26442",37,68304,6107999,6,2012,111,89.5,"Mt. Woodson Elementary",92065
"26443",37,68304,6110720,2,2012,31,59,"Barnett Elementary",92065
"26444",37,68304,6110720,2,2012,111,75,"Barnett Elementary",92065
"26445",37,68304,6110720,3,2012,31,72,"Barnett Elementary",92065
"26446",37,68304,6110720,3,2012,111,75.5,"Barnett Elementary",92065
"26447",37,68304,6110720,4,2012,31,62.9428571428571,"Barnett Elementary",92065
"26448",37,68304,6110720,4,2012,111,76.4851485148515,"Barnett Elementary",92065
"26449",37,68304,6110720,5,2012,31,34.1363636363636,"Barnett Elementary",92065
"26450",37,68304,6110720,5,2012,111,68.4131736526946,"Barnett Elementary",92065
"26451",37,68304,6110720,6,2012,31,27.1891891891892,"Barnett Elementary",92065
"26452",37,68304,6110720,6,2012,111,69.9579831932773,"Barnett Elementary",92065
"26453",37,68312,6070908,7,2012,111,94.0882352941177,"R. Roger Rowe Middle",92067
"26454",37,68312,6070908,8,2012,111,88.9907120743034,"R. Roger Rowe Middle",92067
"26455",37,68338,101204,6,2012,31,35.5862068965517,"High Tech Middle",92106
"26456",37,68338,101204,6,2012,111,74.5,"High Tech Middle",92106
"26457",37,68338,101204,7,2012,31,43,"High Tech Middle",92106
"26458",37,68338,101204,7,2012,111,64.5,"High Tech Middle",92106
"26459",37,68338,101204,8,2012,31,53.7986577181208,"High Tech Middle",92106
"26460",37,68338,101204,8,2012,111,70,"High Tech Middle",92106
"26461",37,68338,106732,9,2012,31,31.7925925925926,"High Tech High International",92106
"26462",37,68338,106732,9,2012,111,47.1242236024845,"High Tech High International",92106
"26463",37,68338,106732,10,2012,31,29.6577777777778,"High Tech High International",92106
"26464",37,68338,106732,10,2012,111,53.7910447761194,"High Tech High International",92106
"26465",37,68338,106732,11,2012,31,33.46,"High Tech High International",92106
"26466",37,68338,106732,11,2012,111,56.08,"High Tech High International",92106
"26467",37,68338,107078,9,2012,31,52.1317829457364,"Kearny Digital Media & Design",92111
"26468",37,68338,107078,9,2012,111,52.625,"Kearny Digital Media & Design",92111
"26469",37,68338,107078,10,2012,31,55.3348946135831,"Kearny Digital Media & Design",92111
"26470",37,68338,107078,10,2012,111,68.8167938931298,"Kearny Digital Media & Design",92111
"26471",37,68338,107078,11,2012,31,52.9641434262948,"Kearny Digital Media & Design",92111
"26472",37,68338,107078,11,2012,111,94.2641509433962,"Kearny Digital Media & Design",92111
"26473",37,68338,107573,6,2012,31,46.5,"High Tech Middle Media Arts",92106
"26474",37,68338,107573,6,2012,111,76.5,"High Tech Middle Media Arts",92106
"26475",37,68338,107573,7,2012,31,54,"High Tech Middle Media Arts",92106
"26476",37,68338,107573,7,2012,111,72.5,"High Tech Middle Media Arts",92106
"26477",37,68338,107573,8,2012,31,49.570652173913,"High Tech Middle Media Arts",92106
"26478",37,68338,107573,8,2012,111,72.6929133858268,"High Tech Middle Media Arts",92106
"26479",37,68338,108266,2,2012,31,62.5,"Golden Hill K-8",92102
"26480",37,68338,108266,3,2012,31,47.6666666666667,"Golden Hill K-8",92102
"26481",37,68338,108266,4,2012,31,53,"Golden Hill K-8",92102
"26482",37,68338,108266,5,2012,31,51.079754601227,"Golden Hill K-8",92102
"26483",37,68338,108266,6,2012,31,35.5,"Golden Hill K-8",92102
"26484",37,68338,108266,8,2012,31,44.7828571428571,"Golden Hill K-8",92102
"26485",37,68338,108274,2,2012,31,39,"Porter Elementary",92113
"26486",37,68338,108274,3,2012,31,36.4658753709199,"Porter Elementary",92113
"26487",37,68338,108274,4,2012,31,44.5,"Porter Elementary",92113
"26488",37,68338,108274,5,2012,31,42.6666666666667,"Porter Elementary",92113
"26489",37,68338,108282,2,2012,31,38.5,"Cherokee Point Elementary",92105
"26490",37,68338,108282,3,2012,31,47.5,"Cherokee Point Elementary",92105
"26491",37,68338,108282,4,2012,31,32.968,"Cherokee Point Elementary",92105
"26492",37,68338,108282,5,2012,31,37.3547008547009,"Cherokee Point Elementary",92105
"26493",37,68338,108290,2,2012,31,36.9568345323741,"Ibarra Elementary",92115
"26494",37,68338,108290,3,2012,31,37,"Ibarra Elementary",92115
"26495",37,68338,108290,4,2012,31,53.0516129032258,"Ibarra Elementary",92115
"26496",37,68338,108290,5,2012,31,45.3609022556391,"Ibarra Elementary",92115
"26497",37,68338,108548,2,2012,31,47.5,"Iftin Charter",92115
"26498",37,68338,108548,3,2012,31,51,"Iftin Charter",92115
"26499",37,68338,108548,4,2012,31,46.5,"Iftin Charter",92115
"26500",37,68338,108548,5,2012,31,56.6,"Iftin Charter",92115
"26501",37,68338,108548,6,2012,31,43.5,"Iftin Charter",92115
"26502",37,68338,108548,7,2012,31,52.5,"Iftin Charter",92115
"26503",37,68338,108548,8,2012,31,39.4018691588785,"Iftin Charter",92115
"26504",37,68338,108787,9,2012,31,43,"High Tech High Media Arts",92106
"26505",37,68338,108787,9,2012,111,57.3863636363636,"High Tech High Media Arts",92106
"26506",37,68338,108787,10,2012,31,17.6866359447005,"High Tech High Media Arts",92106
"26507",37,68338,108787,10,2012,111,47.6858237547893,"High Tech High Media Arts",92106
"26508",37,68338,108787,11,2012,31,32.874251497006,"High Tech High Media Arts",92106
"26509",37,68338,108787,11,2012,111,62.0136363636364,"High Tech High Media Arts",92106
"26510",37,68338,111864,2,2012,31,60,"Normal Heights Elementary",92116
"26511",37,68338,111864,3,2012,31,66.0947368421053,"Normal Heights Elementary",92116
"26512",37,68338,111864,4,2012,31,67.4868421052632,"Normal Heights Elementary",92116
"26513",37,68338,111864,5,2012,31,45.0390625,"Normal Heights Elementary",92116
"26514",37,68338,114025,9,2012,31,17.9643201542912,"Lincoln High",92113
"26515",37,68338,114025,10,2012,31,21.5529715762274,"Lincoln High",92113
"26516",37,68338,114025,11,2012,31,14.2532159783345,"Lincoln High",92113
"26517",37,68338,114033,2,2012,31,28,"Rodriguez Elementary",92113
"26518",37,68338,114033,3,2012,31,39.5819209039548,"Rodriguez Elementary",92113
"26519",37,68338,114033,4,2012,31,33,"Rodriguez Elementary",92113
"26520",37,68338,114033,5,2012,31,24.3333333333333,"Rodriguez Elementary",92113
"26521",37,68338,114041,2,2012,31,34,"Joyner Elementary",92105
"26522",37,68338,114041,3,2012,31,34.0502283105023,"Joyner Elementary",92105
"26523",37,68338,114041,4,2012,31,62.5,"Joyner Elementary",92105
"26524",37,68338,114041,5,2012,31,60.2396694214876,"Joyner Elementary",92105
"26525",37,68338,116939,7,2012,31,61.5151515151515,"Innovation Middle",92117
"26526",37,68338,116939,7,2012,111,72.7911392405063,"Innovation Middle",92117
"26527",37,68338,116939,8,2012,31,53.8806818181818,"Innovation Middle",92117
"26528",37,68338,116939,8,2012,111,69.8495575221239,"Innovation Middle",92117
"26529",37,68338,117325,6,2012,31,58.0187265917603,"Millennial Tech Middle",92102
"26530",37,68338,117325,6,2012,111,71,"Millennial Tech Middle",92102
"26531",37,68338,117325,7,2012,31,49.8306451612903,"Millennial Tech Middle",92102
"26532",37,68338,117325,7,2012,111,69.3827160493827,"Millennial Tech Middle",92102
"26533",37,68338,117325,8,2012,31,47.1528662420382,"Millennial Tech Middle",92102
"26534",37,68338,117325,8,2012,111,66.705035971223,"Millennial Tech Middle",92102
"26535",37,68338,118851,9,2012,31,38.0398550724638,"King-Chavez Community High",92101
"26536",37,68338,118851,10,2012,31,25.473604826546,"King-Chavez Community High",92101
"26537",37,68338,118851,11,2012,31,20.7903525046382,"King-Chavez Community High",92101
"26538",37,68338,119610,6,2012,31,26,"Gompers Preparatory Academy",92102
"26539",37,68338,119610,7,2012,31,37.5242718446602,"Gompers Preparatory Academy",92102
"26540",37,68338,119610,8,2012,31,34.1395348837209,"Gompers Preparatory Academy",92102
"26541",37,68338,119610,9,2012,31,25.0600706713781,"Gompers Preparatory Academy",92102
"26542",37,68338,119610,10,2012,31,20.0578034682081,"Gompers Preparatory Academy",92102
"26543",37,68338,119610,11,2012,31,13.2467948717949,"Gompers Preparatory Academy",92102
"26544",37,68338,120410,10,2012,111,58.5,"iHigh Virtual Academy",92110
"26545",37,68338,120410,11,2012,31,27,"iHigh Virtual Academy",92110
"26546",37,68338,120410,11,2012,111,78.5,"iHigh Virtual Academy",92110
"26547",37,68338,123778,2,2012,111,89.5,"Old Town Academy K-8 Charter",92110
"26548",37,68338,123778,3,2012,111,66.5,"Old Town Academy K-8 Charter",92110
"26549",37,68338,123778,4,2012,111,86.5,"Old Town Academy K-8 Charter",92110
"26550",37,68338,123778,5,2012,111,69,"Old Town Academy K-8 Charter",92110
"26551",37,68338,123778,6,2012,111,71,"Old Town Academy K-8 Charter",92110
"26552",37,68338,123778,7,2012,111,76.6153846153846,"Old Town Academy K-8 Charter",92110
"26553",37,68338,124115,5,2012,31,24.5687203791469,"Knox Middle",92113
"26554",37,68338,124115,6,2012,31,24.9902912621359,"Knox Middle",92113
"26555",37,68338,124115,7,2012,31,24,"Knox Middle",92113
"26556",37,68338,124115,8,2012,31,20.0861111111111,"Knox Middle",92113
"26557",37,68338,3730181,9,2012,31,54.1016393442623,"Mira Mesa High",92126
"26558",37,68338,3730181,9,2012,111,71.4657398212512,"Mira Mesa High",92126
"26559",37,68338,3730181,10,2012,31,60.0191545574637,"Mira Mesa High",92126
"26560",37,68338,3730181,10,2012,111,73.4503862150921,"Mira Mesa High",92126
"26561",37,68338,3730181,11,2012,31,44.7032967032967,"Mira Mesa High",92126
"26562",37,68338,3730181,11,2012,111,61.9181669394435,"Mira Mesa High",92126
"26563",37,68338,3730231,10,2012,31,7.32743362831858,"Twain High",92111
"26564",37,68338,3730231,10,2012,111,27,"Twain High",92111
"26565",37,68338,3730231,11,2012,31,10.3727810650888,"Twain High",92111
"26566",37,68338,3730231,11,2012,111,19.6781609195402,"Twain High",92111
"26567",37,68338,3730314,9,2012,31,48.8369963369963,"University City High",92122
"26568",37,68338,3730314,9,2012,111,70.2455696202532,"University City High",92122
"26569",37,68338,3730314,10,2012,31,41.6850574712644,"University City High",92122
"26570",37,68338,3730314,10,2012,111,69.2841698841699,"University City High",92122
"26571",37,68338,3730314,11,2012,31,34.5723598435463,"University City High",92122
"26572",37,68338,3730314,11,2012,111,61.3105110896818,"University City High",92122
"26573",37,68338,3730371,6,2012,31,44.035175879397,"San Diego SCPA",92139
"26574",37,68338,3730371,6,2012,111,72.4604316546763,"San Diego SCPA",92139
"26575",37,68338,3730371,7,2012,31,42.5972222222222,"San Diego SCPA",92139
"26576",37,68338,3730371,7,2012,111,73.5106382978723,"San Diego SCPA",92139
"26577",37,68338,3730371,8,2012,31,44.3840579710145,"San Diego SCPA",92139
"26578",37,68338,3730371,8,2012,111,68.6706948640483,"San Diego SCPA",92139
"26579",37,68338,3730371,9,2012,31,49.4393442622951,"San Diego SCPA",92139
"26580",37,68338,3730371,9,2012,111,59.5709570957096,"San Diego SCPA",92139
"26581",37,68338,3730371,10,2012,31,59.5275590551181,"San Diego SCPA",92139
"26582",37,68338,3730371,10,2012,111,68.4470842332613,"San Diego SCPA",92139
"26583",37,68338,3730371,11,2012,31,40.0825396825397,"San Diego SCPA",92139
"26584",37,68338,3730371,11,2012,111,64.5664160401003,"San Diego SCPA",92139
"26585",37,68338,3730751,4,2012,111,64,"Mt. Everest Academy",92117
"26586",37,68338,3730751,5,2012,111,89,"Mt. Everest Academy",92117
"26587",37,68338,3730751,6,2012,111,73,"Mt. Everest Academy",92117
"26588",37,68338,3730751,7,2012,111,82.3571428571429,"Mt. Everest Academy",92117
"26589",37,68338,3730751,9,2012,111,68.4736842105263,"Mt. Everest Academy",92117
"26590",37,68338,3730751,10,2012,111,82.4313725490196,"Mt. Everest Academy",92117
"26591",37,68338,3730751,11,2012,111,66.5555555555556,"Mt. Everest Academy",92117
"26592",37,68338,3730884,9,2012,31,41.9940476190476,"Scripps Ranch High",92131
"26593",37,68338,3730884,9,2012,111,82.4906914893617,"Scripps Ranch High",92131
"26594",37,68338,3730884,10,2012,31,57.5311284046693,"Scripps Ranch High",92131
"26595",37,68338,3730884,10,2012,111,76.9285382830627,"Scripps Ranch High",92131
"26596",37,68338,3730884,11,2012,31,54.133909287257,"Scripps Ranch High",92131
"26597",37,68338,3730884,11,2012,111,74.9650429799427,"Scripps Ranch High",92131
"26598",37,68338,3730959,7,2012,31,15.8289473684211,"Charter School of San Diego",92121
"26599",37,68338,3730959,7,2012,111,40.6296296296296,"Charter School of San Diego",92121
"26600",37,68338,3730959,8,2012,31,20.8322147651007,"Charter School of San Diego",92121
"26601",37,68338,3730959,8,2012,111,39.0176991150442,"Charter School of San Diego",92121
"26602",37,68338,3730959,9,2012,31,15.1137724550898,"Charter School of San Diego",92121
"26603",37,68338,3730959,9,2012,111,22.3035714285714,"Charter School of San Diego",92121
"26604",37,68338,3730959,10,2012,31,16.7503259452412,"Charter School of San Diego",92121
"26605",37,68338,3730959,10,2012,111,26.6053130929791,"Charter School of San Diego",92121
"26606",37,68338,3730959,11,2012,31,14.6397970687711,"Charter School of San Diego",92121
"26607",37,68338,3730959,11,2012,111,30.9930795847751,"Charter School of San Diego",92121
"26608",37,68338,3731189,6,2012,31,70.4857142857143,"Preuss School UCSD",92093
"26609",37,68338,3731189,7,2012,31,84.0413223140496,"Preuss School UCSD",92093
"26610",37,68338,3731189,8,2012,31,74.3024390243902,"Preuss School UCSD",92093
"26611",37,68338,3731189,9,2012,31,67.8117647058824,"Preuss School UCSD",92093
"26612",37,68338,3731189,10,2012,31,56.3580952380952,"Preuss School UCSD",92093
"26613",37,68338,3731189,11,2012,31,79.1522842639594,"Preuss School UCSD",92093
"26614",37,68338,3731213,9,2012,31,27.2873786407767,"Clairemont High",92117
"26615",37,68338,3731213,9,2012,111,50.5529411764706,"Clairemont High",92117
"26616",37,68338,3731213,10,2012,31,28.6384803921569,"Clairemont High",92117
"26617",37,68338,3731213,10,2012,111,53.8809980806142,"Clairemont High",92117
"26618",37,68338,3731213,11,2012,31,24.0855072463768,"Clairemont High",92117
"26619",37,68338,3731213,11,2012,111,45.9273858921162,"Clairemont High",92117
"26620",37,68338,3731247,9,2012,31,34.905,"High Tech High",92106
"26621",37,68338,3731247,9,2012,111,52.7720588235294,"High Tech High",92106
"26622",37,68338,3731247,10,2012,31,35.6531365313653,"High Tech High",92106
"26623",37,68338,3731247,10,2012,111,47.2669789227166,"High Tech High",92106
"26624",37,68338,3731247,11,2012,31,44.8232044198895,"High Tech High",92106
"26625",37,68338,3731247,11,2012,111,60.8523076923077,"High Tech High",92106
"26626",37,68338,3731395,7,2012,31,64.5,"Audeo Charter",92121
"26627",37,68338,3731395,8,2012,31,18.295652173913,"Audeo Charter",92121
"26628",37,68338,3731395,8,2012,111,19,"Audeo Charter",92121
"26629",37,68338,3731395,9,2012,31,19.6094674556213,"Audeo Charter",92121
"26630",37,68338,3731395,9,2012,111,40.7377049180328,"Audeo Charter",92121
"26631",37,68338,3731395,10,2012,31,18.9103448275862,"Audeo Charter",92121
"26632",37,68338,3731395,10,2012,111,25.3502538071066,"Audeo Charter",92121
"26633",37,68338,3731395,11,2012,31,11.7280701754386,"Audeo Charter",92121
"26634",37,68338,3731395,11,2012,111,25.2913385826772,"Audeo Charter",92121
"26635",37,68338,3732781,9,2012,31,40.6417322834646,"Henry High",92120
"26636",37,68338,3732781,9,2012,111,56.1710526315789,"Henry High",92120
"26637",37,68338,3732781,10,2012,31,45.5770212765957,"Henry High",92120
"26638",37,68338,3732781,10,2012,111,64.9267151767152,"Henry High",92120
"26639",37,68338,3732781,11,2012,31,33.8611825192802,"Henry High",92120
"26640",37,68338,3732781,11,2012,111,54.6706460674157,"Henry High",92120
"26641",37,68338,3732997,9,2012,31,22.2258726899384,"Hoover High",92115
"26642",37,68338,3732997,10,2012,31,24.6083009079118,"Hoover High",92115
"26643",37,68338,3732997,11,2012,31,22.5131982811541,"Hoover High",92115
"26644",37,68338,3733508,9,2012,31,35.4455128205128,"La Jolla High",92037
"26645",37,68338,3733508,9,2012,111,77.8447204968944,"La Jolla High",92037
"26646",37,68338,3733508,10,2012,31,33.7290167865707,"La Jolla High",92037
"26647",37,68338,3733508,10,2012,111,76.6481191222571,"La Jolla High",92037
"26648",37,68338,3733508,11,2012,31,35.2814814814815,"La Jolla High",92037
"26649",37,68338,3733508,11,2012,111,65.7072936660269,"La Jolla High",92037
"26650",37,68338,3733698,9,2012,31,37.4733542319749,"Madison High",92117
"26651",37,68338,3733698,9,2012,111,49.5382436260623,"Madison High",92117
"26652",37,68338,3733698,10,2012,31,42.0734939759036,"Madison High",92117
"26653",37,68338,3733698,10,2012,111,54.7474747474747,"Madison High",92117
"26654",37,68338,3733698,11,2012,31,22.7796352583587,"Madison High",92117
"26655",37,68338,3733698,11,2012,111,28.9146757679181,"Madison High",92117
"26656",37,68338,3734431,9,2012,31,14.7223880597015,"Mission Bay High",92109
"26657",37,68338,3734431,9,2012,111,27.8301158301158,"Mission Bay High",92109
"26658",37,68338,3734431,10,2012,31,26.9720062208398,"Mission Bay High",92109
"26659",37,68338,3734431,10,2012,111,48.9451697127937,"Mission Bay High",92109
"26660",37,68338,3734431,11,2012,31,26.0732919254658,"Mission Bay High",92109
"26661",37,68338,3734431,11,2012,111,53.7216216216216,"Mission Bay High",92109
"26662",37,68338,3734654,9,2012,31,25.6996197718631,"Morse High",92114
"26663",37,68338,3734654,9,2012,111,42.3595505617978,"Morse High",92114
"26664",37,68338,3734654,10,2012,31,32.3646986469865,"Morse High",92114
"26665",37,68338,3734654,10,2012,111,58.5341530054645,"Morse High",92114
"26666",37,68338,3734654,11,2012,31,28.2247292418773,"Morse High",92114
"26667",37,68338,3734654,11,2012,111,43.0511363636364,"Morse High",92114
"26668",37,68338,3735750,9,2012,31,40.0996376811594,"Point Loma High",92106
"26669",37,68338,3735750,9,2012,111,63.2532088681447,"Point Loma High",92106
"26670",37,68338,3735750,10,2012,31,35.831566548881,"Point Loma High",92106
"26671",37,68338,3735750,10,2012,111,61.7264150943396,"Point Loma High",92106
"26672",37,68338,3735750,11,2012,31,37.0012953367876,"Point Loma High",92106
"26673",37,68338,3735750,11,2012,111,62.4084362139918,"Point Loma High",92106
"26674",37,68338,3737962,10,2012,31,7.48148148148148,"Garfield High",92101
"26675",37,68338,3737962,11,2012,31,7.77333333333333,"Garfield High",92101
"26676",37,68338,3737962,11,2012,111,16,"Garfield High",92101
"26677",37,68338,6039101,2,2012,31,67.5,"Adams Elementary",92116
"26678",37,68338,6039101,3,2012,31,52.7543859649123,"Adams Elementary",92116
"26679",37,68338,6039101,4,2012,31,78.5,"Adams Elementary",92116
"26680",37,68338,6039101,5,2012,31,43.3333333333333,"Adams Elementary",92116
"26681",37,68338,6039119,2,2012,31,45,"Alcott Elementary",92117
"26682",37,68338,6039119,2,2012,111,77.5,"Alcott Elementary",92117
"26683",37,68338,6039119,3,2012,31,42.2258064516129,"Alcott Elementary",92117
"26684",37,68338,6039119,3,2012,111,84.5,"Alcott Elementary",92117
"26685",37,68338,6039119,4,2012,31,85,"Alcott Elementary",92117
"26686",37,68338,6039119,4,2012,111,94,"Alcott Elementary",92117
"26687",37,68338,6039119,5,2012,31,84.6470588235294,"Alcott Elementary",92117
"26688",37,68338,6039119,5,2012,111,76.6666666666667,"Alcott Elementary",92117
"26689",37,68338,6039135,2,2012,31,73.5,"Angier Elementary",92123
"26690",37,68338,6039135,2,2012,111,73,"Angier Elementary",92123
"26691",37,68338,6039135,3,2012,31,77,"Angier Elementary",92123
"26692",37,68338,6039135,3,2012,111,60,"Angier Elementary",92123
"26693",37,68338,6039135,4,2012,31,56.037037037037,"Angier Elementary",92123
"26694",37,68338,6039135,4,2012,111,62.906976744186,"Angier Elementary",92123
"26695",37,68338,6039135,5,2012,31,84.3333333333333,"Angier Elementary",92123
"26696",37,68338,6039135,5,2012,111,100,"Angier Elementary",92123
"26697",37,68338,6039143,2,2012,31,49.5,"Audubon K-8",92114
"26698",37,68338,6039143,3,2012,31,38.1481481481481,"Audubon K-8",92114
"26699",37,68338,6039143,4,2012,31,42.5132743362832,"Audubon K-8",92114
"26700",37,68338,6039143,5,2012,31,39,"Audubon K-8",92114
"26701",37,68338,6039143,6,2012,31,27.5,"Audubon K-8",92114
"26702",37,68338,6039143,7,2012,31,33,"Audubon K-8",92114
"26703",37,68338,6039143,8,2012,31,36.9662921348315,"Audubon K-8",92114
"26704",37,68338,6039150,2,2012,31,62,"Baker Elementary",92113
"26705",37,68338,6039150,3,2012,31,64,"Baker Elementary",92113
"26706",37,68338,6039150,4,2012,31,67.5,"Baker Elementary",92113
"26707",37,68338,6039150,5,2012,31,50.6666666666667,"Baker Elementary",92113
"26708",37,68338,6039168,2,2012,31,47.5,"Balboa Elementary",92113
"26709",37,68338,6039168,3,2012,31,47.8944099378882,"Balboa Elementary",92113
"26710",37,68338,6039168,4,2012,31,48.5443786982249,"Balboa Elementary",92113
"26711",37,68338,6039168,5,2012,31,46.3504672897196,"Balboa Elementary",92113
"26712",37,68338,6039168,6,2012,31,36.953488372093,"Balboa Elementary",92113
"26713",37,68338,6039200,2,2012,31,40,"Bay Park Elementary",92110
"26714",37,68338,6039200,2,2012,111,81,"Bay Park Elementary",92110
"26715",37,68338,6039200,3,2012,31,62,"Bay Park Elementary",92110
"26716",37,68338,6039200,3,2012,111,89.5,"Bay Park Elementary",92110
"26717",37,68338,6039200,4,2012,31,85.5,"Bay Park Elementary",92110
"26718",37,68338,6039200,4,2012,111,92.5,"Bay Park Elementary",92110
"26719",37,68338,6039200,5,2012,31,52.6666666666667,"Bay Park Elementary",92110
"26720",37,68338,6039200,5,2012,111,78,"Bay Park Elementary",92110
"26721",37,68338,6039242,2,2012,111,90,"Bird Rock Elementary",92037
"26722",37,68338,6039242,3,2012,111,96,"Bird Rock Elementary",92037
"26723",37,68338,6039242,4,2012,111,94.5,"Bird Rock Elementary",92037
"26724",37,68338,6039242,5,2012,111,96.3333333333333,"Bird Rock Elementary",92037
"26725",37,68338,6039259,2,2012,31,63.5333333333333,"Birney Elementary",92103
"26726",37,68338,6039259,2,2012,111,83.5,"Birney Elementary",92103
"26727",37,68338,6039259,3,2012,31,57,"Birney Elementary",92103
"26728",37,68338,6039259,3,2012,111,91.1111111111111,"Birney Elementary",92103
"26729",37,68338,6039259,4,2012,31,61,"Birney Elementary",92103
"26730",37,68338,6039259,4,2012,111,94,"Birney Elementary",92103
"26731",37,68338,6039259,5,2012,31,80.3814432989691,"Birney Elementary",92103
"26732",37,68338,6039259,5,2012,111,92.08,"Birney Elementary",92103
"26733",37,68338,6039267,2,2012,31,59,"Boone Elementary",92114
"26734",37,68338,6039267,3,2012,31,55.5352112676056,"Boone Elementary",92114
"26735",37,68338,6039267,4,2012,31,67.4691358024691,"Boone Elementary",92114
"26736",37,68338,6039267,5,2012,31,60.3424124513619,"Boone Elementary",92114
"26737",37,68338,6039283,2,2012,31,35,"Burbank Elementary",92113
"26738",37,68338,6039283,3,2012,31,51.6034482758621,"Burbank Elementary",92113
"26739",37,68338,6039283,4,2012,31,45.05,"Burbank Elementary",92113
"26740",37,68338,6039283,5,2012,31,37.0393700787402,"Burbank Elementary",92113
"26741",37,68338,6039291,3,2012,31,47,"Cabrillo Elementary",92106
"26742",37,68338,6039291,3,2012,111,69,"Cabrillo Elementary",92106
"26743",37,68338,6039291,4,2012,31,59,"Cabrillo Elementary",92106
"26744",37,68338,6039309,2,2012,31,55.5,"Cadman Elementary",92117
"26745",37,68338,6039341,2,2012,31,49,"Carson Elementary",92111
"26746",37,68338,6039341,3,2012,31,45.1917808219178,"Carson Elementary",92111
"26747",37,68338,6039341,4,2012,31,69,"Carson Elementary",92111
"26748",37,68338,6039341,5,2012,31,62.0944206008584,"Carson Elementary",92111
"26749",37,68338,6039358,2,2012,31,52,"Carver Elementary",92105
"26750",37,68338,6039358,3,2012,31,46.7868852459016,"Carver Elementary",92105
"26751",37,68338,6039358,4,2012,31,45.4571428571429,"Carver Elementary",92105
"26752",37,68338,6039358,5,2012,31,43.9480519480519,"Carver Elementary",92105
"26753",37,68338,6039366,2,2012,31,51.5,"Central Elementary",92105
"26754",37,68338,6039366,3,2012,31,46.1140350877193,"Central Elementary",92105
"26755",37,68338,6039366,4,2012,31,55.0630630630631,"Central Elementary",92105
"26756",37,68338,6039366,5,2012,31,58.6404109589041,"Central Elementary",92105
"26757",37,68338,6039374,2,2012,31,70,"Chesterton Elementary",92111
"26758",37,68338,6039374,2,2012,111,67.5,"Chesterton Elementary",92111
"26759",37,68338,6039374,3,2012,31,72,"Chesterton Elementary",92111
"26760",37,68338,6039374,3,2012,111,82.5,"Chesterton Elementary",92111
"26761",37,68338,6039374,4,2012,31,83.9775280898876,"Chesterton Elementary",92111
"26762",37,68338,6039374,4,2012,111,73.7894736842105,"Chesterton Elementary",92111
"26763",37,68338,6039374,5,2012,31,68,"Chesterton Elementary",92111
"26764",37,68338,6039374,5,2012,111,76.3333333333333,"Chesterton Elementary",92111
"26765",37,68338,6039382,2,2012,31,45,"Chollas/Mead Elementary",92102
"26766",37,68338,6039382,3,2012,31,43,"Chollas/Mead Elementary",92102
"26767",37,68338,6039382,4,2012,31,44.5,"Chollas/Mead Elementary",92102
"26768",37,68338,6039382,5,2012,31,54.678125,"Chollas/Mead Elementary",92102
"26769",37,68338,6039382,6,2012,31,58.5733333333333,"Chollas/Mead Elementary",92102
"26770",37,68338,6039390,2,2012,31,49,"Clay Elementary",92115
"26771",37,68338,6039390,3,2012,31,62.5555555555556,"Clay Elementary",92115
"26772",37,68338,6039390,4,2012,31,71,"Clay Elementary",92115
"26773",37,68338,6039390,5,2012,31,55.0094339622642,"Clay Elementary",92115
"26774",37,68338,6039424,2,2012,31,73,"Crown Point Elementary",92109
"26775",37,68338,6039424,2,2012,111,87.5,"Crown Point Elementary",92109
"26776",37,68338,6039424,3,2012,31,57,"Crown Point Elementary",92109
"26777",37,68338,6039424,4,2012,31,83,"Crown Point Elementary",92109
"26778",37,68338,6039424,4,2012,111,83.5,"Crown Point Elementary",92109
"26779",37,68338,6039424,5,2012,31,66.6666666666667,"Crown Point Elementary",92109
"26780",37,68338,6039432,2,2012,31,57.5,"Cubberley Elementary",92123
"26781",37,68338,6039432,3,2012,31,38.2820512820513,"Cubberley Elementary",92123
"26782",37,68338,6039432,4,2012,31,44.08,"Cubberley Elementary",92123
"26783",37,68338,6039432,4,2012,111,50,"Cubberley Elementary",92123
"26784",37,68338,6039432,5,2012,31,50.8615384615385,"Cubberley Elementary",92123
"26785",37,68338,6039432,5,2012,111,69.3333333333333,"Cubberley Elementary",92123
"26786",37,68338,6039440,2,2012,111,96.5,"Curie Elementary",92122
"26787",37,68338,6039440,3,2012,31,73.5,"Curie Elementary",92122
"26788",37,68338,6039440,3,2012,111,92,"Curie Elementary",92122
"26789",37,68338,6039440,4,2012,31,73.5,"Curie Elementary",92122
"26790",37,68338,6039440,4,2012,111,89.9651162790698,"Curie Elementary",92122
"26791",37,68338,6039440,5,2012,31,60,"Curie Elementary",92122
"26792",37,68338,6039440,5,2012,111,91.344398340249,"Curie Elementary",92122
"26793",37,68338,6039457,2,2012,31,59.5,"Darnall Charter",92115
"26794",37,68338,6039457,3,2012,31,54,"Darnall Charter",92115
"26795",37,68338,6039457,4,2012,31,61.5401459854015,"Darnall Charter",92115
"26796",37,68338,6039457,5,2012,31,57.6666666666667,"Darnall Charter",92115
"26797",37,68338,6039457,6,2012,31,39.9514563106796,"Darnall Charter",92115
"26798",37,68338,6039481,2,2012,31,51.5591397849462,"Dewey Elementary",92110
"26799",37,68338,6039481,2,2012,111,70,"Dewey Elementary",92110
"26800",37,68338,6039481,3,2012,31,66.5,"Dewey Elementary",92110
"26801",37,68338,6039481,4,2012,31,69,"Dewey Elementary",92110
"26802",37,68338,6039481,4,2012,111,100,"Dewey Elementary",92110
"26803",37,68338,6039499,2,2012,31,66.5,"Edison Elementary",92104
"26804",37,68338,6039499,3,2012,31,66.6516853932584,"Edison Elementary",92104
"26805",37,68338,6039499,4,2012,31,80.0114285714286,"Edison Elementary",92104
"26806",37,68338,6039499,5,2012,31,69.7423580786026,"Edison Elementary",92104
"26807",37,68338,6039515,2,2012,31,39.5,"Encanto Elementary",92114
"26808",37,68338,6039515,3,2012,31,53.5888324873096,"Encanto Elementary",92114
"26809",37,68338,6039515,4,2012,31,73.0335195530726,"Encanto Elementary",92114
"26810",37,68338,6039515,5,2012,31,55.7004048582996,"Encanto Elementary",92114
"26811",37,68338,6039523,2,2012,31,49,"Euclid Elementary",92105
"26812",37,68338,6039523,3,2012,31,41.5,"Euclid Elementary",92105
"26813",37,68338,6039523,4,2012,31,64.1090909090909,"Euclid Elementary",92105
"26814",37,68338,6039523,5,2012,31,52.3358490566038,"Euclid Elementary",92105
"26815",37,68338,6039556,2,2012,31,64.5,"Field Elementary",92117
"26816",37,68338,6039556,3,2012,31,77.6543209876543,"Field Elementary",92117
"26817",37,68338,6039556,4,2012,31,58,"Field Elementary",92117
"26818",37,68338,6039556,6,2012,31,30,"Field Elementary",92117
"26819",37,68338,6039564,2,2012,31,62.5,"Fletcher Elementary",92123
"26820",37,68338,6039564,2,2012,111,69,"Fletcher Elementary",92123
"26821",37,68338,6039564,3,2012,31,65,"Fletcher Elementary",92123
"26822",37,68338,6039564,3,2012,111,78.5,"Fletcher Elementary",92123
"26823",37,68338,6039564,4,2012,31,53,"Fletcher Elementary",92123
"26824",37,68338,6039564,4,2012,111,78.5135135135135,"Fletcher Elementary",92123
"26825",37,68338,6039564,5,2012,31,81.1176470588235,"Fletcher Elementary",92123
"26826",37,68338,6039564,5,2012,111,80,"Fletcher Elementary",92123
"26827",37,68338,6039572,2,2012,31,56,"Florence Elementary",92103
"26828",37,68338,6039572,2,2012,111,91,"Florence Elementary",92103
"26829",37,68338,6039572,3,2012,31,67,"Florence Elementary",92103
"26830",37,68338,6039572,3,2012,111,96.5,"Florence Elementary",92103
"26831",37,68338,6039572,4,2012,31,66.8235294117647,"Florence Elementary",92103
"26832",37,68338,6039598,2,2012,31,66,"Foster Elementary",92120
"26833",37,68338,6039598,2,2012,111,64.5,"Foster Elementary",92120
"26834",37,68338,6039598,3,2012,31,74,"Foster Elementary",92120
"26835",37,68338,6039598,3,2012,111,67.5,"Foster Elementary",92120
"26836",37,68338,6039598,4,2012,31,63.0649350649351,"Foster Elementary",92120
"26837",37,68338,6039598,4,2012,111,76.1489361702128,"Foster Elementary",92120
"26838",37,68338,6039598,5,2012,31,56.7538461538462,"Foster Elementary",92120
"26839",37,68338,6039598,5,2012,111,61.4714285714286,"Foster Elementary",92120
"26840",37,68338,6039606,2,2012,31,55.5,"Franklin Elementary",92116
"26841",37,68338,6039606,3,2012,31,56.6896551724138,"Franklin Elementary",92116
"26842",37,68338,6039606,4,2012,31,47.5,"Franklin Elementary",92116
"26843",37,68338,6039606,5,2012,31,66.0714285714286,"Franklin Elementary",92116
"26844",37,68338,6039614,2,2012,31,45.5,"Freese Elementary",92114
"26845",37,68338,6039614,3,2012,31,42.5,"Freese Elementary",92114
"26846",37,68338,6039614,4,2012,31,55.5,"Freese Elementary",92114
"26847",37,68338,6039614,5,2012,31,51.6632124352332,"Freese Elementary",92114
"26848",37,68338,6039630,2,2012,31,40,"Fulton K-8",92114
"26849",37,68338,6039630,4,2012,31,51,"Fulton K-8",92114
"26850",37,68338,6039630,5,2012,31,56.3220338983051,"Fulton K-8",92114
"26851",37,68338,6039630,7,2012,31,27,"Fulton K-8",92114
"26852",37,68338,6039630,8,2012,31,34.1965811965812,"Fulton K-8",92114
"26853",37,68338,6039648,2,2012,31,43.5,"Gage Elementary",92119
"26854",37,68338,6039648,2,2012,111,76.5,"Gage Elementary",92119
"26855",37,68338,6039648,3,2012,31,61.5454545454545,"Gage Elementary",92119
"26856",37,68338,6039648,3,2012,111,76,"Gage Elementary",92119
"26857",37,68338,6039648,4,2012,31,65.4727272727273,"Gage Elementary",92119
"26858",37,68338,6039648,4,2012,111,76.5072463768116,"Gage Elementary",92119
"26859",37,68338,6039648,5,2012,31,46.6666666666667,"Gage Elementary",92119
"26860",37,68338,6039648,5,2012,111,49.4329896907216,"Gage Elementary",92119
"26861",37,68338,6039655,2,2012,31,44.5,"Garfield Elementary",92116
"26862",37,68338,6039655,3,2012,31,61.1724137931034,"Garfield Elementary",92116
"26863",37,68338,6039655,4,2012,31,74.978947368421,"Garfield Elementary",92116
"26864",37,68338,6039655,5,2012,31,76.0058823529412,"Garfield Elementary",92116
"26865",37,68338,6039671,2,2012,31,75,"Grant K-8",92103
"26866",37,68338,6039671,2,2012,111,83.5,"Grant K-8",92103
"26867",37,68338,6039671,3,2012,31,68.7714285714286,"Grant K-8",92103
"26868",37,68338,6039671,3,2012,111,83.5,"Grant K-8",92103
"26869",37,68338,6039671,4,2012,31,86,"Grant K-8",92103
"26870",37,68338,6039671,4,2012,111,93,"Grant K-8",92103
"26871",37,68338,6039671,5,2012,31,72.3333333333333,"Grant K-8",92103
"26872",37,68338,6039671,5,2012,111,89,"Grant K-8",92103
"26873",37,68338,6039671,6,2012,31,60,"Grant K-8",92103
"26874",37,68338,6039671,6,2012,111,80.5,"Grant K-8",92103
"26875",37,68338,6039671,7,2012,111,82.2297297297297,"Grant K-8",92103
"26876",37,68338,6039671,8,2012,31,64.4285714285714,"Grant K-8",92103
"26877",37,68338,6039671,8,2012,111,79.47,"Grant K-8",92103
"26878",37,68338,6039697,2,2012,31,81,"Green Elementary",92119
"26879",37,68338,6039697,2,2012,111,93.5,"Green Elementary",92119
"26880",37,68338,6039697,3,2012,31,69.5,"Green Elementary",92119
"26881",37,68338,6039697,3,2012,111,90.070796460177,"Green Elementary",92119
"26882",37,68338,6039697,4,2012,31,82.5,"Green Elementary",92119
"26883",37,68338,6039697,4,2012,111,93,"Green Elementary",92119
"26884",37,68338,6039697,5,2012,31,79.5454545454545,"Green Elementary",92119
"26885",37,68338,6039697,5,2012,111,88.6526315789474,"Green Elementary",92119
"26886",37,68338,6039705,2,2012,31,42.5,"Hamilton Elementary",92105
"26887",37,68338,6039705,3,2012,31,36,"Hamilton Elementary",92105
"26888",37,68338,6039705,4,2012,31,59.4733727810651,"Hamilton Elementary",92105
"26889",37,68338,6039705,5,2012,31,75.9537366548043,"Hamilton Elementary",92105
"26890",37,68338,6039713,2,2012,31,60,"Hardy Elementary",92115
"26891",37,68338,6039713,2,2012,111,91,"Hardy Elementary",92115
"26892",37,68338,6039713,3,2012,31,74.632183908046,"Hardy Elementary",92115
"26893",37,68338,6039713,3,2012,111,75,"Hardy Elementary",92115
"26894",37,68338,6039713,4,2012,31,69.9365079365079,"Hardy Elementary",92115
"26895",37,68338,6039713,4,2012,111,94.1944444444444,"Hardy Elementary",92115
"26896",37,68338,6039713,5,2012,31,81.0165289256198,"Hardy Elementary",92115
"26897",37,68338,6039713,5,2012,111,86,"Hardy Elementary",92115
"26898",37,68338,6039721,2,2012,31,35.5,"Hawthorne Elementary",92117
"26899",37,68338,6039721,3,2012,31,47,"Hawthorne Elementary",92117
"26900",37,68338,6039721,3,2012,111,78.5,"Hawthorne Elementary",92117
"26901",37,68338,6039721,4,2012,31,54.1803278688525,"Hawthorne Elementary",92117
"26902",37,68338,6039721,4,2012,111,85.5,"Hawthorne Elementary",92117
"26903",37,68338,6039721,5,2012,31,46.3333333333333,"Hawthorne Elementary",92117
"26904",37,68338,6039721,5,2012,111,88.6666666666667,"Hawthorne Elementary",92117
"26905",37,68338,6039721,6,2012,31,42.7142857142857,"Hawthorne Elementary",92117
"26906",37,68338,6039721,6,2012,111,79,"Hawthorne Elementary",92117
"26907",37,68338,6039739,2,2012,31,33.5,"Hearst Elementary",92120
"26908",37,68338,6039739,2,2012,111,88.5,"Hearst Elementary",92120
"26909",37,68338,6039739,3,2012,31,85,"Hearst Elementary",92120
"26910",37,68338,6039739,3,2012,111,93.5,"Hearst Elementary",92120
"26911",37,68338,6039739,4,2012,31,80.8064516129032,"Hearst Elementary",92120
"26912",37,68338,6039739,4,2012,111,87,"Hearst Elementary",92120
"26913",37,68338,6039739,5,2012,111,90.9578947368421,"Hearst Elementary",92120
"26914",37,68338,6039747,2,2012,31,67.5,"Holmes Elementary",92111
"26915",37,68338,6039747,2,2012,111,90,"Holmes Elementary",92111
"26916",37,68338,6039747,3,2012,31,61,"Holmes Elementary",92111
"26917",37,68338,6039747,3,2012,111,84.0839160839161,"Holmes Elementary",92111
"26918",37,68338,6039747,4,2012,31,82,"Holmes Elementary",92111
"26919",37,68338,6039747,4,2012,111,92,"Holmes Elementary",92111
"26920",37,68338,6039747,5,2012,31,79.7297297297297,"Holmes Elementary",92111
"26921",37,68338,6039747,5,2012,111,86.6666666666667,"Holmes Elementary",92111
"26922",37,68338,6039747,6,2012,111,86.5,"Holmes Elementary",92111
"26923",37,68338,6039754,2,2012,31,43.5,"Horton Elementary",92102
"26924",37,68338,6039754,4,2012,31,46.5,"Horton Elementary",92102
"26925",37,68338,6039754,5,2012,31,52.3591160220994,"Horton Elementary",92102
"26926",37,68338,6039754,6,2012,31,37.5132743362832,"Horton Elementary",92102
"26927",37,68338,6039762,2,2012,31,54.5,"Fay Elementary",92105
"26928",37,68338,6039762,3,2012,31,45,"Fay Elementary",92105
"26929",37,68338,6039762,4,2012,31,60.09,"Fay Elementary",92105
"26930",37,68338,6039762,5,2012,31,42.9927797833935,"Fay Elementary",92105
"26931",37,68338,6039770,2,2012,31,54.5,"Jefferson Elementary",92104
"26932",37,68338,6039770,3,2012,31,33.6043956043956,"Jefferson Elementary",92104
"26933",37,68338,6039770,4,2012,31,76.69,"Jefferson Elementary",92104
"26934",37,68338,6039770,5,2012,31,51.2898550724638,"Jefferson Elementary",92104
"26935",37,68338,6039788,2,2012,31,45.5,"Johnson Elementary",92114
"26936",37,68338,6039788,3,2012,31,43.6901408450704,"Johnson Elementary",92114
"26937",37,68338,6039788,4,2012,31,65.9716312056738,"Johnson Elementary",92114
"26938",37,68338,6039788,5,2012,31,68.3333333333333,"Johnson Elementary",92114
"26939",37,68338,6039796,2,2012,31,82,"Jones Elementary",92123
"26940",37,68338,6039796,2,2012,111,79.5,"Jones Elementary",92123
"26941",37,68338,6039796,3,2012,31,73,"Jones Elementary",92123
"26942",37,68338,6039796,3,2012,111,87.5,"Jones Elementary",92123
"26943",37,68338,6039796,4,2012,31,65.0697674418605,"Jones Elementary",92123
"26944",37,68338,6039796,4,2012,111,84.5,"Jones Elementary",92123
"26945",37,68338,6039796,5,2012,31,92.6666666666667,"Jones Elementary",92123
"26946",37,68338,6039796,5,2012,111,90,"Jones Elementary",92123
"26947",37,68338,6039804,2,2012,31,66.5,"Juarez Elementary",92123
"26948",37,68338,6039804,2,2012,111,58.5,"Juarez Elementary",92123
"26949",37,68338,6039804,3,2012,31,36.5,"Juarez Elementary",92123
"26950",37,68338,6039804,3,2012,111,50,"Juarez Elementary",92123
"26951",37,68338,6039804,4,2012,31,53.0566037735849,"Juarez Elementary",92123
"26952",37,68338,6039804,4,2012,111,64,"Juarez Elementary",92123
"26953",37,68338,6039804,5,2012,31,39.3513513513514,"Juarez Elementary",92123
"26954",37,68338,6039812,5,2012,31,39.3333333333333,"Keiller Leadership Academy",92114
"26955",37,68338,6039812,6,2012,31,37,"Keiller Leadership Academy",92114
"26956",37,68338,6039812,7,2012,31,39.8679245283019,"Keiller Leadership Academy",92114
"26957",37,68338,6039812,8,2012,31,43.4275229357798,"Keiller Leadership Academy",92114
"26958",37,68338,6039846,2,2012,111,95.5,"La Jolla Elementary",92037
"26959",37,68338,6039846,3,2012,111,96.5,"La Jolla Elementary",92037
"26960",37,68338,6039846,4,2012,31,77.5,"La Jolla Elementary",92037
"26961",37,68338,6039846,4,2012,111,97,"La Jolla Elementary",92037
"26962",37,68338,6039846,5,2012,111,93.6666666666667,"La Jolla Elementary",92037
"26963",37,68338,6039853,2,2012,31,30,"Lafayette Elementary",92117
"26964",37,68338,6039853,3,2012,31,38,"Lafayette Elementary",92117
"26965",37,68338,6039853,5,2012,31,56.0989010989011,"Lafayette Elementary",92117
"26966",37,68338,6039853,5,2012,111,68.3333333333333,"Lafayette Elementary",92117
"26967",37,68338,6039853,6,2012,31,75,"Lafayette Elementary",92117
"26968",37,68338,6039853,6,2012,111,72,"Lafayette Elementary",92117
"26969",37,68338,6039879,2,2012,31,31.5,"Linda Vista Elementary",92111
"26970",37,68338,6039879,3,2012,31,47,"Linda Vista Elementary",92111
"26971",37,68338,6039879,4,2012,31,57,"Linda Vista Elementary",92111
"26972",37,68338,6039879,5,2012,31,42.6595744680851,"Linda Vista Elementary",92111
"26973",37,68338,6039903,2,2012,31,76,"Loma Portal Elementary",92106
"26974",37,68338,6039903,2,2012,111,86,"Loma Portal Elementary",92106
"26975",37,68338,6039903,3,2012,31,68.5,"Loma Portal Elementary",92106
"26976",37,68338,6039903,3,2012,111,87,"Loma Portal Elementary",92106
"26977",37,68338,6039903,4,2012,31,70.4210526315789,"Loma Portal Elementary",92106
"26978",37,68338,6039903,4,2012,111,97.4691358024691,"Loma Portal Elementary",92106
"26979",37,68338,6039911,2,2012,31,50,"Longfellow K-8",92110
"26980",37,68338,6039911,2,2012,111,70,"Longfellow K-8",92110
"26981",37,68338,6039911,3,2012,31,47.5,"Longfellow K-8",92110
"26982",37,68338,6039911,3,2012,111,63.6521739130435,"Longfellow K-8",92110
"26983",37,68338,6039911,4,2012,31,70.5,"Longfellow K-8",92110
"26984",37,68338,6039911,4,2012,111,81,"Longfellow K-8",92110
"26985",37,68338,6039911,5,2012,31,64.3298969072165,"Longfellow K-8",92110
"26986",37,68338,6039911,5,2012,111,83.2336448598131,"Longfellow K-8",92110
"26987",37,68338,6039911,6,2012,31,58.5,"Longfellow K-8",92110
"26988",37,68338,6039911,6,2012,111,79,"Longfellow K-8",92110
"26989",37,68338,6039911,7,2012,31,72.0819672131148,"Longfellow K-8",92110
"26990",37,68338,6039911,7,2012,111,93,"Longfellow K-8",92110
"26991",37,68338,6039911,8,2012,31,74.5322580645161,"Longfellow K-8",92110
"26992",37,68338,6039911,8,2012,111,83,"Longfellow K-8",92110
"26993",37,68338,6039929,2,2012,31,40,"Perkins K-8",92113
"26994",37,68338,6039929,3,2012,31,29.9207920792079,"Perkins K-8",92113
"26995",37,68338,6039929,4,2012,31,63,"Perkins K-8",92113
"26996",37,68338,6039929,5,2012,31,49.3521126760563,"Perkins K-8",92113
"26997",37,68338,6039929,6,2012,31,53.5663716814159,"Perkins K-8",92113
"26998",37,68338,6039929,8,2012,31,34.410480349345,"Perkins K-8",92113
"26999",37,68338,6039952,2,2012,31,29.5,"Marshall Elementary",92105
"27000",37,68338,6039952,3,2012,31,32,"Marshall Elementary",92105
"27001",37,68338,6039952,4,2012,31,48.4948979591837,"Marshall Elementary",92105
"27002",37,68338,6039952,5,2012,31,35.6454545454545,"Marshall Elementary",92105
"27003",37,68338,6039960,2,2012,31,53,"Marvin Elementary",92120
"27004",37,68338,6039960,2,2012,111,83,"Marvin Elementary",92120
"27005",37,68338,6039960,3,2012,31,60,"Marvin Elementary",92120
"27006",37,68338,6039960,3,2012,111,75,"Marvin Elementary",92120
"27007",37,68338,6039960,4,2012,31,83.5,"Marvin Elementary",92120
"27008",37,68338,6039960,4,2012,111,82.5490196078431,"Marvin Elementary",92120
"27009",37,68338,6039960,5,2012,111,88.3076923076923,"Marvin Elementary",92120
"27010",37,68338,6039978,2,2012,31,55,"McKinley Elementary",92104
"27011",37,68338,6039978,2,2012,111,83.5,"McKinley Elementary",92104
"27012",37,68338,6039978,3,2012,31,48,"McKinley Elementary",92104
"27013",37,68338,6039978,3,2012,111,91,"McKinley Elementary",92104
"27014",37,68338,6039978,4,2012,31,79.2054794520548,"McKinley Elementary",92104
"27015",37,68338,6039978,4,2012,111,95.5217391304348,"McKinley Elementary",92104
"27016",37,68338,6039978,5,2012,31,49.752808988764,"McKinley Elementary",92104
"27017",37,68338,6039978,5,2012,111,79.3333333333333,"McKinley Elementary",92104
"27018",37,68338,6040000,2,2012,31,32,"Language Academy",92115
"27019",37,68338,6040000,2,2012,111,62,"Language Academy",92115
"27020",37,68338,6040000,3,2012,31,51,"Language Academy",92115
"27021",37,68338,6040000,3,2012,111,78.15,"Language Academy",92115
"27022",37,68338,6040000,4,2012,31,72.9462365591398,"Language Academy",92115
"27023",37,68338,6040000,4,2012,111,79.5,"Language Academy",92115
"27024",37,68338,6040000,5,2012,31,60.241134751773,"Language Academy",92115
"27025",37,68338,6040000,5,2012,111,83.3333333333333,"Language Academy",92115
"27026",37,68338,6040000,6,2012,31,69.5,"Language Academy",92115
"27027",37,68338,6040000,6,2012,111,93.5,"Language Academy",92115
"27028",37,68338,6040000,7,2012,31,58.1492537313433,"Language Academy",92115
"27029",37,68338,6040000,7,2012,111,80.8985507246377,"Language Academy",92115
"27030",37,68338,6040000,8,2012,31,57.0569105691057,"Language Academy",92115
"27031",37,68338,6040000,8,2012,111,67.9339622641509,"Language Academy",92115
"27032",37,68338,6040026,2,2012,31,40,"Oak Park Elementary",92105
"27033",37,68338,6040026,3,2012,31,54.0478468899522,"Oak Park Elementary",92105
"27034",37,68338,6040026,4,2012,31,52.4857142857143,"Oak Park Elementary",92105
"27035",37,68338,6040026,5,2012,31,55.3469387755102,"Oak Park Elementary",92105
"27036",37,68338,6040034,2,2012,31,79,"Ocean Beach Elementary",92107
"27037",37,68338,6040034,2,2012,111,91.5,"Ocean Beach Elementary",92107
"27038",37,68338,6040034,3,2012,31,73,"Ocean Beach Elementary",92107
"27039",37,68338,6040034,3,2012,111,90,"Ocean Beach Elementary",92107
"27040",37,68338,6040034,4,2012,31,64,"Ocean Beach Elementary",92107
"27041",37,68338,6040034,4,2012,111,83,"Ocean Beach Elementary",92107
"27042",37,68338,6040042,2,2012,31,62,"Pacific Beach Elementary",92109
"27043",37,68338,6040042,2,2012,111,95.0338983050847,"Pacific Beach Elementary",92109
"27044",37,68338,6040042,3,2012,31,35.9152542372881,"Pacific Beach Elementary",92109
"27045",37,68338,6040042,3,2012,111,89.5,"Pacific Beach Elementary",92109
"27046",37,68338,6040042,4,2012,31,79.5,"Pacific Beach Elementary",92109
"27047",37,68338,6040042,4,2012,111,98,"Pacific Beach Elementary",92109
"27048",37,68338,6040042,5,2012,31,76.3333333333333,"Pacific Beach Elementary",92109
"27049",37,68338,6040042,5,2012,111,98,"Pacific Beach Elementary",92109
"27050",37,68338,6040059,2,2012,31,72.5,"Paradise Hills Elementary",92139
"27051",37,68338,6040059,4,2012,31,69.3846153846154,"Paradise Hills Elementary",92139
"27052",37,68338,6040059,5,2012,31,64.4230769230769,"Paradise Hills Elementary",92139
"27053",37,68338,6040067,2,2012,31,70.5,"Perry Elementary",92139
"27054",37,68338,6040067,2,2012,111,94.5,"Perry Elementary",92139
"27055",37,68338,6040067,3,2012,31,80.1047619047619,"Perry Elementary",92139
"27056",37,68338,6040067,3,2012,111,94.5135135135135,"Perry Elementary",92139
"27057",37,68338,6040067,4,2012,31,77.5,"Perry Elementary",92139
"27058",37,68338,6040067,4,2012,111,88,"Perry Elementary",92139
"27059",37,68338,6040067,5,2012,31,77.3333333333333,"Perry Elementary",92139
"27060",37,68338,6040083,8,2012,31,35.5901639344262,"Riley/New Dawn",92111
"27061",37,68338,6040083,9,2012,31,11.7931034482759,"Riley/New Dawn",92111
"27062",37,68338,6040083,11,2012,31,15.6046511627907,"Riley/New Dawn",92111
"27063",37,68338,6040091,2,2012,31,43,"Rolando Park Elementary",92115
"27064",37,68338,6040091,3,2012,31,35.5,"Rolando Park Elementary",92115
"27065",37,68338,6040109,2,2012,31,47,"Ross Elementary",92111
"27066",37,68338,6040109,3,2012,31,45.5,"Ross Elementary",92111
"27067",37,68338,6040109,4,2012,31,75,"Ross Elementary",92111
"27068",37,68338,6040109,5,2012,31,73.6666666666667,"Ross Elementary",92111
"27069",37,68338,6040117,2,2012,31,42.5,"Rowan Elementary",92105
"27070",37,68338,6040117,3,2012,31,52.169014084507,"Rowan Elementary",92105
"27071",37,68338,6040117,4,2012,31,56.5,"Rowan Elementary",92105
"27072",37,68338,6040117,5,2012,31,63.6117647058824,"Rowan Elementary",92105
"27073",37,68338,6040133,2,2012,31,40,"Sequoia Elementary",92117
"27074",37,68338,6040133,2,2012,111,68.5,"Sequoia Elementary",92117
"27075",37,68338,6040133,3,2012,31,56.5,"Sequoia Elementary",92117
"27076",37,68338,6040133,4,2012,31,87,"Sequoia Elementary",92117
"27077",37,68338,6040133,4,2012,111,88.5,"Sequoia Elementary",92117
"27078",37,68338,6040133,5,2012,31,70.6666666666667,"Sequoia Elementary",92117
"27079",37,68338,6040133,5,2012,111,70.3333333333333,"Sequoia Elementary",92117
"27080",37,68338,6040133,6,2012,31,50.8222222222222,"Sequoia Elementary",92117
"27081",37,68338,6040133,6,2012,111,82,"Sequoia Elementary",92117
"27082",37,68338,6040141,2,2012,31,93,"Sessions Elementary",92109
"27083",37,68338,6040141,2,2012,111,91.5,"Sessions Elementary",92109
"27084",37,68338,6040141,3,2012,31,71.84,"Sessions Elementary",92109
"27085",37,68338,6040141,3,2012,111,89.0679611650485,"Sessions Elementary",92109
"27086",37,68338,6040141,4,2012,111,93.037037037037,"Sessions Elementary",92109
"27087",37,68338,6040141,5,2012,31,88.6279069767442,"Sessions Elementary",92109
"27088",37,68338,6040141,5,2012,111,94.6428571428571,"Sessions Elementary",92109
"27089",37,68338,6040158,2,2012,31,67.5,"Sherman Elementary",92102
"27090",37,68338,6040158,3,2012,31,44,"Sherman Elementary",92102
"27091",37,68338,6040158,4,2012,31,46.4900662251656,"Sherman Elementary",92102
"27092",37,68338,6040158,5,2012,31,49.3618090452261,"Sherman Elementary",92102
"27093",37,68338,6040166,2,2012,31,58,"Silver Gate Elementary",92107
"27094",37,68338,6040166,2,2012,111,85,"Silver Gate Elementary",92107
"27095",37,68338,6040166,3,2012,31,86.5,"Silver Gate Elementary",92107
"27096",37,68338,6040166,3,2012,111,90.0493827160494,"Silver Gate Elementary",92107
"27097",37,68338,6040166,4,2012,31,59,"Silver Gate Elementary",92107
"27098",37,68338,6040166,4,2012,111,92,"Silver Gate Elementary",92107
"27099",37,68338,6040174,2,2012,31,46,"Spreckels Elementary",92122
"27100",37,68338,6040174,2,2012,111,87,"Spreckels Elementary",92122
"27101",37,68338,6040174,3,2012,31,55.5271317829457,"Spreckels Elementary",92122
"27102",37,68338,6040174,3,2012,111,88,"Spreckels Elementary",92122
"27103",37,68338,6040174,4,2012,31,54.5294117647059,"Spreckels Elementary",92122
"27104",37,68338,6040174,4,2012,111,81.9387755102041,"Spreckels Elementary",92122
"27105",37,68338,6040174,5,2012,31,62.5862068965517,"Spreckels Elementary",92122
"27106",37,68338,6040174,5,2012,111,92.3529411764706,"Spreckels Elementary",92122
"27107",37,68338,6040190,2,2012,31,76.5198237885463,"King-Chavez Primary Academy",92102
"27108",37,68338,6040208,2,2012,31,54,"Sunset View Elementary",92107
"27109",37,68338,6040208,2,2012,111,91,"Sunset View Elementary",92107
"27110",37,68338,6040208,3,2012,31,59.5,"Sunset View Elementary",92107
"27111",37,68338,6040208,3,2012,111,91.5,"Sunset View Elementary",92107
"27112",37,68338,6040208,4,2012,111,95.992125984252,"Sunset View Elementary",92107
"27113",37,68338,6040224,2,2012,31,54.5,"Toler Elementary",92117
"27114",37,68338,6040224,2,2012,111,79,"Toler Elementary",92117
"27115",37,68338,6040224,3,2012,31,71.2727272727273,"Toler Elementary",92117
"27116",37,68338,6040224,3,2012,111,93,"Toler Elementary",92117
"27117",37,68338,6040224,4,2012,31,66,"Toler Elementary",92117
"27118",37,68338,6040224,4,2012,111,88.5,"Toler Elementary",92117
"27119",37,68338,6040224,5,2012,31,59.3333333333333,"Toler Elementary",92117
"27120",37,68338,6040224,5,2012,111,79.3333333333333,"Toler Elementary",92117
"27121",37,68338,6040232,2,2012,111,98,"Torrey Pines Elementary",92037
"27122",37,68338,6040232,3,2012,111,97.5,"Torrey Pines Elementary",92037
"27123",37,68338,6040232,4,2012,111,98,"Torrey Pines Elementary",92037
"27124",37,68338,6040232,5,2012,111,96.6705882352941,"Torrey Pines Elementary",92037
"27125",37,68338,6040257,2,2012,31,56,"Valencia Park Elementary",92114
"27126",37,68338,6040257,3,2012,31,36.463687150838,"Valencia Park Elementary",92114
"27127",37,68338,6040257,4,2012,31,61.0545454545455,"Valencia Park Elementary",92114
"27128",37,68338,6040257,5,2012,31,70.6792452830189,"Valencia Park Elementary",92114
"27129",37,68338,6040265,2,2012,31,24.5,"Washington Elementary",92101
"27130",37,68338,6040265,2,2012,111,57.5,"Washington Elementary",92101
"27131",37,68338,6040265,3,2012,31,40.5,"Washington Elementary",92101
"27132",37,68338,6040265,3,2012,111,56.5,"Washington Elementary",92101
"27133",37,68338,6040265,4,2012,31,63.0746268656716,"Washington Elementary",92101
"27134",37,68338,6040273,2,2012,31,41,"Webster Elementary",92102
"27135",37,68338,6040273,3,2012,31,41.5,"Webster Elementary",92102
"27136",37,68338,6040273,4,2012,31,67.0379746835443,"Webster Elementary",92102
"27137",37,68338,6040273,5,2012,31,53.6666666666667,"Webster Elementary",92102
"27138",37,68338,6040273,6,2012,31,63,"Webster Elementary",92102
"27139",37,68338,6040281,2,2012,31,57,"Wegeforth Elementary",92123
"27140",37,68338,6040281,2,2012,111,75,"Wegeforth Elementary",92123
"27141",37,68338,6040281,3,2012,31,60,"Wegeforth Elementary",92123
"27142",37,68338,6040281,3,2012,111,81.5,"Wegeforth Elementary",92123
"27143",37,68338,6040281,4,2012,31,72.5,"Wegeforth Elementary",92123
"27144",37,68338,6040281,4,2012,111,64,"Wegeforth Elementary",92123
"27145",37,68338,6040281,5,2012,31,65.3333333333333,"Wegeforth Elementary",92123
"27146",37,68338,6040281,5,2012,111,87,"Wegeforth Elementary",92123
"27147",37,68338,6040307,2,2012,31,26.5,"Whitman Elementary",92117
"27148",37,68338,6040307,2,2012,111,37.5,"Whitman Elementary",92117
"27149",37,68338,6040307,3,2012,31,33,"Whitman Elementary",92117
"27150",37,68338,6040307,3,2012,111,66.5,"Whitman Elementary",92117
"27151",37,68338,6040307,5,2012,31,50.3157894736842,"Whitman Elementary",92117
"27152",37,68338,6040307,6,2012,31,46.2307692307692,"Whitman Elementary",92117
"27153",37,68338,6059588,6,2012,31,40.010582010582,"Bell Middle",92139
"27154",37,68338,6059588,6,2012,111,53,"Bell Middle",92139
"27155",37,68338,6059588,7,2012,31,40,"Bell Middle",92139
"27156",37,68338,6059588,7,2012,111,67,"Bell Middle",92139
"27157",37,68338,6059588,8,2012,31,36.0037735849057,"Bell Middle",92139
"27158",37,68338,6059588,8,2012,111,54.7289473684211,"Bell Middle",92139
"27159",37,68338,6059596,7,2012,31,60.5331125827815,"Correia Middle",92107
"27160",37,68338,6059596,7,2012,111,88.1963470319635,"Correia Middle",92107
"27161",37,68338,6059596,8,2012,31,60.3228021978022,"Correia Middle",92107
"27162",37,68338,6059596,8,2012,111,83.9897727272727,"Correia Middle",92107
"27163",37,68338,6059604,5,2012,31,57.9337748344371,"Dana",92106
"27164",37,68338,6059604,5,2012,111,82.6597796143251,"Dana",92106
"27165",37,68338,6059604,6,2012,31,57.4603773584906,"Dana",92106
"27166",37,68338,6059604,6,2012,111,78.491646778043,"Dana",92106
"27167",37,68338,6059638,6,2012,31,65.5,"Lewis Middle",92120
"27168",37,68338,6059638,6,2012,111,87.9913043478261,"Lewis Middle",92120
"27169",37,68338,6059638,7,2012,31,63.6147058823529,"Lewis Middle",92120
"27170",37,68338,6059638,7,2012,111,83.2984615384615,"Lewis Middle",92120
"27171",37,68338,6059638,8,2012,31,66.7081413210446,"Lewis Middle",92120
"27172",37,68338,6059638,8,2012,111,86.8624078624079,"Lewis Middle",92120
"27173",37,68338,6059646,6,2012,31,41.4990176817289,"Mann Middle",92115
"27174",37,68338,6059646,7,2012,31,53.4448217317487,"Mann Middle",92115
"27175",37,68338,6059646,8,2012,31,46.4923208191126,"Mann Middle",92115
"27176",37,68338,6059653,6,2012,31,51.9508196721311,"Marston Middle",92117
"27177",37,68338,6059653,6,2012,111,74.5,"Marston Middle",92117
"27178",37,68338,6059653,7,2012,31,51.1555555555556,"Marston Middle",92117
"27179",37,68338,6059653,7,2012,111,81.6705202312139,"Marston Middle",92117
"27180",37,68338,6059653,8,2012,31,49.5194479297365,"Marston Middle",92117
"27181",37,68338,6059653,8,2012,111,77.09963099631,"Marston Middle",92117
"27182",37,68338,6059679,6,2012,31,42.0120481927711,"Montgomery Middle",92111
"27183",37,68338,6059679,7,2012,31,37.0655021834061,"Montgomery Middle",92111
"27184",37,68338,6059679,8,2012,31,50.3140096618357,"Montgomery Middle",92111
"27185",37,68338,6059687,6,2012,31,60.9875776397515,"Muirlands Middle",92037
"27186",37,68338,6059687,6,2012,111,90,"Muirlands Middle",92037
"27187",37,68338,6059687,7,2012,31,47.7835051546392,"Muirlands Middle",92037
"27188",37,68338,6059687,7,2012,111,88.5095785440613,"Muirlands Middle",92037
"27189",37,68338,6059687,8,2012,31,54.7453416149068,"Muirlands Middle",92037
"27190",37,68338,6059687,8,2012,111,84.8797763280522,"Muirlands Middle",92037
"27191",37,68338,6059695,6,2012,31,52.5,"Pacific Beach Middle",92109
"27192",37,68338,6059695,6,2012,111,88.512,"Pacific Beach Middle",92109
"27193",37,68338,6059695,7,2012,31,46.3695652173913,"Pacific Beach Middle",92109
"27194",37,68338,6059695,7,2012,111,83.9810126582279,"Pacific Beach Middle",92109
"27195",37,68338,6059695,8,2012,31,48.063752276867,"Pacific Beach Middle",92109
"27196",37,68338,6059695,8,2012,111,74.8626198083067,"Pacific Beach Middle",92109
"27197",37,68338,6059711,6,2012,31,51.5,"Taft Middle",92123
"27198",37,68338,6059711,6,2012,111,78,"Taft Middle",92123
"27199",37,68338,6059711,7,2012,31,51.3616071428571,"Taft Middle",92123
"27200",37,68338,6059711,7,2012,111,63.2962962962963,"Taft Middle",92123
"27201",37,68338,6059711,8,2012,31,35.376647834275,"Taft Middle",92123
"27202",37,68338,6059711,8,2012,111,57.5407725321888,"Taft Middle",92123
"27203",37,68338,6061972,6,2012,31,60.4689265536723,"Pershing Middle",92119
"27204",37,68338,6061972,6,2012,111,80.9363957597173,"Pershing Middle",92119
"27205",37,68338,6061972,7,2012,31,62.0275229357798,"Pershing Middle",92119
"27206",37,68338,6061972,7,2012,111,78.5616438356164,"Pershing Middle",92119
"27207",37,68338,6061972,8,2012,31,60.9348837209302,"Pershing Middle",92119
"27208",37,68338,6061972,8,2012,111,78.465,"Pershing Middle",92119
"27209",37,68338,6061980,6,2012,31,38.0272479564033,"Wilson Middle",92105
"27210",37,68338,6061980,7,2012,31,29.3051359516616,"Wilson Middle",92105
"27211",37,68338,6061980,8,2012,31,34.1990291262136,"Wilson Middle",92105
"27212",37,68338,6069116,2,2012,31,58,"Miramar Ranch Elementary",92131
"27213",37,68338,6069116,2,2012,111,82,"Miramar Ranch Elementary",92131
"27214",37,68338,6069116,3,2012,31,58.5,"Miramar Ranch Elementary",92131
"27215",37,68338,6069116,3,2012,111,82,"Miramar Ranch Elementary",92131
"27216",37,68338,6069116,4,2012,31,89.5128205128205,"Miramar Ranch Elementary",92131
"27217",37,68338,6069116,4,2012,111,92,"Miramar Ranch Elementary",92131
"27218",37,68338,6069116,5,2012,111,90.328611898017,"Miramar Ranch Elementary",92131
"27219",37,68338,6071914,2,2012,31,54.9774436090226,"Mason Elementary",92126
"27220",37,68338,6071914,2,2012,111,82.5,"Mason Elementary",92126
"27221",37,68338,6071914,3,2012,31,66.5,"Mason Elementary",92126
"27222",37,68338,6071914,3,2012,111,77,"Mason Elementary",92126
"27223",37,68338,6071914,4,2012,31,58.978102189781,"Mason Elementary",92126
"27224",37,68338,6071914,4,2012,111,74.5263157894737,"Mason Elementary",92126
"27225",37,68338,6071914,5,2012,31,78.6964285714286,"Mason Elementary",92126
"27226",37,68338,6071914,5,2012,111,89.3333333333333,"Mason Elementary",92126
"27227",37,68338,6077317,2,2012,31,49.5,"Penn Elementary",92139
"27228",37,68338,6077317,2,2012,111,62.5,"Penn Elementary",92139
"27229",37,68338,6077317,3,2012,31,50.3364485981308,"Penn Elementary",92139
"27230",37,68338,6077317,3,2012,111,62,"Penn Elementary",92139
"27231",37,68338,6077317,4,2012,31,52.5,"Penn Elementary",92139
"27232",37,68338,6077317,4,2012,111,79,"Penn Elementary",92139
"27233",37,68338,6077317,5,2012,31,54.6363636363636,"Penn Elementary",92139
"27234",37,68338,6077317,5,2012,111,82.3333333333333,"Penn Elementary",92139
"27235",37,68338,6089015,2,2012,31,52.0086956521739,"Ericson Elementary",92126
"27236",37,68338,6089015,2,2012,111,82.5,"Ericson Elementary",92126
"27237",37,68338,6089015,3,2012,31,60,"Ericson Elementary",92126
"27238",37,68338,6089015,3,2012,111,81.5,"Ericson Elementary",92126
"27239",37,68338,6089015,4,2012,31,79.5,"Ericson Elementary",92126
"27240",37,68338,6089015,4,2012,111,90.5,"Ericson Elementary",92126
"27241",37,68338,6089015,5,2012,31,78.9872611464968,"Ericson Elementary",92126
"27242",37,68338,6089015,5,2012,111,85.6334841628959,"Ericson Elementary",92126
"27243",37,68338,6089023,3,2012,31,69.3789473684211,"Hickman Elementary",92126
"27244",37,68338,6089023,3,2012,111,86.5,"Hickman Elementary",92126
"27245",37,68338,6089023,4,2012,31,72.5,"Hickman Elementary",92126
"27246",37,68338,6089023,4,2012,111,88,"Hickman Elementary",92126
"27247",37,68338,6089023,5,2012,31,62.6666666666667,"Hickman Elementary",92126
"27248",37,68338,6089023,5,2012,111,77.1967213114754,"Hickman Elementary",92126
"27249",37,68338,6089049,2,2012,31,74,"Sandburg Elementary",92126
"27250",37,68338,6089049,2,2012,111,88.5,"Sandburg Elementary",92126
"27251",37,68338,6089049,3,2012,31,76.6301369863014,"Sandburg Elementary",92126
"27252",37,68338,6089049,3,2012,111,78.5702479338843,"Sandburg Elementary",92126
"27253",37,68338,6089049,4,2012,31,78.5,"Sandburg Elementary",92126
"27254",37,68338,6089049,4,2012,111,94.4893617021277,"Sandburg Elementary",92126
"27255",37,68338,6089049,5,2012,31,79.5663716814159,"Sandburg Elementary",92126
"27256",37,68338,6089049,5,2012,111,90.675,"Sandburg Elementary",92126
"27257",37,68338,6089056,2,2012,31,64,"Tierrasanta Elementary",92124
"27258",37,68338,6089056,2,2012,111,77,"Tierrasanta Elementary",92124
"27259",37,68338,6089056,3,2012,31,55,"Tierrasanta Elementary",92124
"27260",37,68338,6089056,3,2012,111,82.0165289256198,"Tierrasanta Elementary",92124
"27261",37,68338,6089056,4,2012,31,71,"Tierrasanta Elementary",92124
"27262",37,68338,6089056,4,2012,111,84.9574468085106,"Tierrasanta Elementary",92124
"27263",37,68338,6089056,5,2012,31,76.9016393442623,"Tierrasanta Elementary",92124
"27264",37,68338,6089056,5,2012,111,94.6526315789474,"Tierrasanta Elementary",92124
"27265",37,68338,6089064,2,2012,31,55.5,"Walker Elementary",92126
"27266",37,68338,6089064,2,2012,111,79.5,"Walker Elementary",92126
"27267",37,68338,6089064,3,2012,31,43.1030927835052,"Walker Elementary",92126
"27268",37,68338,6089064,3,2012,111,51.5,"Walker Elementary",92126
"27269",37,68338,6089064,4,2012,31,66.4672897196262,"Walker Elementary",92126
"27270",37,68338,6089064,4,2012,111,82.9512195121951,"Walker Elementary",92126
"27271",37,68338,6089064,5,2012,31,56.5928143712575,"Walker Elementary",92126
"27272",37,68338,6089064,5,2012,111,67.4923076923077,"Walker Elementary",92126
"27273",37,68338,6093256,2,2012,31,61.5,"Miller Elementary",92124
"27274",37,68338,6093256,2,2012,111,55,"Miller Elementary",92124
"27275",37,68338,6093256,3,2012,31,58.3217391304348,"Miller Elementary",92124
"27276",37,68338,6093256,3,2012,111,69.7441860465116,"Miller Elementary",92124
"27277",37,68338,6093256,4,2012,31,65.031007751938,"Miller Elementary",92124
"27278",37,68338,6093256,4,2012,111,78.4936708860759,"Miller Elementary",92124
"27279",37,68338,6093256,5,2012,31,45.9712918660287,"Miller Elementary",92124
"27280",37,68338,6093256,5,2012,111,55.07,"Miller Elementary",92124
"27281",37,68338,6096051,2,2012,31,51.5,"Hancock Elementary",92124
"27282",37,68338,6096051,2,2012,111,80,"Hancock Elementary",92124
"27283",37,68338,6096051,3,2012,31,65,"Hancock Elementary",92124
"27284",37,68338,6096051,3,2012,111,72.5,"Hancock Elementary",92124
"27285",37,68338,6096051,4,2012,31,69.4962962962963,"Hancock Elementary",92124
"27286",37,68338,6096051,4,2012,111,56,"Hancock Elementary",92124
"27287",37,68338,6096051,5,2012,31,65.3333333333333,"Hancock Elementary",92124
"27288",37,68338,6096051,5,2012,111,84.6263736263736,"Hancock Elementary",92124
"27289",37,68338,6096598,6,2012,31,62.1730769230769,"Standley Middle",92122
"27290",37,68338,6096598,6,2012,111,89.4971428571429,"Standley Middle",92122
"27291",37,68338,6096598,7,2012,31,63.4575471698113,"Standley Middle",92122
"27292",37,68338,6096598,7,2012,111,89.976,"Standley Middle",92122
"27293",37,68338,6096598,8,2012,31,68.2238805970149,"Standley Middle",92122
"27294",37,68338,6096598,8,2012,111,87.8499464094319,"Standley Middle",92122
"27295",37,68338,6096879,2,2012,31,61.5,"Dailard Elementary",92120
"27296",37,68338,6096879,2,2012,111,89.5,"Dailard Elementary",92120
"27297",37,68338,6096879,3,2012,31,67.5,"Dailard Elementary",92120
"27298",37,68338,6096879,3,2012,111,84.5,"Dailard Elementary",92120
"27299",37,68338,6096879,4,2012,31,58.093023255814,"Dailard Elementary",92120
"27300",37,68338,6096879,4,2012,111,94.5,"Dailard Elementary",92120
"27301",37,68338,6096879,5,2012,31,64.6666666666667,"Dailard Elementary",92120
"27302",37,68338,6096879,5,2012,111,91,"Dailard Elementary",92120
"27303",37,68338,6097844,6,2012,31,57.5369774919614,"Wangenheim Middle",92126
"27304",37,68338,6097844,6,2012,111,73.5378486055777,"Wangenheim Middle",92126
"27305",37,68338,6097844,7,2012,31,62.5,"Wangenheim Middle",92126
"27306",37,68338,6097844,7,2012,111,81.1056338028169,"Wangenheim Middle",92126
"27307",37,68338,6097844,8,2012,31,55.6318051575931,"Wangenheim Middle",92126
"27308",37,68338,6097844,8,2012,111,75.3976261127596,"Wangenheim Middle",92126
"27309",37,68338,6099055,2,2012,31,73,"Doyle Elementary",92122
"27310",37,68338,6099055,2,2012,111,88.5,"Doyle Elementary",92122
"27311",37,68338,6099055,3,2012,31,71.1780821917808,"Doyle Elementary",92122
"27312",37,68338,6099055,3,2012,111,77.5,"Doyle Elementary",92122
"27313",37,68338,6099055,4,2012,31,73.5,"Doyle Elementary",92122
"27314",37,68338,6099055,4,2012,111,82,"Doyle Elementary",92122
"27315",37,68338,6099055,5,2012,31,80.4225352112676,"Doyle Elementary",92122
"27316",37,68338,6099055,5,2012,111,78.6546762589928,"Doyle Elementary",92122
"27317",37,68338,6099063,6,2012,31,55.4181818181818,"Farb Middle",92124
"27318",37,68338,6099063,6,2012,111,67.7887323943662,"Farb Middle",92124
"27319",37,68338,6099063,7,2012,31,50.304347826087,"Farb Middle",92124
"27320",37,68338,6099063,7,2012,111,50.8292682926829,"Farb Middle",92124
"27321",37,68338,6099063,8,2012,31,46.3582417582418,"Farb Middle",92124
"27322",37,68338,6099063,8,2012,111,52.4626168224299,"Farb Middle",92124
"27323",37,68338,6099071,2,2012,111,92.9905213270142,"Jerabek Elementary",92131
"27324",37,68338,6099071,3,2012,111,82.5098039215686,"Jerabek Elementary",92131
"27325",37,68338,6099071,4,2012,111,87.9884393063584,"Jerabek Elementary",92131
"27326",37,68338,6099071,5,2012,111,88.6787878787879,"Jerabek Elementary",92131
"27327",37,68338,6099089,2,2012,31,61,"Vista Grande Elementary",92124
"27328",37,68338,6099089,2,2012,111,87,"Vista Grande Elementary",92124
"27329",37,68338,6099089,3,2012,31,72.6727272727273,"Vista Grande Elementary",92124
"27330",37,68338,6099089,3,2012,111,77.2923076923077,"Vista Grande Elementary",92124
"27331",37,68338,6099089,4,2012,31,92.5,"Vista Grande Elementary",92124
"27332",37,68338,6099089,4,2012,111,91,"Vista Grande Elementary",92124
"27333",37,68338,6099089,5,2012,31,82.99,"Vista Grande Elementary",92124
"27334",37,68338,6099089,5,2012,111,92,"Vista Grande Elementary",92124
"27335",37,68338,6106173,2,2012,31,44.5,"Bethune K-8",92114
"27336",37,68338,6106173,2,2012,111,75,"Bethune K-8",92114
"27337",37,68338,6106173,3,2012,31,67,"Bethune K-8",92114
"27338",37,68338,6106173,3,2012,111,85.5,"Bethune K-8",92114
"27339",37,68338,6106173,4,2012,31,55.5,"Bethune K-8",92114
"27340",37,68338,6106173,4,2012,111,89.5,"Bethune K-8",92114
"27341",37,68338,6106173,5,2012,31,58,"Bethune K-8",92114
"27342",37,68338,6106173,5,2012,111,72,"Bethune K-8",92114
"27343",37,68338,6106173,6,2012,31,52.5,"Bethune K-8",92114
"27344",37,68338,6106173,6,2012,111,76.5,"Bethune K-8",92114
"27345",37,68338,6106173,7,2012,31,51.301724137931,"Bethune K-8",92114
"27346",37,68338,6106173,7,2012,111,73.2089552238806,"Bethune K-8",92114
"27347",37,68338,6106173,8,2012,31,37.0416666666667,"Bethune K-8",92114
"27348",37,68338,6106173,8,2012,111,57.6296296296296,"Bethune K-8",92114
"27349",37,68338,6106181,6,2012,31,56.7265625,"De Portola Middle",92124
"27350",37,68338,6106181,6,2012,111,84.5,"De Portola Middle",92124
"27351",37,68338,6106181,7,2012,31,59.7014218009479,"De Portola Middle",92124
"27352",37,68338,6106181,7,2012,111,81.3698630136986,"De Portola Middle",92124
"27353",37,68338,6106181,8,2012,31,59.59963099631,"De Portola Middle",92124
"27354",37,68338,6106181,8,2012,111,81.4263803680982,"De Portola Middle",92124
"27355",37,68338,6106199,2,2012,31,56.5,"Zamorano Elementary",92139
"27356",37,68338,6106199,2,2012,111,72.5,"Zamorano Elementary",92139
"27357",37,68338,6106199,3,2012,31,63.9686411149826,"Zamorano Elementary",92139
"27358",37,68338,6106199,3,2012,111,78,"Zamorano Elementary",92139
"27359",37,68338,6106199,4,2012,31,59.9701492537313,"Zamorano Elementary",92139
"27360",37,68338,6106199,4,2012,111,77.5,"Zamorano Elementary",92139
"27361",37,68338,6106199,5,2012,31,71.6682577565632,"Zamorano Elementary",92139
"27362",37,68338,6106199,5,2012,111,74.5223880597015,"Zamorano Elementary",92139
"27363",37,68338,6107056,6,2012,31,72.5153583617747,"Challenger Middle",92126
"27364",37,68338,6107056,6,2012,111,85,"Challenger Middle",92126
"27365",37,68338,6107056,7,2012,31,74.5173745173745,"Challenger Middle",92126
"27366",37,68338,6107056,7,2012,111,88.2107969151671,"Challenger Middle",92126
"27367",37,68338,6107056,8,2012,31,69.497576736672,"Challenger Middle",92126
"27368",37,68338,6107056,8,2012,111,80.0507544581619,"Challenger Middle",92126
"27369",37,68338,6109599,2,2012,31,39.5,"Hage Elementary",92126
"27370",37,68338,6109599,2,2012,111,70,"Hage Elementary",92126
"27371",37,68338,6109599,3,2012,31,57,"Hage Elementary",92126
"27372",37,68338,6109599,3,2012,111,78.5,"Hage Elementary",92126
"27373",37,68338,6109599,4,2012,31,74.5,"Hage Elementary",92126
"27374",37,68338,6109599,4,2012,111,83.948905109489,"Hage Elementary",92126
"27375",37,68338,6109599,5,2012,31,60.7848101265823,"Hage Elementary",92126
"27376",37,68338,6109599,5,2012,111,77.3246073298429,"Hage Elementary",92126
"27377",37,68338,6112460,2,2012,111,94,"Kumeyaay Elementary",92124
"27378",37,68338,6112460,3,2012,31,45.5,"Kumeyaay Elementary",92124
"27379",37,68338,6112460,3,2012,111,79.9312977099237,"Kumeyaay Elementary",92124
"27380",37,68338,6112460,4,2012,31,82,"Kumeyaay Elementary",92124
"27381",37,68338,6112460,4,2012,111,93.5,"Kumeyaay Elementary",92124
"27382",37,68338,6112460,5,2012,31,73.027027027027,"Kumeyaay Elementary",92124
"27383",37,68338,6112460,5,2012,111,83.3372093023256,"Kumeyaay Elementary",92124
"27384",37,68338,6112478,2,2012,31,59,"Nye Elementary",92114
"27385",37,68338,6112478,2,2012,111,64.5,"Nye Elementary",92114
"27386",37,68338,6112478,3,2012,31,54,"Nye Elementary",92114
"27387",37,68338,6112478,3,2012,111,69,"Nye Elementary",92114
"27388",37,68338,6112478,4,2012,31,74.4527027027027,"Nye Elementary",92114
"27389",37,68338,6112478,4,2012,111,90.5,"Nye Elementary",92114
"27390",37,68338,6112478,5,2012,31,64.6717171717172,"Nye Elementary",92114
"27391",37,68338,6112478,5,2012,111,80.6626506024096,"Nye Elementary",92114
"27392",37,68338,6112726,2,2012,111,93.5,"Dingeman Elementary",92131
"27393",37,68338,6112726,3,2012,111,92.5,"Dingeman Elementary",92131
"27394",37,68338,6112726,4,2012,111,93.498127340824,"Dingeman Elementary",92131
"27395",37,68338,6112726,5,2012,111,94.3333333333333,"Dingeman Elementary",92131
"27396",37,68338,6113211,2,2012,31,26,"McGill School of Success",92102
"27397",37,68338,6113211,3,2012,31,51.551724137931,"McGill School of Success",92102
"27398",37,68338,6114060,6,2012,31,47.0048622366289,"Clark Middle",92105
"27399",37,68338,6114060,7,2012,31,48,"Clark Middle",92105
"27400",37,68338,6114060,8,2012,31,37.521002210759,"Clark Middle",92105
"27401",37,68338,6114292,2,2012,31,41,"Kimbrough Elementary",92102
"27402",37,68338,6114292,3,2012,31,59.5,"Kimbrough Elementary",92102
"27403",37,68338,6114292,4,2012,31,49,"Kimbrough Elementary",92102
"27404",37,68338,6114292,5,2012,31,69.3762057877813,"Kimbrough Elementary",92102
"27405",37,68338,6114300,2,2012,31,46,"Chavez Elementary",92113
"27406",37,68338,6114300,3,2012,31,45.7256097560976,"Chavez Elementary",92113
"27407",37,68338,6114300,4,2012,31,24.9889502762431,"Chavez Elementary",92113
"27408",37,68338,6114300,5,2012,31,46.8921161825726,"Chavez Elementary",92113
"27409",37,68338,6114300,6,2012,31,29.5,"Chavez Elementary",92113
"27410",37,68338,6114375,2,2012,31,50.5,"Rosa Parks Elementary",92105
"27411",37,68338,6114375,3,2012,31,42.4408602150538,"Rosa Parks Elementary",92105
"27412",37,68338,6114375,4,2012,31,55,"Rosa Parks Elementary",92105
"27413",37,68338,6114375,5,2012,31,54.9821882951654,"Rosa Parks Elementary",92105
"27414",37,68338,6115331,6,2012,31,51.9859154929577,"Marshall Middle",92131
"27415",37,68338,6115331,6,2012,111,88.9861910241657,"Marshall Middle",92131
"27416",37,68338,6115331,7,2012,31,65.5,"Marshall Middle",92131
"27417",37,68338,6115331,7,2012,111,86.2102065613609,"Marshall Middle",92131
"27418",37,68338,6115331,8,2012,31,63.7263157894737,"Marshall Middle",92131
"27419",37,68338,6115331,8,2012,111,87.3593179049939,"Marshall Middle",92131
"27420",37,68338,6115570,2,2012,111,67,"Museum",92103
"27421",37,68338,6115570,3,2012,111,65.5,"Museum",92103
"27422",37,68338,6115570,4,2012,111,82.5,"Museum",92103
"27423",37,68338,6115570,5,2012,111,70.3283582089552,"Museum",92103
"27424",37,68338,6115570,6,2012,111,62.5,"Museum",92103
"27425",37,68338,6115570,7,2012,111,75,"Museum",92103
"27426",37,68338,6119135,2,2012,111,92,"Scripps Elementary",92131
"27427",37,68338,6119135,3,2012,111,90.5,"Scripps Elementary",92131
"27428",37,68338,6119135,4,2012,111,92.5,"Scripps Elementary",92131
"27429",37,68338,6119135,5,2012,111,97,"Scripps Elementary",92131
"27430",37,68346,6059737,7,2012,31,50.9433962264151,"Oak Crest Middle",92024
"27431",37,68346,6059737,7,2012,111,85.4510948905109,"Oak Crest Middle",92024
"27432",37,68346,6059737,8,2012,31,59.0365853658537,"Oak Crest Middle",92024
"27433",37,68346,6059737,8,2012,111,87.2232866617539,"Oak Crest Middle",92024
"27434",37,68346,6104749,7,2012,31,48.0588235294118,"Diegueno Middle",92024
"27435",37,68346,6104749,7,2012,111,88.5078236130868,"Diegueno Middle",92024
"27436",37,68346,6104749,8,2012,31,58.5230769230769,"Diegueno Middle",92024
"27437",37,68346,6104749,8,2012,111,83.76,"Diegueno Middle",92024
"27438",37,68353,6040331,2,2012,31,25,"San Pasqual Union Elementary",92027
"27439",37,68353,6040331,2,2012,111,74,"San Pasqual Union Elementary",92027
"27440",37,68353,6040331,3,2012,111,72,"San Pasqual Union Elementary",92027
"27441",37,68353,6040331,4,2012,111,85.5,"San Pasqual Union Elementary",92027
"27442",37,68353,6040331,5,2012,31,33,"San Pasqual Union Elementary",92027
"27443",37,68353,6040331,5,2012,111,77,"San Pasqual Union Elementary",92027
"27444",37,68353,6040331,6,2012,111,83,"San Pasqual Union Elementary",92027
"27445",37,68353,6040331,7,2012,31,44,"San Pasqual Union Elementary",92027
"27446",37,68353,6040331,7,2012,111,81.5,"San Pasqual Union Elementary",92027
"27447",37,68353,6040331,8,2012,31,42.2771084337349,"San Pasqual Union Elementary",92027
"27448",37,68353,6040331,8,2012,111,73.3516483516484,"San Pasqual Union Elementary",92027
"27449",37,68361,6040349,2,2012,31,56.5,"Cajon Park Elementary",92071
"27450",37,68361,6040349,2,2012,111,90.5,"Cajon Park Elementary",92071
"27451",37,68361,6040349,3,2012,31,51.0704225352113,"Cajon Park Elementary",92071
"27452",37,68361,6040349,3,2012,111,77,"Cajon Park Elementary",92071
"27453",37,68361,6040349,4,2012,31,60,"Cajon Park Elementary",92071
"27454",37,68361,6040349,4,2012,111,79.5354838709677,"Cajon Park Elementary",92071
"27455",37,68361,6040349,5,2012,31,53.1413043478261,"Cajon Park Elementary",92071
"27456",37,68361,6040349,5,2012,111,83,"Cajon Park Elementary",92071
"27457",37,68361,6040349,6,2012,31,55.5,"Cajon Park Elementary",92071
"27458",37,68361,6040349,6,2012,111,78.0066225165563,"Cajon Park Elementary",92071
"27459",37,68361,6040349,7,2012,31,60.5,"Cajon Park Elementary",92071
"27460",37,68361,6040349,7,2012,111,74,"Cajon Park Elementary",92071
"27461",37,68361,6040349,8,2012,31,40.5925925925926,"Cajon Park Elementary",92071
"27462",37,68361,6040349,8,2012,111,62.8383458646617,"Cajon Park Elementary",92071
"27463",37,68361,6040356,2,2012,31,80.5,"Carlton Hills Elementary",92071
"27464",37,68361,6040356,2,2012,111,86,"Carlton Hills Elementary",92071
"27465",37,68361,6040356,3,2012,31,77.5,"Carlton Hills Elementary",92071
"27466",37,68361,6040356,3,2012,111,85.2571428571429,"Carlton Hills Elementary",92071
"27467",37,68361,6040356,4,2012,31,78.5090909090909,"Carlton Hills Elementary",92071
"27468",37,68361,6040356,4,2012,111,86,"Carlton Hills Elementary",92071
"27469",37,68361,6040356,5,2012,31,73,"Carlton Hills Elementary",92071
"27470",37,68361,6040356,5,2012,111,83.3333333333333,"Carlton Hills Elementary",92071
"27471",37,68361,6040356,6,2012,31,69.5,"Carlton Hills Elementary",92071
"27472",37,68361,6040356,6,2012,111,96,"Carlton Hills Elementary",92071
"27473",37,68361,6040356,7,2012,31,79.3731343283582,"Carlton Hills Elementary",92071
"27474",37,68361,6040356,7,2012,111,92.52,"Carlton Hills Elementary",92071
"27475",37,68361,6040356,8,2012,31,57.1428571428571,"Carlton Hills Elementary",92071
"27476",37,68361,6040356,8,2012,111,59.6893939393939,"Carlton Hills Elementary",92071
"27477",37,68361,6040372,2,2012,31,63,"Pepper Drive Elementary",92020
"27478",37,68361,6040372,2,2012,111,85.5,"Pepper Drive Elementary",92020
"27479",37,68361,6040372,3,2012,31,71.6263736263736,"Pepper Drive Elementary",92020
"27480",37,68361,6040372,3,2012,111,79.5,"Pepper Drive Elementary",92020
"27481",37,68361,6040372,4,2012,31,81,"Pepper Drive Elementary",92020
"27482",37,68361,6040372,4,2012,111,92.5,"Pepper Drive Elementary",92020
"27483",37,68361,6040372,5,2012,31,78.6914893617021,"Pepper Drive Elementary",92020
"27484",37,68361,6040372,5,2012,111,81,"Pepper Drive Elementary",92020
"27485",37,68361,6040372,6,2012,31,58.4025974025974,"Pepper Drive Elementary",92020
"27486",37,68361,6040372,6,2012,111,72,"Pepper Drive Elementary",92020
"27487",37,68361,6040372,7,2012,31,77,"Pepper Drive Elementary",92020
"27488",37,68361,6040372,7,2012,111,78.0909090909091,"Pepper Drive Elementary",92020
"27489",37,68361,6040372,8,2012,31,60.4971428571429,"Pepper Drive Elementary",92020
"27490",37,68361,6040372,8,2012,111,82.9810126582279,"Pepper Drive Elementary",92020
"27491",37,68361,6068159,2,2012,31,45,"Carlton Oaks Elementary",92071
"27492",37,68361,6068159,2,2012,111,68.9624060150376,"Carlton Oaks Elementary",92071
"27493",37,68361,6068159,3,2012,31,67.5,"Carlton Oaks Elementary",92071
"27494",37,68361,6068159,3,2012,111,83,"Carlton Oaks Elementary",92071
"27495",37,68361,6068159,4,2012,31,78.037037037037,"Carlton Oaks Elementary",92071
"27496",37,68361,6068159,4,2012,111,87,"Carlton Oaks Elementary",92071
"27497",37,68361,6068159,5,2012,31,61.7631578947368,"Carlton Oaks Elementary",92071
"27498",37,68361,6068159,5,2012,111,75,"Carlton Oaks Elementary",92071
"27499",37,68361,6068159,6,2012,31,60.5,"Carlton Oaks Elementary",92071
"27500",37,68361,6068159,6,2012,111,90.4525547445255,"Carlton Oaks Elementary",92071
"27501",37,68361,6068159,7,2012,31,70.4117647058823,"Carlton Oaks Elementary",92071
"27502",37,68361,6068159,7,2012,111,73.4429530201342,"Carlton Oaks Elementary",92071
"27503",37,68361,6068159,8,2012,31,55.4791666666667,"Carlton Oaks Elementary",92071
"27504",37,68361,6068159,8,2012,111,77.9761273209549,"Carlton Oaks Elementary",92071
"27505",37,68361,6085153,2,2012,31,72.5,"Rio Seco Elementary",92071
"27506",37,68361,6085153,2,2012,111,78,"Rio Seco Elementary",92071
"27507",37,68361,6085153,3,2012,31,68,"Rio Seco Elementary",92071
"27508",37,68361,6085153,3,2012,111,80.0451612903226,"Rio Seco Elementary",92071
"27509",37,68361,6085153,4,2012,31,78.5,"Rio Seco Elementary",92071
"27510",37,68361,6085153,4,2012,111,90.0344827586207,"Rio Seco Elementary",92071
"27511",37,68361,6085153,5,2012,31,64.3333333333333,"Rio Seco Elementary",92071
"27512",37,68361,6085153,5,2012,111,87.3121951219512,"Rio Seco Elementary",92071
"27513",37,68361,6085153,6,2012,31,70.3508771929825,"Rio Seco Elementary",92071
"27514",37,68361,6085153,6,2012,111,89.5116279069767,"Rio Seco Elementary",92071
"27515",37,68361,6085153,7,2012,31,61.5,"Rio Seco Elementary",92071
"27516",37,68361,6085153,7,2012,111,82.5,"Rio Seco Elementary",92071
"27517",37,68361,6085153,8,2012,31,52.0336134453782,"Rio Seco Elementary",92071
"27518",37,68361,6085153,8,2012,111,79.5110294117647,"Rio Seco Elementary",92071
"27519",37,68361,6085161,2,2012,31,47.5,"Hill Creek Elementary",92071
"27520",37,68361,6085161,2,2012,111,77,"Hill Creek Elementary",92071
"27521",37,68361,6085161,3,2012,31,61,"Hill Creek Elementary",92071
"27522",37,68361,6085161,3,2012,111,73.5,"Hill Creek Elementary",92071
"27523",37,68361,6085161,4,2012,31,68.5064935064935,"Hill Creek Elementary",92071
"27524",37,68361,6085161,4,2012,111,83.9462365591398,"Hill Creek Elementary",92071
"27525",37,68361,6085161,5,2012,31,67.6666666666667,"Hill Creek Elementary",92071
"27526",37,68361,6085161,5,2012,111,61.9605263157895,"Hill Creek Elementary",92071
"27527",37,68361,6085161,6,2012,31,63.5,"Hill Creek Elementary",92071
"27528",37,68361,6085161,6,2012,111,75.4859813084112,"Hill Creek Elementary",92071
"27529",37,68361,6085161,7,2012,31,67,"Hill Creek Elementary",92071
"27530",37,68361,6085161,7,2012,111,78.5108695652174,"Hill Creek Elementary",92071
"27531",37,68361,6085161,8,2012,31,55.7441860465116,"Hill Creek Elementary",92071
"27532",37,68361,6085161,8,2012,111,68.7929292929293,"Hill Creek Elementary",92071
"27533",37,68379,123000,2,2012,31,50.5,"Willow Elementary",92173
"27534",37,68379,123000,2,2012,111,66,"Willow Elementary",92173
"27535",37,68379,123000,3,2012,31,43.8952879581152,"Willow Elementary",92173
"27536",37,68379,123000,3,2012,111,36.5,"Willow Elementary",92173
"27537",37,68379,123000,4,2012,31,46.5,"Willow Elementary",92173
"27538",37,68379,123000,4,2012,111,53.5,"Willow Elementary",92173
"27539",37,68379,123000,5,2012,31,33.3333333333333,"Willow Elementary",92173
"27540",37,68379,123000,5,2012,111,61,"Willow Elementary",92173
"27541",37,68379,123000,6,2012,31,46.9796954314721,"Willow Elementary",92173
"27542",37,68379,123000,6,2012,111,61.5,"Willow Elementary",92173
"27543",37,68379,123000,7,2012,31,43,"Willow Elementary",92173
"27544",37,68379,123000,7,2012,111,54.7826086956522,"Willow Elementary",92173
"27545",37,68379,6085146,2,2012,31,67.4017094017094,"Smythe Elementary",92173
"27546",37,68379,6085146,2,2012,111,73.5,"Smythe Elementary",92173
"27547",37,68379,6085146,3,2012,31,52.5893719806763,"Smythe Elementary",92173
"27548",37,68379,6089007,4,2012,31,52.0171428571429,"La Mirada Elementary",92173
"27549",37,68379,6089007,4,2012,111,82.5,"La Mirada Elementary",92173
"27550",37,68379,6089007,5,2012,31,64.7103448275862,"La Mirada Elementary",92173
"27551",37,68379,6089007,6,2012,31,55,"La Mirada Elementary",92173
"27552",37,68379,6089007,6,2012,111,86.5,"La Mirada Elementary",92173
"27553",37,68379,6093264,2,2012,31,65.5,"Sunset Elementary",92173
"27554",37,68379,6093264,2,2012,111,82,"Sunset Elementary",92173
"27555",37,68379,6093264,3,2012,31,74.6966292134831,"Sunset Elementary",92173
"27556",37,68379,6093264,3,2012,111,81.3333333333333,"Sunset Elementary",92173
"27557",37,68379,6093264,4,2012,31,71.009009009009,"Sunset Elementary",92173
"27558",37,68379,6093264,4,2012,111,82,"Sunset Elementary",92173
"27559",37,68379,6093264,5,2012,31,42.5282392026578,"Sunset Elementary",92173
"27560",37,68379,6093264,5,2012,111,61.3333333333333,"Sunset Elementary",92173
"27561",37,68379,6093264,6,2012,31,93,"Sunset Elementary",92173
"27562",37,68379,6098453,7,2012,31,66.2808080808081,"San Ysidro Middle",92173
"27563",37,68379,6098453,7,2012,111,77.4339622641509,"San Ysidro Middle",92173
"27564",37,68379,6098453,8,2012,31,40.7892998678996,"San Ysidro Middle",92173
"27565",37,68379,6098453,8,2012,111,30.5105485232068,"San Ysidro Middle",92173
"27566",37,68387,105825,5,2012,111,93.3333333333333,"Solana Pacific Elementary",92130
"27567",37,68387,105825,6,2012,111,90.5,"Solana Pacific Elementary",92130
"27568",37,68387,6040455,2,2012,111,84.5,"Skyline Elementary",92075
"27569",37,68387,6040455,3,2012,111,80,"Skyline Elementary",92075
"27570",37,68387,6040455,4,2012,31,64,"Skyline Elementary",92075
"27571",37,68387,6040455,4,2012,111,91.0186046511628,"Skyline Elementary",92075
"27572",37,68387,6040455,5,2012,31,43.4838709677419,"Skyline Elementary",92075
"27573",37,68387,6040455,5,2012,111,91.6520146520147,"Skyline Elementary",92075
"27574",37,68387,6040455,6,2012,31,63,"Skyline Elementary",92075
"27575",37,68387,6040455,6,2012,111,92.5,"Skyline Elementary",92075
"27576",37,68387,6070882,2,2012,31,56,"Solana Vista Elementary",92075
"27577",37,68387,6070882,2,2012,111,88,"Solana Vista Elementary",92075
"27578",37,68387,6070882,3,2012,31,27,"Solana Vista Elementary",92075
"27579",37,68387,6070882,3,2012,111,86,"Solana Vista Elementary",92075
"27580",37,68387,6106140,2,2012,111,85.5,"Solana Highlands Elementary",92130
"27581",37,68387,6106140,3,2012,111,93.5,"Solana Highlands Elementary",92130
"27582",37,68387,6106140,4,2012,111,93,"Solana Highlands Elementary",92130
"27583",37,68387,6111181,2,2012,111,96,"Solana Santa Fe Elementary",92067
"27584",37,68387,6111181,3,2012,111,85,"Solana Santa Fe Elementary",92067
"27585",37,68387,6111181,4,2012,111,96.5172413793103,"Solana Santa Fe Elementary",92067
"27586",37,68387,6111181,5,2012,111,92.3333333333333,"Solana Santa Fe Elementary",92067
"27587",37,68387,6111181,6,2012,111,84,"Solana Santa Fe Elementary",92067
"27588",37,68387,6112353,2,2012,111,89.5,"Carmel Creek Elementary",92130
"27589",37,68387,6112353,3,2012,111,89,"Carmel Creek Elementary",92130
"27590",37,68387,6112353,4,2012,111,94.4885844748858,"Carmel Creek Elementary",92130
"27591",37,68395,6040471,2,2012,31,41.5,"Central Elementary",91932
"27592",37,68395,6040471,3,2012,31,44.8715596330275,"Central Elementary",91932
"27593",37,68395,6040471,4,2012,31,55.5,"Central Elementary",91932
"27594",37,68395,6040471,4,2012,111,50,"Central Elementary",91932
"27595",37,68395,6040471,5,2012,31,38.3119266055046,"Central Elementary",91932
"27596",37,68395,6040471,6,2012,31,47.4492753623188,"Central Elementary",91932
"27597",37,68395,6040471,6,2012,111,50,"Central Elementary",91932
"27598",37,68395,6040489,2,2012,31,64.5,"Emory Elementary",92154
"27599",37,68395,6040489,2,2012,111,73.5,"Emory Elementary",92154
"27600",37,68395,6040489,3,2012,31,60,"Emory Elementary",92154
"27601",37,68395,6040489,3,2012,111,69.5,"Emory Elementary",92154
"27602",37,68395,6040489,4,2012,31,61.015037593985,"Emory Elementary",92154
"27603",37,68395,6040489,4,2012,111,69.1111111111111,"Emory Elementary",92154
"27604",37,68395,6040489,5,2012,31,48.6666666666667,"Emory Elementary",92154
"27605",37,68395,6040489,5,2012,111,69.3333333333333,"Emory Elementary",92154
"27606",37,68395,6040489,6,2012,31,50.9440559440559,"Emory Elementary",92154
"27607",37,68395,6040489,6,2012,111,73.7868852459016,"Emory Elementary",92154
"27608",37,68395,6040521,2,2012,31,69.5,"Oneonta Elementary",91932
"27609",37,68395,6040521,3,2012,31,70.2087912087912,"Oneonta Elementary",91932
"27610",37,68395,6040521,4,2012,31,46.078431372549,"Oneonta Elementary",91932
"27611",37,68395,6040521,5,2012,31,44,"Oneonta Elementary",91932
"27612",37,68395,6040521,6,2012,31,42.5,"Oneonta Elementary",91932
"27613",37,68395,6040521,6,2012,111,61.9310344827586,"Oneonta Elementary",91932
"27614",37,68395,6040539,2,2012,31,53.5,"Sunnyslope Elementary",92154
"27615",37,68395,6040539,2,2012,111,58,"Sunnyslope Elementary",92154
"27616",37,68395,6040539,3,2012,31,37,"Sunnyslope Elementary",92154
"27617",37,68395,6040539,3,2012,111,46.5,"Sunnyslope Elementary",92154
"27618",37,68395,6040539,4,2012,31,35.984375,"Sunnyslope Elementary",92154
"27619",37,68395,6040539,5,2012,31,48.2757009345794,"Sunnyslope Elementary",92154
"27620",37,68395,6040539,5,2012,111,44.3333333333333,"Sunnyslope Elementary",92154
"27621",37,68395,6040539,6,2012,31,52.9851851851852,"Sunnyslope Elementary",92154
"27622",37,68411,111831,9,2012,31,61.5386740331492,"Olympian High",91913
"27623",37,68411,111831,9,2012,111,77.8975903614458,"Olympian High",91913
"27624",37,68411,111831,10,2012,31,49.5329428989751,"Olympian High",91913
"27625",37,68411,111831,10,2012,111,66.8192944564435,"Olympian High",91913
"27626",37,68411,111831,11,2012,31,45.9459016393443,"Olympian High",91913
"27627",37,68411,111831,11,2012,111,56.34375,"Olympian High",91913
"27628",37,68411,3730124,9,2012,31,31.2825484764543,"Southwest Senior High",92154
"27629",37,68411,3730124,9,2012,111,46.208,"Southwest Senior High",92154
"27630",37,68411,3730124,10,2012,31,28.0870113493064,"Southwest Senior High",92154
"27631",37,68411,3730124,10,2012,111,45.1892430278884,"Southwest Senior High",92154
"27632",37,68411,3730124,11,2012,31,30.3467811158798,"Southwest Senior High",92154
"27633",37,68411,3730124,11,2012,111,38.36,"Southwest Senior High",92154
"27634",37,68411,3730405,9,2012,31,58.0178041543027,"Bonita Vista Senior High",91913
"27635",37,68411,3730405,9,2012,111,70.3173431734317,"Bonita Vista Senior High",91913
"27636",37,68411,3730405,10,2012,31,52.21926910299,"Bonita Vista Senior High",91913
"27637",37,68411,3730405,10,2012,111,64.4163113006397,"Bonita Vista Senior High",91913
"27638",37,68411,3730405,11,2012,31,54.0833333333333,"Bonita Vista Senior High",91913
"27639",37,68411,3730405,11,2012,111,62.3971631205674,"Bonita Vista Senior High",91913
"27640",37,68411,3730801,9,2012,31,45.5885780885781,"Castle Park Senior High",91911
"27641",37,68411,3730801,9,2012,111,48.1553784860558,"Castle Park Senior High",91911
"27642",37,68411,3730801,10,2012,31,33.6760466712423,"Castle Park Senior High",91911
"27643",37,68411,3730801,10,2012,111,34.9941176470588,"Castle Park Senior High",91911
"27644",37,68411,3730801,11,2012,31,34.4880478087649,"Castle Park Senior High",91911
"27645",37,68411,3730801,11,2012,111,35.019801980198,"Castle Park Senior High",91911
"27646",37,68411,3730843,9,2012,31,53.7946859903382,"Eastlake High",91915
"27647",37,68411,3730843,9,2012,111,70.9089159717768,"Eastlake High",91915
"27648",37,68411,3730843,10,2012,31,46.7750865051903,"Eastlake High",91915
"27649",37,68411,3730843,10,2012,111,63.5982468955442,"Eastlake High",91915
"27650",37,68411,3730843,11,2012,31,57.4385150812065,"Eastlake High",91915
"27651",37,68411,3730843,11,2012,111,63.218070273285,"Eastlake High",91915
"27652",37,68411,3731064,9,2012,31,37.9881812212738,"Chula Vista Senior High",91911
"27653",37,68411,3731064,9,2012,111,42.3257575757576,"Chula Vista Senior High",91911
"27654",37,68411,3731064,10,2012,31,33.0429874077291,"Chula Vista Senior High",91911
"27655",37,68411,3731064,10,2012,111,42.656798245614,"Chula Vista Senior High",91911
"27656",37,68411,3731064,11,2012,31,36.6733466933868,"Chula Vista Senior High",91911
"27657",37,68411,3731064,11,2012,111,36.046875,"Chula Vista Senior High",91911
"27658",37,68411,3731155,7,2012,31,34.1702127659574,"Options Secondary",91911
"27659",37,68411,3731155,7,2012,111,41.5,"Options Secondary",91911
"27660",37,68411,3731155,8,2012,31,28.3620689655172,"Options Secondary",91911
"27661",37,68411,3731155,8,2012,111,53.8058252427184,"Options Secondary",91911
"27662",37,68411,3731155,9,2012,31,7.5,"Options Secondary",91911
"27663",37,68411,3731155,9,2012,111,40.1451612903226,"Options Secondary",91911
"27664",37,68411,3731155,10,2012,31,28.669014084507,"Options Secondary",91911
"27665",37,68411,3731155,10,2012,111,37.1094890510949,"Options Secondary",91911
"27666",37,68411,3731155,11,2012,31,47.98,"Options Secondary",91911
"27667",37,68411,3731155,11,2012,111,40.6949152542373,"Options Secondary",91911
"27668",37,68411,3731304,10,2012,31,0,"MAAC Community Charter",91911
"27669",37,68411,3731304,11,2012,31,2.4921875,"MAAC Community Charter",91911
"27670",37,68411,3731304,11,2012,111,9,"MAAC Community Charter",91911
"27671",37,68411,3731460,9,2012,111,7,"Alta Vista Academy",91911
"27672",37,68411,3731460,10,2012,111,0,"Alta Vista Academy",91911
"27673",37,68411,3731502,9,2012,31,33.6323751891074,"San Ysidro High",92154
"27674",37,68411,3731502,9,2012,111,54.5826446280992,"San Ysidro High",92154
"27675",37,68411,3731502,10,2012,31,34.6142517814727,"San Ysidro High",92154
"27676",37,68411,3731502,10,2012,111,45.8766233766234,"San Ysidro High",92154
"27677",37,68411,3731502,11,2012,31,37.3827692307692,"San Ysidro High",92154
"27678",37,68411,3731502,11,2012,111,47.275974025974,"San Ysidro High",92154
"27679",37,68411,3731627,9,2012,31,48.8848484848485,"Otay Ranch Senior High",91913
"27680",37,68411,3731627,9,2012,111,69.0961002785515,"Otay Ranch Senior High",91913
"27681",37,68411,3731627,10,2012,31,44.1174289245983,"Otay Ranch Senior High",91913
"27682",37,68411,3731627,10,2012,111,59.6084189916789,"Otay Ranch Senior High",91913
"27683",37,68411,3731627,11,2012,31,45.3265895953757,"Otay Ranch Senior High",91913
"27684",37,68411,3731627,11,2012,111,58.4945255474453,"Otay Ranch Senior High",91913
"27685",37,68411,3732849,9,2012,31,46.8664259927798,"Hilltop Senior High",91910
"27686",37,68411,3732849,9,2012,111,61.256480218281,"Hilltop Senior High",91910
"27687",37,68411,3732849,10,2012,31,42.978595890411,"Hilltop Senior High",91910
"27688",37,68411,3732849,10,2012,111,52.3834048640916,"Hilltop Senior High",91910
"27689",37,68411,3732849,11,2012,31,44.2311621966794,"Hilltop Senior High",91910
"27690",37,68411,3732849,11,2012,111,47.2444208289054,"Hilltop Senior High",91910
"27691",37,68411,3733953,9,2012,31,40.6453576864536,"Mar Vista Senior High",91932
"27692",37,68411,3733953,9,2012,111,58.530303030303,"Mar Vista Senior High",91932
"27693",37,68411,3733953,10,2012,31,33.0716417910448,"Mar Vista Senior High",91932
"27694",37,68411,3733953,10,2012,111,46.952296819788,"Mar Vista Senior High",91932
"27695",37,68411,3733953,11,2012,31,31.5058685446009,"Mar Vista Senior High",91932
"27696",37,68411,3733953,11,2012,111,43.7818696883853,"Mar Vista Senior High",91932
"27697",37,68411,3738226,9,2012,31,51.5014691478942,"Sweetwater High",91950
"27698",37,68411,3738226,9,2012,111,59.0357142857143,"Sweetwater High",91950
"27699",37,68411,3738226,10,2012,31,44.9690756302521,"Sweetwater High",91950
"27700",37,68411,3738226,10,2012,111,64.4710017574692,"Sweetwater High",91950
"27701",37,68411,3738226,11,2012,31,44.4672801635992,"Sweetwater High",91950
"27702",37,68411,3738226,11,2012,111,51.07,"Sweetwater High",91950
"27703",37,68411,3738234,9,2012,31,41.8616891064871,"Montgomery Senior High",92154
"27704",37,68411,3738234,9,2012,111,57.7057220708447,"Montgomery Senior High",92154
"27705",37,68411,3738234,10,2012,31,35.5232358003442,"Montgomery Senior High",92154
"27706",37,68411,3738234,10,2012,111,44.8816666666667,"Montgomery Senior High",92154
"27707",37,68411,3738234,11,2012,31,31.3159509202454,"Montgomery Senior High",92154
"27708",37,68411,3738234,11,2012,111,33.4371584699454,"Montgomery Senior High",92154
"27709",37,68411,6059745,7,2012,31,59.04,"Bonita Vista Middle",91910
"27710",37,68411,6059745,7,2012,111,75.980122324159,"Bonita Vista Middle",91910
"27711",37,68411,6059745,8,2012,31,57.4226646248086,"Bonita Vista Middle",91910
"27712",37,68411,6059745,8,2012,111,72.2276812462552,"Bonita Vista Middle",91910
"27713",37,68411,6059752,7,2012,31,44.6267029972752,"Castle Park Middle",91911
"27714",37,68411,6059752,7,2012,111,56.0495867768595,"Castle Park Middle",91911
"27715",37,68411,6059752,8,2012,31,50.8095525997582,"Castle Park Middle",91911
"27716",37,68411,6059752,8,2012,111,65.7490774907749,"Castle Park Middle",91911
"27717",37,68411,6059760,7,2012,31,43.8923512747875,"Chula Vista Middle",91910
"27718",37,68411,6059760,7,2012,111,57.9221556886228,"Chula Vista Middle",91910
"27719",37,68411,6059760,8,2012,31,41.5297297297297,"Chula Vista Middle",91910
"27720",37,68411,6059760,8,2012,111,56.9710424710425,"Chula Vista Middle",91910
"27721",37,68411,6059778,7,2012,31,64.887417218543,"Granger Junior High",91950
"27722",37,68411,6059778,7,2012,111,73.25,"Granger Junior High",91950
"27723",37,68411,6059778,8,2012,31,57.361581920904,"Granger Junior High",91950
"27724",37,68411,6059778,8,2012,111,73.276,"Granger Junior High",91950
"27725",37,68411,6059778,9,2012,31,52.6369863013699,"Granger Junior High",91950
"27726",37,68411,6059778,9,2012,111,66.7204968944099,"Granger Junior High",91950
"27727",37,68411,6059794,7,2012,31,53.1328671328671,"National City Middle",91950
"27728",37,68411,6059794,7,2012,111,77,"National City Middle",91950
"27729",37,68411,6059794,8,2012,31,57.6471615720524,"National City Middle",91950
"27730",37,68411,6059794,8,2012,111,87.2156862745098,"National City Middle",91950
"27731",37,68411,6062004,7,2012,31,55.1777378815081,"Hilltop Middle",91910
"27732",37,68411,6062004,7,2012,111,72.9024943310658,"Hilltop Middle",91910
"27733",37,68411,6062004,8,2012,31,49.8884955752212,"Hilltop Middle",91910
"27734",37,68411,6062004,8,2012,111,63.4070473876063,"Hilltop Middle",91910
"27735",37,68411,6062012,7,2012,31,32.6885593220339,"Southwest Middle",92154
"27736",37,68411,6062012,7,2012,111,47.8333333333333,"Southwest Middle",92154
"27737",37,68411,6062012,8,2012,31,42.7714285714286,"Southwest Middle",92154
"27738",37,68411,6062012,8,2012,111,50.7289156626506,"Southwest Middle",92154
"27739",37,68411,6070890,7,2012,31,45.202614379085,"Montgomery Middle",92154
"27740",37,68411,6070890,7,2012,111,54.3571428571429,"Montgomery Middle",92154
"27741",37,68411,6070890,8,2012,31,44.4681042228212,"Montgomery Middle",92154
"27742",37,68411,6070890,8,2012,111,58.7139175257732,"Montgomery Middle",92154
"27743",37,68411,6114276,7,2012,31,66.5,"Rancho del Rey Middle",91910
"27744",37,68411,6114276,7,2012,111,82.9198198198198,"Rancho del Rey Middle",91910
"27745",37,68411,6114276,8,2012,31,59.0641562064156,"Rancho del Rey Middle",91910
"27746",37,68411,6114276,8,2012,111,78.3915662650602,"Rancho del Rey Middle",91910
"27747",37,68411,6120968,7,2012,31,60.0068259385665,"Eastlake Middle",91914
"27748",37,68411,6120968,7,2012,111,81.327868852459,"Eastlake Middle",91914
"27749",37,68411,6120968,8,2012,31,60.8643790849673,"Eastlake Middle",91914
"27750",37,68411,6120968,8,2012,111,80.6579163248564,"Eastlake Middle",91914
"27751",37,68437,6040562,2,2012,31,83,"Vallecitos Elementary",92028
"27752",37,68437,6040562,3,2012,31,47,"Vallecitos Elementary",92028
"27753",37,68437,6040562,4,2012,31,83,"Vallecitos Elementary",92028
"27754",37,68437,6040562,5,2012,31,26.2941176470588,"Vallecitos Elementary",92028
"27755",37,68437,6040562,6,2012,31,42,"Vallecitos Elementary",92028
"27756",37,68437,6040562,7,2012,31,93,"Vallecitos Elementary",92028
"27757",37,68437,6040562,8,2012,31,70.25,"Vallecitos Elementary",92028
"27758",37,68452,105882,2,2012,31,35.4816753926702,"Foothill Oak Elementary",92084
"27759",37,68452,105882,3,2012,31,36.940119760479,"Foothill Oak Elementary",92084
"27760",37,68452,105882,4,2012,31,61.5093167701863,"Foothill Oak Elementary",92084
"27761",37,68452,105882,5,2012,31,44.7349397590361,"Foothill Oak Elementary",92084
"27762",37,68452,106120,11,2012,31,8.5,"SIATech",92056
"27763",37,68452,111237,2,2012,31,51,"Maryland Elementary",92084
"27764",37,68452,111237,3,2012,31,46.6081871345029,"Maryland Elementary",92084
"27765",37,68452,111237,4,2012,31,44.527950310559,"Maryland Elementary",92084
"27766",37,68452,114264,9,2012,31,20,"North County Trade Tech High",92083
"27767",37,68452,114264,10,2012,31,29.987012987013,"North County Trade Tech High",92083
"27768",37,68452,114264,11,2012,31,42,"North County Trade Tech High",92083
"27769",37,68452,114264,11,2012,111,59.5,"North County Trade Tech High",92083
"27770",37,68452,124917,10,2012,111,22.710843373494,"Guajome Learning Center",92083
"27771",37,68452,124917,11,2012,31,27,"Guajome Learning Center",92083
"27772",37,68452,124917,11,2012,111,55.063829787234,"Guajome Learning Center",92083
"27773",37,68452,3730942,6,2012,31,46.5,"Guajome Park Academy Charter",92083
"27774",37,68452,3730942,6,2012,111,75.5,"Guajome Park Academy Charter",92083
"27775",37,68452,3730942,7,2012,31,50.5,"Guajome Park Academy Charter",92083
"27776",37,68452,3730942,7,2012,111,71.5585106382979,"Guajome Park Academy Charter",92083
"27777",37,68452,3730942,8,2012,31,66.1875,"Guajome Park Academy Charter",92083
"27778",37,68452,3730942,8,2012,111,77.8711790393013,"Guajome Park Academy Charter",92083
"27779",37,68452,3730942,9,2012,31,48.3821656050955,"Guajome Park Academy Charter",92083
"27780",37,68452,3730942,9,2012,111,71.3534136546185,"Guajome Park Academy Charter",92083
"27781",37,68452,3730942,10,2012,31,57.0087719298246,"Guajome Park Academy Charter",92083
"27782",37,68452,3730942,10,2012,111,68.6444444444444,"Guajome Park Academy Charter",92083
"27783",37,68452,3730942,11,2012,31,39.5702479338843,"Guajome Park Academy Charter",92083
"27784",37,68452,3730942,11,2012,111,63.6682692307692,"Guajome Park Academy Charter",92083
"27785",37,68452,3738705,9,2012,31,33.4069877242682,"Vista High",92084
"27786",37,68452,3738705,9,2012,111,61.2890410958904,"Vista High",92084
"27787",37,68452,3738705,10,2012,31,28.5188802083333,"Vista High",92084
"27788",37,68452,3738705,10,2012,111,58.253486464315,"Vista High",92084
"27789",37,68452,3738705,11,2012,31,33.343956043956,"Vista High",92084
"27790",37,68452,3738705,11,2012,111,57.8338624338624,"Vista High",92084
"27791",37,68452,6040588,2,2012,31,42,"Beaumont Elementary",92084
"27792",37,68452,6040588,2,2012,111,64,"Beaumont Elementary",92084
"27793",37,68452,6040588,3,2012,31,32.5,"Beaumont Elementary",92084
"27794",37,68452,6040588,3,2012,111,67,"Beaumont Elementary",92084
"27795",37,68452,6040588,4,2012,31,54.5,"Beaumont Elementary",92084
"27796",37,68452,6040588,4,2012,111,77.5,"Beaumont Elementary",92084
"27797",37,68452,6040588,5,2012,31,38.3092783505155,"Beaumont Elementary",92084
"27798",37,68452,6040588,5,2012,111,65.6567164179104,"Beaumont Elementary",92084
"27799",37,68452,6040638,2,2012,31,41.5,"Monte Vista Elementary",92084
"27800",37,68452,6040638,2,2012,111,61,"Monte Vista Elementary",92084
"27801",37,68452,6040638,3,2012,31,49.2920353982301,"Monte Vista Elementary",92084
"27802",37,68452,6040638,3,2012,111,74.1692307692308,"Monte Vista Elementary",92084
"27803",37,68452,6040638,4,2012,31,62.5137614678899,"Monte Vista Elementary",92084
"27804",37,68452,6040638,4,2012,111,77.4776119402985,"Monte Vista Elementary",92084
"27805",37,68452,6040638,5,2012,31,38,"Monte Vista Elementary",92084
"27806",37,68452,6040638,5,2012,111,81.9431818181818,"Monte Vista Elementary",92084
"27807",37,68452,6059802,6,2012,31,53.1279620853081,"Rancho Minerva Middle",92084
"27808",37,68452,6059802,6,2012,111,72.7835051546392,"Rancho Minerva Middle",92084
"27809",37,68452,6059802,7,2012,31,51.0292397660819,"Rancho Minerva Middle",92084
"27810",37,68452,6059802,7,2012,111,72.5,"Rancho Minerva Middle",92084
"27811",37,68452,6059802,8,2012,31,39.1875,"Rancho Minerva Middle",92084
"27812",37,68452,6059802,8,2012,111,67.6756756756757,"Rancho Minerva Middle",92084
"27813",37,73551,113498,2,2012,31,53,"Poinsettia Elementary",92009
"27814",37,73551,113498,2,2012,111,90.5037037037037,"Poinsettia Elementary",92009
"27815",37,73551,113498,3,2012,31,38.5,"Poinsettia Elementary",92009
"27816",37,73551,113498,3,2012,111,74.9530201342282,"Poinsettia Elementary",92009
"27817",37,73551,113498,4,2012,31,64.6222222222222,"Poinsettia Elementary",92009
"27818",37,73551,113498,4,2012,111,91,"Poinsettia Elementary",92009
"27819",37,73551,113498,5,2012,31,43.3333333333333,"Poinsettia Elementary",92009
"27820",37,73551,113498,5,2012,111,78.3333333333333,"Poinsettia Elementary",92009
"27821",37,73551,6109201,2,2012,111,96.5,"Aviara Oaks Elementary",92009
"27822",37,73551,6109201,3,2012,31,50.3888888888889,"Aviara Oaks Elementary",92009
"27823",37,73551,6109201,3,2012,111,88.5,"Aviara Oaks Elementary",92009
"27824",37,73551,6109201,4,2012,31,82,"Aviara Oaks Elementary",92009
"27825",37,73551,6109201,4,2012,111,96,"Aviara Oaks Elementary",92009
"27826",37,73551,6109201,5,2012,31,69,"Aviara Oaks Elementary",92009
"27827",37,73551,6109201,5,2012,111,96.6648351648352,"Aviara Oaks Elementary",92009
"27828",37,73551,6116578,2,2012,31,91.5,"Pacific Rim Elementary",92009
"27829",37,73551,6116578,2,2012,111,94.5,"Pacific Rim Elementary",92009
"27830",37,73551,6116578,3,2012,111,91.4678571428571,"Pacific Rim Elementary",92009
"27831",37,73551,6116578,4,2012,111,96.5037593984962,"Pacific Rim Elementary",92009
"27832",37,73551,6116578,5,2012,111,96.997461928934,"Pacific Rim Elementary",92009
"27833",37,73569,113514,2,2012,31,57.5,"Louise Foussat Elementary",92058
"27834",37,73569,113514,2,2012,111,74,"Louise Foussat Elementary",92058
"27835",37,73569,113514,3,2012,31,57.7515527950311,"Louise Foussat Elementary",92058
"27836",37,73569,113514,3,2012,111,74.5,"Louise Foussat Elementary",92058
"27837",37,73569,113514,4,2012,31,69.53125,"Louise Foussat Elementary",92058
"27838",37,73569,113514,4,2012,111,75.4155844155844,"Louise Foussat Elementary",92058
"27839",37,73569,113514,5,2012,31,65.3333333333333,"Louise Foussat Elementary",92058
"27840",37,73569,113514,5,2012,111,80,"Louise Foussat Elementary",92058
"27841",37,73569,113522,6,2012,31,46.9763313609467,"Cesar Chavez Middle",92057
"27842",37,73569,113522,6,2012,111,67.4770642201835,"Cesar Chavez Middle",92057
"27843",37,73569,113522,7,2012,31,52.5100864553314,"Cesar Chavez Middle",92057
"27844",37,73569,113522,7,2012,111,59.9032258064516,"Cesar Chavez Middle",92057
"27845",37,73569,113522,8,2012,31,47.8545953360768,"Cesar Chavez Middle",92057
"27846",37,73569,113522,8,2012,111,67.7831325301205,"Cesar Chavez Middle",92057
"27847",37,73569,3731221,7,2012,31,41,"Pacific View Charter",92056
"27848",37,73569,3731221,9,2012,31,39.2976190476191,"Pacific View Charter",92056
"27849",37,73569,3731221,9,2012,111,42.1538461538462,"Pacific View Charter",92056
"27850",37,73569,3731221,10,2012,31,16.5855263157895,"Pacific View Charter",92056
"27851",37,73569,3731221,10,2012,111,28.3892617449664,"Pacific View Charter",92056
"27852",37,73569,3731221,11,2012,31,24.0032786885246,"Pacific View Charter",92056
"27853",37,73569,3731221,11,2012,111,28.8248587570621,"Pacific View Charter",92056
"27854",37,73569,3735206,9,2012,31,48.1341795104261,"Oceanside High",92054
"27855",37,73569,3735206,9,2012,111,63.469387755102,"Oceanside High",92054
"27856",37,73569,3735206,10,2012,31,36.9075691411936,"Oceanside High",92054
"27857",37,73569,3735206,10,2012,111,53.4684014869888,"Oceanside High",92054
"27858",37,73569,3735206,11,2012,31,38.4719764011799,"Oceanside High",92054
"27859",37,73569,3735206,11,2012,111,46.4363103953148,"Oceanside High",92054
"27860",37,73569,3739018,9,2012,31,46.9380717804363,"El Camino High",92057
"27861",37,73569,3739018,9,2012,111,68.5423728813559,"El Camino High",92057
"27862",37,73569,3739018,10,2012,31,31.3724756918474,"El Camino High",92057
"27863",37,73569,3739018,10,2012,111,50.5163934426229,"El Camino High",92057
"27864",37,73569,3739018,11,2012,31,35.8123107971746,"El Camino High",92057
"27865",37,73569,3739018,11,2012,111,56.2907749077491,"El Camino High",92057
"27866",37,73569,6038855,2,2012,31,44,"Libby Elementary",92057
"27867",37,73569,6038855,3,2012,31,39.0719424460432,"Libby Elementary",92057
"27868",37,73569,6038855,4,2012,31,61.6153846153846,"Libby Elementary",92057
"27869",37,73569,6038855,5,2012,31,58.1969696969697,"Libby Elementary",92057
"27870",37,73569,6038863,6,2012,31,41.961038961039,"Lincoln Middle",92054
"27871",37,73569,6038863,6,2012,111,81,"Lincoln Middle",92054
"27872",37,73569,6038863,7,2012,31,41.7384196185286,"Lincoln Middle",92054
"27873",37,73569,6038863,7,2012,111,76.6763005780347,"Lincoln Middle",92054
"27874",37,73569,6038863,8,2012,31,32.1475,"Lincoln Middle",92054
"27875",37,73569,6038863,8,2012,111,62.4941860465116,"Lincoln Middle",92054
"27876",37,73569,6038871,2,2012,31,44.5,"Mission Elementary",92058
"27877",37,73569,6038871,3,2012,31,31.0807453416149,"Mission Elementary",92058
"27878",37,73569,6038871,4,2012,31,47.5,"Mission Elementary",92058
"27879",37,73569,6038871,5,2012,31,42.3333333333333,"Mission Elementary",92058
"27880",37,73569,6038897,2,2012,31,68.5,"Palmquist Elementary",92054
"27881",37,73569,6038897,2,2012,111,88.5,"Palmquist Elementary",92054
"27882",37,73569,6038897,3,2012,31,60.3783783783784,"Palmquist Elementary",92054
"27883",37,73569,6038897,3,2012,111,85,"Palmquist Elementary",92054
"27884",37,73569,6038897,4,2012,31,74,"Palmquist Elementary",92054
"27885",37,73569,6038897,4,2012,111,91,"Palmquist Elementary",92054
"27886",37,73569,6038897,5,2012,31,57.6754966887417,"Palmquist Elementary",92054
"27887",37,73569,6038897,5,2012,111,78.3333333333333,"Palmquist Elementary",92054
"27888",37,73569,6038905,2,2012,31,34,"San Luis Rey Elementary",92054
"27889",37,73569,6038905,2,2012,111,62,"San Luis Rey Elementary",92054
"27890",37,73569,6038905,3,2012,31,46.847619047619,"San Luis Rey Elementary",92054
"27891",37,73569,6038905,3,2012,111,55.5,"San Luis Rey Elementary",92054
"27892",37,73569,6038905,4,2012,31,50.9139784946237,"San Luis Rey Elementary",92054
"27893",37,73569,6038905,4,2012,111,60.5,"San Luis Rey Elementary",92054
"27894",37,73569,6038905,5,2012,31,34.8089171974522,"San Luis Rey Elementary",92054
"27895",37,73569,6038905,5,2012,111,74.6666666666667,"San Luis Rey Elementary",92054
"27896",37,73569,6038913,3,2012,31,44.5,"Santa Margarita Elementary",92058
"27897",37,73569,6038913,3,2012,111,55.352380952381,"Santa Margarita Elementary",92058
"27898",37,73569,6038913,4,2012,31,55.978021978022,"Santa Margarita Elementary",92058
"27899",37,73569,6038913,4,2012,111,62.2638888888889,"Santa Margarita Elementary",92058
"27900",37,73569,6038913,5,2012,31,62.6458333333333,"Santa Margarita Elementary",92058
"27901",37,73569,6038913,5,2012,111,69.6,"Santa Margarita Elementary",92058
"27902",37,73569,6038921,2,2012,31,54.5,"South Oceanside Elementary",92054
"27903",37,73569,6038921,2,2012,111,88.5,"South Oceanside Elementary",92054
"27904",37,73569,6038921,3,2012,31,49.5639097744361,"South Oceanside Elementary",92054
"27905",37,73569,6038921,3,2012,111,75.7543859649123,"South Oceanside Elementary",92054
"27906",37,73569,6038921,4,2012,31,54.0327868852459,"South Oceanside Elementary",92054
"27907",37,73569,6038921,4,2012,111,76.5205479452055,"South Oceanside Elementary",92054
"27908",37,73569,6038921,5,2012,31,58.5377777777778,"South Oceanside Elementary",92054
"27909",37,73569,6038921,5,2012,111,73.5757575757576,"South Oceanside Elementary",92054
"27910",37,73569,6088991,2,2012,31,35.5,"Del Rio Elementary",92057
"27911",37,73569,6088991,3,2012,31,41.3488372093023,"Del Rio Elementary",92057
"27912",37,73569,6088991,3,2012,111,54.2285714285714,"Del Rio Elementary",92057
"27913",37,73569,6088991,4,2012,31,58.0366972477064,"Del Rio Elementary",92057
"27914",37,73569,6088991,5,2012,31,36.6775700934579,"Del Rio Elementary",92057
"27915",37,73569,6088991,5,2012,111,58.3333333333333,"Del Rio Elementary",92057
"27916",37,73569,6106546,2,2012,31,47,"Reynolds Elementary",92057
"27917",37,73569,6106546,2,2012,111,71.5,"Reynolds Elementary",92057
"27918",37,73569,6106546,3,2012,31,33.5,"Reynolds Elementary",92057
"27919",37,73569,6106546,3,2012,111,49.7205882352941,"Reynolds Elementary",92057
"27920",37,73569,6106546,4,2012,31,44.5,"Reynolds Elementary",92057
"27921",37,73569,6106546,4,2012,111,73.5,"Reynolds Elementary",92057
"27922",37,73569,6106546,5,2012,31,52.6359223300971,"Reynolds Elementary",92057
"27923",37,73569,6106546,5,2012,111,76.3265306122449,"Reynolds Elementary",92057
"27924",37,73569,6108211,2,2012,31,57,"Christa McAuliffe Elementary",92056
"27925",37,73569,6108211,2,2012,111,75,"Christa McAuliffe Elementary",92056
"27926",37,73569,6108211,3,2012,31,53,"Christa McAuliffe Elementary",92056
"27927",37,73569,6108211,3,2012,111,77,"Christa McAuliffe Elementary",92056
"27928",37,73569,6108211,4,2012,31,63,"Christa McAuliffe Elementary",92056
"27929",37,73569,6108211,4,2012,111,82,"Christa McAuliffe Elementary",92056
"27930",37,73569,6108211,5,2012,31,53.3333333333333,"Christa McAuliffe Elementary",92056
"27931",37,73569,6108211,5,2012,111,88,"Christa McAuliffe Elementary",92056
"27932",37,73569,6109995,2,2012,31,63.5,"Ivey Ranch Elementary",92057
"27933",37,73569,6109995,2,2012,111,83.5,"Ivey Ranch Elementary",92057
"27934",37,73569,6109995,3,2012,31,60.6296296296296,"Ivey Ranch Elementary",92057
"27935",37,73569,6109995,3,2012,111,80.5,"Ivey Ranch Elementary",92057
"27936",37,73569,6109995,4,2012,31,73.0561797752809,"Ivey Ranch Elementary",92057
"27937",37,73569,6109995,4,2012,111,93.0125,"Ivey Ranch Elementary",92057
"27938",37,73569,6109995,5,2012,31,66,"Ivey Ranch Elementary",92057
"27939",37,73569,6109995,5,2012,111,88.6666666666667,"Ivey Ranch Elementary",92057
"27940",37,73569,6111777,6,2012,31,51.5021739130435,"Martin Luther King Jr. Middle",92057
"27941",37,73569,6111777,6,2012,111,82.9976247030879,"Martin Luther King Jr. Middle",92057
"27942",37,73569,6111777,7,2012,31,56.4894514767932,"Martin Luther King Jr. Middle",92057
"27943",37,73569,6111777,7,2012,111,82.7718894009217,"Martin Luther King Jr. Middle",92057
"27944",37,73569,6111777,8,2012,31,60.4295227524972,"Martin Luther King Jr. Middle",92057
"27945",37,73569,6111777,8,2012,111,76.2976066597295,"Martin Luther King Jr. Middle",92057
"27946",37,73569,6115299,2,2012,31,70,"Stuart Mesa Elementary",92058
"27947",37,73569,6115299,2,2012,111,79,"Stuart Mesa Elementary",92058
"27948",37,73569,6115299,3,2012,31,60.08,"Stuart Mesa Elementary",92058
"27949",37,73569,6115299,3,2012,111,47,"Stuart Mesa Elementary",92058
"27950",37,73569,6115299,4,2012,31,73,"Stuart Mesa Elementary",92058
"27951",37,73569,6115299,4,2012,111,59.0677966101695,"Stuart Mesa Elementary",92058
"27952",37,73569,6115299,5,2012,31,47.9466666666667,"Stuart Mesa Elementary",92058
"27953",37,73569,6115299,5,2012,111,50.6849315068493,"Stuart Mesa Elementary",92058
"27954",37,73569,6119713,2,2012,31,37,"Nichols Elementary",92057
"27955",37,73569,6119713,2,2012,111,77.4594594594595,"Nichols Elementary",92057
"27956",37,73569,6119713,3,2012,31,56,"Nichols Elementary",92057
"27957",37,73569,6119713,3,2012,111,71,"Nichols Elementary",92057
"27958",37,73569,6119713,4,2012,31,54,"Nichols Elementary",92057
"27959",37,73569,6119713,4,2012,111,90,"Nichols Elementary",92057
"27960",37,73569,6119713,5,2012,31,40.4738955823293,"Nichols Elementary",92057
"27961",37,73569,6119713,5,2012,111,69.9346733668342,"Nichols Elementary",92057
"27962",37,73791,105684,6,2012,31,57.55,"San Elijo Middle",92078
"27963",37,73791,105684,6,2012,111,87.0047562425684,"San Elijo Middle",92078
"27964",37,73791,105684,7,2012,31,63.8704663212435,"San Elijo Middle",92078
"27965",37,73791,105684,7,2012,111,88.8821138211382,"San Elijo Middle",92078
"27966",37,73791,105684,8,2012,31,64.8273809523809,"San Elijo Middle",92078
"27967",37,73791,105684,8,2012,111,86.7899219304471,"San Elijo Middle",92078
"27968",37,73791,105726,9,2012,31,52.6102088167053,"Mission Hills High",92069
"27969",37,73791,105726,9,2012,111,73.0459126539754,"Mission Hills High",92069
"27970",37,73791,105726,10,2012,31,48.8166786484543,"Mission Hills High",92069
"27971",37,73791,105726,10,2012,111,70.2601043024772,"Mission Hills High",92069
"27972",37,73791,105726,11,2012,31,52.0288844621514,"Mission Hills High",92069
"27973",37,73791,105726,11,2012,111,69.2616487455197,"Mission Hills High",92069
"27974",37,73791,111468,2,2012,31,64.5,"San Elijo Elementary",92078
"27975",37,73791,111468,2,2012,111,92.5,"San Elijo Elementary",92078
"27976",37,73791,111468,3,2012,31,66.5,"San Elijo Elementary",92078
"27977",37,73791,111468,3,2012,111,87,"San Elijo Elementary",92078
"27978",37,73791,111468,4,2012,31,75,"San Elijo Elementary",92078
"27979",37,73791,111468,4,2012,111,94.9968652037618,"San Elijo Elementary",92078
"27980",37,73791,111468,5,2012,31,67.2115384615385,"San Elijo Elementary",92078
"27981",37,73791,111468,5,2012,111,93.3333333333333,"San Elijo Elementary",92078
"27982",37,73791,116467,2,2012,31,56.5,"Joli Ann Leichtag Elementary",92081
"27983",37,73791,116467,2,2012,111,75,"Joli Ann Leichtag Elementary",92081
"27984",37,73791,116467,3,2012,31,64.5700934579439,"Joli Ann Leichtag Elementary",92081
"27985",37,73791,116467,3,2012,111,90.5,"Joli Ann Leichtag Elementary",92081
"27986",37,73791,3730215,10,2012,31,8.59574468085106,"Twin Oaks High",92069
"27987",37,73791,3730215,11,2012,31,5.57575757575758,"Twin Oaks High",92069
"27988",37,73791,3730215,11,2012,111,10.5,"Twin Oaks High",92069
"27989",37,73791,3737632,9,2012,31,48.9734375,"San Marcos High",92078
"27990",37,73791,3737632,9,2012,111,82.0028275212064,"San Marcos High",92078
"27991",37,73791,3737632,10,2012,31,49.6027280477408,"San Marcos High",92078
"27992",37,73791,3737632,10,2012,111,75.7827476038339,"San Marcos High",92078
"27993",37,73791,3737632,11,2012,31,47.8677165354331,"San Marcos High",92078
"27994",37,73791,3737632,11,2012,111,72.439138576779,"San Marcos High",92078
"27995",37,73791,6039077,2,2012,31,74.5,"Richland Elementary",92069
"27996",37,73791,6039077,2,2012,111,90,"Richland Elementary",92069
"27997",37,73791,6039077,3,2012,31,63.6349206349206,"Richland Elementary",92069
"27998",37,73791,6039077,3,2012,111,87.025641025641,"Richland Elementary",92069
"27999",37,73791,6039077,4,2012,31,81.5056179775281,"Richland Elementary",92069
"28000",37,73791,6039077,4,2012,111,90.9767441860465,"Richland Elementary",92069
"28001",37,73791,6039077,5,2012,31,58.7425149700599,"Richland Elementary",92069
"28002",37,73791,6039077,5,2012,111,87.7624309392265,"Richland Elementary",92069
"28003",37,73791,6039085,2,2012,31,47,"San Marcos Elementary",92069
"28004",37,73791,6039085,3,2012,31,37.0349344978166,"San Marcos Elementary",92069
"28005",37,73791,6039085,4,2012,31,60.8974358974359,"San Marcos Elementary",92069
"28006",37,73791,6039085,5,2012,31,66.1837455830389,"San Marcos Elementary",92069
"28007",37,73791,6039093,6,2012,31,54.485049833887,"San Marcos Middle",92069
"28008",37,73791,6039093,6,2012,111,73.5,"San Marcos Middle",92069
"28009",37,73791,6039093,7,2012,31,56.4135702746365,"San Marcos Middle",92069
"28010",37,73791,6039093,7,2012,111,79.1666666666667,"San Marcos Middle",92069
"28011",37,73791,6039093,8,2012,31,55.7389558232932,"San Marcos Middle",92069
"28012",37,73791,6039093,8,2012,111,78.8219895287958,"San Marcos Middle",92069
"28013",37,73791,6095061,6,2012,31,59.9457364341085,"Woodland Park Middle",92069
"28014",37,73791,6095061,6,2012,111,82.0141843971631,"Woodland Park Middle",92069
"28015",37,73791,6095061,7,2012,31,71.6604278074866,"Woodland Park Middle",92069
"28016",37,73791,6095061,7,2012,111,90.4184782608696,"Woodland Park Middle",92069
"28017",37,73791,6095061,8,2012,31,66.883087400681,"Woodland Park Middle",92069
"28018",37,73791,6095061,8,2012,111,85.0142857142857,"Woodland Park Middle",92069
"28019",37,73791,6105993,2,2012,31,48.5,"La Costa Meadows Elementary",92009
"28020",37,73791,6105993,2,2012,111,86.5,"La Costa Meadows Elementary",92009
"28021",37,73791,6105993,3,2012,31,63.5,"La Costa Meadows Elementary",92009
"28022",37,73791,6105993,3,2012,111,80.0134529147982,"La Costa Meadows Elementary",92009
"28023",37,73791,6105993,4,2012,31,69.945945945946,"La Costa Meadows Elementary",92009
"28024",37,73791,6105993,4,2012,111,94.4975845410628,"La Costa Meadows Elementary",92009
"28025",37,73791,6105993,5,2012,31,68.1746031746032,"La Costa Meadows Elementary",92009
"28026",37,73791,6105993,5,2012,111,92.974358974359,"La Costa Meadows Elementary",92009
"28027",37,73791,6107148,2,2012,31,75,"Knob Hill Elementary",92069
"28028",37,73791,6107148,2,2012,111,89.5,"Knob Hill Elementary",92069
"28029",37,73791,6107148,3,2012,31,66.0839160839161,"Knob Hill Elementary",92069
"28030",37,73791,6107148,3,2012,111,93.031007751938,"Knob Hill Elementary",92069
"28031",37,73791,6107148,4,2012,31,80,"Knob Hill Elementary",92069
"28032",37,73791,6107148,4,2012,111,84,"Knob Hill Elementary",92069
"28033",37,73791,6107148,5,2012,31,67.1016949152542,"Knob Hill Elementary",92069
"28034",37,73791,6107148,5,2012,111,88.2764705882353,"Knob Hill Elementary",92069
"28035",37,73791,6108872,2,2012,31,77.5,"Paloma Elementary",92069
"28036",37,73791,6108872,2,2012,111,92,"Paloma Elementary",92069
"28037",37,73791,6108872,3,2012,31,63.5,"Paloma Elementary",92069
"28038",37,73791,6108872,3,2012,111,86,"Paloma Elementary",92069
"28039",37,73791,6108872,4,2012,31,86.0093457943925,"Paloma Elementary",92069
"28040",37,73791,6108872,4,2012,111,97,"Paloma Elementary",92069
"28041",37,73791,6108872,5,2012,31,69.08,"Paloma Elementary",92069
"28042",37,73791,6108872,5,2012,111,91.9952830188679,"Paloma Elementary",92069
"28043",37,73791,6115349,2,2012,31,71.5,"Twin Oaks Elementary",92069
"28044",37,73791,6115349,2,2012,111,94,"Twin Oaks Elementary",92069
"28045",37,73791,6115349,3,2012,31,57.3130434782609,"Twin Oaks Elementary",92069
"28046",37,73791,6115349,3,2012,111,89.5,"Twin Oaks Elementary",92069
"28047",37,73791,6115349,4,2012,31,83.6470588235294,"Twin Oaks Elementary",92069
"28048",37,73791,6115349,4,2012,111,97.5042735042735,"Twin Oaks Elementary",92069
"28049",37,73791,6115349,5,2012,31,63.9044585987261,"Twin Oaks Elementary",92069
"28050",37,73791,6115349,5,2012,111,88.3897058823529,"Twin Oaks Elementary",92069
"28051",37,73791,6116206,2,2012,31,72,"Carrillo Elementary",92009
"28052",37,73791,6116206,2,2012,111,91,"Carrillo Elementary",92009
"28053",37,73791,6116206,3,2012,31,67.5,"Carrillo Elementary",92009
"28054",37,73791,6116206,3,2012,111,88.4798206278027,"Carrillo Elementary",92009
"28055",37,73791,6116206,4,2012,31,90.9538461538462,"Carrillo Elementary",92009
"28056",37,73791,6116206,4,2012,111,95.5022421524664,"Carrillo Elementary",92009
"28057",37,73791,6116206,5,2012,31,80.9545454545455,"Carrillo Elementary",92009
"28058",37,73791,6116206,5,2012,111,95.3333333333333,"Carrillo Elementary",92009
"28059",37,75416,3730975,7,2012,31,37.2222222222222,"Warner Junior/Senior High",92086
"28060",37,75416,3730975,9,2012,31,9.70731707317073,"Warner Junior/Senior High",92086
"28061",37,75416,6040661,2,2012,31,57,"Warner Elementary",92086
"28062",37,75614,100511,2,2012,31,38,"Lilac",92082
"28063",37,75614,100511,2,2012,111,76,"Lilac",92082
"28064",37,75614,100511,3,2012,31,54.2409638554217,"Lilac",92082
"28065",37,75614,100511,3,2012,111,81.5,"Lilac",92082
"28066",37,75614,100511,4,2012,31,60.1777777777778,"Lilac",92082
"28067",37,75614,100511,4,2012,111,90.5205479452055,"Lilac",92082
"28068",37,75614,100511,5,2012,31,64.6454545454545,"Lilac",92082
"28069",37,75614,100511,5,2012,111,86,"Lilac",92082
"28070",37,75614,3731114,9,2012,31,42.1925,"Valley Center High",92082
"28071",37,75614,3731114,9,2012,111,69.2391304347826,"Valley Center High",92082
"28072",37,75614,3731114,10,2012,31,39.3269230769231,"Valley Center High",92082
"28073",37,75614,3731114,10,2012,111,65.2923462986198,"Valley Center High",92082
"28074",37,75614,3731114,11,2012,31,39.58125,"Valley Center High",92082
"28075",37,75614,3731114,11,2012,111,67.283305227656,"Valley Center High",92082
"28076",37,75614,3731312,10,2012,31,3,"Oak Glen High",92082
"28077",37,75614,3731312,11,2012,31,9.27272727272727,"Oak Glen High",92082
"28078",37,75614,3731312,11,2012,111,10.5,"Oak Glen High",92082
"28079",37,75614,3731601,10,2012,111,48.3333333333333,"Valley Center Prep",92082
"28080",37,75614,3731601,11,2012,111,8.47826086956522,"Valley Center Prep",92082
"28081",37,75614,6038962,2,2012,31,61,"Pauma Elementary",92061
"28082",37,75614,6038962,3,2012,31,32,"Pauma Elementary",92061
"28083",37,75614,6038962,4,2012,31,38,"Pauma Elementary",92061
"28084",37,75614,6038962,5,2012,31,34.6666666666667,"Pauma Elementary",92061
"28085",37,75614,6038962,6,2012,31,36.5,"Pauma Elementary",92061
"28086",37,75614,6038962,7,2012,31,45,"Pauma Elementary",92061
"28087",37,75614,6038962,8,2012,31,36.25,"Pauma Elementary",92061
"28088",37,75614,6093272,6,2012,31,48.4592592592593,"Valley Center Middle",92082
"28089",37,75614,6093272,6,2012,111,73.5,"Valley Center Middle",92082
"28090",37,75614,6093272,7,2012,31,51.0549019607843,"Valley Center Middle",92082
"28091",37,75614,6093272,7,2012,111,80.4119850187266,"Valley Center Middle",92082
"28092",37,75614,6093272,8,2012,31,56.2619542619543,"Valley Center Middle",92082
"28093",37,75614,6093272,8,2012,111,79.5977011494253,"Valley Center Middle",92082
"28094",37,75614,6106124,2,2012,31,56.5,"Valley Center Primary",92082
"28095",37,75614,6106124,2,2012,111,86.5,"Valley Center Primary",92082
"28096",37,75614,6112494,3,2012,31,50.0972972972973,"Valley Center Elementary",92082
"28097",37,75614,6112494,3,2012,111,72.5,"Valley Center Elementary",92082
"28098",37,75614,6112494,4,2012,31,45.6861313868613,"Valley Center Elementary",92082
"28099",37,75614,6112494,4,2012,111,79.4671532846715,"Valley Center Elementary",92082
"28100",37,75614,6112494,5,2012,31,62.9925373134328,"Valley Center Elementary",92082
"28101",37,75614,6112494,5,2012,111,84.636,"Valley Center Elementary",92082
"28102",38,68478,101337,5,2012,31,53.3894736842105,"KIPP Bayview Academy",94124
"28103",38,68478,101337,5,2012,111,59.6666666666667,"KIPP Bayview Academy",94124
"28104",38,68478,101337,6,2012,31,64,"KIPP Bayview Academy",94124
"28105",38,68478,101337,7,2012,31,75,"KIPP Bayview Academy",94124
"28106",38,68478,101337,8,2012,31,81.2987012987013,"KIPP Bayview Academy",94124
"28107",38,68478,107300,9,2012,31,30.7894736842105,"City Arts and Tech High",94112
"28108",38,68478,107300,9,2012,111,34.7619047619048,"City Arts and Tech High",94112
"28109",38,68478,107300,10,2012,31,30.8579710144928,"City Arts and Tech High",94112
"28110",38,68478,107300,10,2012,111,45.3846153846154,"City Arts and Tech High",94112
"28111",38,68478,107300,11,2012,31,33.6824034334764,"City Arts and Tech High",94112
"28112",38,68478,107300,11,2012,111,28.6186440677966,"City Arts and Tech High",94112
"28113",38,68478,111427,2,2012,31,51.5,"Feinstein (Dianne) Elementary",94116
"28114",38,68478,111427,2,2012,111,78,"Feinstein (Dianne) Elementary",94116
"28115",38,68478,111427,3,2012,31,63.5,"Feinstein (Dianne) Elementary",94116
"28116",38,68478,111427,3,2012,111,80,"Feinstein (Dianne) Elementary",94116
"28117",38,68478,111427,4,2012,31,64.5,"Feinstein (Dianne) Elementary",94116
"28118",38,68478,111427,4,2012,111,80,"Feinstein (Dianne) Elementary",94116
"28119",38,68478,111427,5,2012,31,80.3333333333333,"Feinstein (Dianne) Elementary",94116
"28120",38,68478,111427,5,2012,111,88.3333333333333,"Feinstein (Dianne) Elementary",94116
"28121",38,68478,123265,6,2012,31,50,"Gateway Middle",94115
"28122",38,68478,123265,6,2012,111,77,"Gateway Middle",94115
"28123",38,68478,3830031,10,2012,31,6.56382978723404,"Wells (Ida B.) High",94117
"28124",38,68478,3830031,10,2012,111,14.6666666666667,"Wells (Ida B.) High",94117
"28125",38,68478,3830288,9,2012,31,35.1825396825397,"Balboa High",94112
"28126",38,68478,3830288,9,2012,111,45.4963503649635,"Balboa High",94112
"28127",38,68478,3830288,10,2012,31,48.5033898305085,"Balboa High",94112
"28128",38,68478,3830288,10,2012,111,58.06,"Balboa High",94112
"28129",38,68478,3830288,11,2012,31,48.7611940298507,"Balboa High",94112
"28130",38,68478,3830288,11,2012,111,48.4169884169884,"Balboa High",94112
"28131",38,68478,3830403,9,2012,31,29.2340425531915,"Marshall (Thurgood) High",94124
"28132",38,68478,3830403,9,2012,111,15.3260869565217,"Marshall (Thurgood) High",94124
"28133",38,68478,3830403,10,2012,31,27.3181019332162,"Marshall (Thurgood) High",94124
"28134",38,68478,3830403,10,2012,111,29.6382978723404,"Marshall (Thurgood) High",94124
"28135",38,68478,3830403,11,2012,31,25.1681735985533,"Marshall (Thurgood) High",94124
"28136",38,68478,3830403,11,2012,111,38.4615384615385,"Marshall (Thurgood) High",94124
"28137",38,68478,3830411,9,2012,31,21.04,"Leadership High",94112
"28138",38,68478,3830411,9,2012,111,24,"Leadership High",94112
"28139",38,68478,3830411,10,2012,31,23.5681818181818,"Leadership High",94112
"28140",38,68478,3830411,10,2012,111,41.72,"Leadership High",94112
"28141",38,68478,3830411,11,2012,31,25.0699300699301,"Leadership High",94112
"28142",38,68478,3830411,11,2012,111,31,"Leadership High",94112
"28143",38,68478,3830429,9,2012,31,8.45833333333333,"Life Learning Academy Charter",94130
"28144",38,68478,3831765,9,2012,31,45.7752502274795,"Galileo High",94109
"28145",38,68478,3831765,9,2012,111,55.8237179487179,"Galileo High",94109
"28146",38,68478,3831765,10,2012,31,43.8553459119497,"Galileo High",94109
"28147",38,68478,3831765,10,2012,111,63.1659863945578,"Galileo High",94109
"28148",38,68478,3831765,11,2012,31,52.4622905027933,"Galileo High",94109
"28149",38,68478,3831765,11,2012,111,62.7313868613139,"Galileo High",94109
"28150",38,68478,3833241,9,2012,31,43.6338983050847,"Lincoln (Abraham) High",94116
"28151",38,68478,3833241,9,2012,111,55.7547770700637,"Lincoln (Abraham) High",94116
"28152",38,68478,3833241,10,2012,31,48.3573573573574,"Lincoln (Abraham) High",94116
"28153",38,68478,3833241,10,2012,111,53.8557993730408,"Lincoln (Abraham) High",94116
"28154",38,68478,3833241,11,2012,31,45.0528109028961,"Lincoln (Abraham) High",94116
"28155",38,68478,3833241,11,2012,111,47.8308702791461,"Lincoln (Abraham) High",94116
"28156",38,68478,3833407,9,2012,31,89.7806026365348,"Lowell High",94132
"28157",38,68478,3833407,9,2012,111,91.5670617592015,"Lowell High",94132
"28158",38,68478,3833407,10,2012,31,86.9678942398489,"Lowell High",94132
"28159",38,68478,3833407,10,2012,111,92.2458800263678,"Lowell High",94132
"28160",38,68478,3833407,11,2012,31,82.8445692883895,"Lowell High",94132
"28161",38,68478,3833407,11,2012,111,87.5250936329588,"Lowell High",94132
"28162",38,68478,3834082,9,2012,31,13.9946091644205,"Mission High",94114
"28163",38,68478,3834082,9,2012,111,26.9867256637168,"Mission High",94114
"28164",38,68478,3834082,10,2012,31,22.8255319148936,"Mission High",94114
"28165",38,68478,3834082,10,2012,111,27.3917525773196,"Mission High",94114
"28166",38,68478,3834082,11,2012,31,21.9065573770492,"Mission High",94114
"28167",38,68478,3834082,11,2012,111,20.0636363636364,"Mission High",94114
"28168",38,68478,3839081,9,2012,31,47.5171270718232,"Washington (George) High",94121
"28169",38,68478,3839081,9,2012,111,60.013856812933,"Washington (George) High",94121
"28170",38,68478,3839081,10,2012,31,42.2779757662153,"Washington (George) High",94121
"28171",38,68478,3839081,10,2012,111,57.1324296141814,"Washington (George) High",94121
"28172",38,68478,3839081,11,2012,31,46.2559523809524,"Washington (George) High",94121
"28173",38,68478,3839081,11,2012,111,52.5730659025788,"Washington (George) High",94121
"28174",38,68478,6040695,2,2012,31,80.5,"Alamo Elementary",94121
"28175",38,68478,6040695,2,2012,111,83.5,"Alamo Elementary",94121
"28176",38,68478,6040695,3,2012,31,68.5,"Alamo Elementary",94121
"28177",38,68478,6040695,3,2012,111,78.5903614457831,"Alamo Elementary",94121
"28178",38,68478,6040695,4,2012,31,72,"Alamo Elementary",94121
"28179",38,68478,6040695,4,2012,111,89.5,"Alamo Elementary",94121
"28180",38,68478,6040695,5,2012,31,76.6666666666667,"Alamo Elementary",94121
"28181",38,68478,6040695,5,2012,111,92.6666666666667,"Alamo Elementary",94121
"28182",38,68478,6040703,2,2012,31,33,"Alvarado Elementary",94114
"28183",38,68478,6040703,2,2012,111,83.5,"Alvarado Elementary",94114
"28184",38,68478,6040703,3,2012,31,34.7460317460317,"Alvarado Elementary",94114
"28185",38,68478,6040703,3,2012,111,93.0309278350515,"Alvarado Elementary",94114
"28186",38,68478,6040703,4,2012,31,64,"Alvarado Elementary",94114
"28187",38,68478,6040703,4,2012,111,80.8275862068966,"Alvarado Elementary",94114
"28188",38,68478,6040703,5,2012,31,49.9387755102041,"Alvarado Elementary",94114
"28189",38,68478,6040703,5,2012,111,92.6666666666667,"Alvarado Elementary",94114
"28190",38,68478,6040737,2,2012,31,74.5,"Argonne Elementary",94121
"28191",38,68478,6040737,2,2012,111,91,"Argonne Elementary",94121
"28192",38,68478,6040737,3,2012,31,63,"Argonne Elementary",94121
"28193",38,68478,6040737,3,2012,111,80.5308641975309,"Argonne Elementary",94121
"28194",38,68478,6040737,4,2012,31,79.5,"Argonne Elementary",94121
"28195",38,68478,6040737,4,2012,111,91.5,"Argonne Elementary",94121
"28196",38,68478,6040737,5,2012,31,68,"Argonne Elementary",94121
"28197",38,68478,6040737,5,2012,111,79,"Argonne Elementary",94121
"28198",38,68478,6040752,2,2012,31,61,"Carmichael (Bessie)/FEC",94103
"28199",38,68478,6040752,2,2012,111,80,"Carmichael (Bessie)/FEC",94103
"28200",38,68478,6040752,3,2012,31,40.5,"Carmichael (Bessie)/FEC",94103
"28201",38,68478,6040752,4,2012,31,70,"Carmichael (Bessie)/FEC",94103
"28202",38,68478,6040752,4,2012,111,72,"Carmichael (Bessie)/FEC",94103
"28203",38,68478,6040752,5,2012,31,54.3350253807107,"Carmichael (Bessie)/FEC",94103
"28204",38,68478,6040752,5,2012,111,51.6666666666667,"Carmichael (Bessie)/FEC",94103
"28205",38,68478,6040752,6,2012,31,50.5294117647059,"Carmichael (Bessie)/FEC",94103
"28206",38,68478,6040752,6,2012,111,65.551724137931,"Carmichael (Bessie)/FEC",94103
"28207",38,68478,6040752,7,2012,31,53.5,"Carmichael (Bessie)/FEC",94103
"28208",38,68478,6040752,7,2012,111,64.030303030303,"Carmichael (Bessie)/FEC",94103
"28209",38,68478,6040752,8,2012,31,30,"Carmichael (Bessie)/FEC",94103
"28210",38,68478,6040752,8,2012,111,58.75,"Carmichael (Bessie)/FEC",94103
"28211",38,68478,6040760,2,2012,31,23,"Harte (Bret) Elementary",94124
"28212",38,68478,6040760,4,2012,31,40.1232876712329,"Harte (Bret) Elementary",94124
"28213",38,68478,6040760,5,2012,31,59.8923076923077,"Harte (Bret) Elementary",94124
"28214",38,68478,6040778,2,2012,31,34,"Bryant Elementary",94110
"28215",38,68478,6040778,3,2012,31,39.5,"Bryant Elementary",94110
"28216",38,68478,6040778,4,2012,31,57,"Bryant Elementary",94110
"28217",38,68478,6040778,5,2012,31,35.7938144329897,"Bryant Elementary",94110
"28218",38,68478,6040836,2,2012,31,28,"Cleveland Elementary",94112
"28219",38,68478,6040836,3,2012,31,21.2209302325581,"Cleveland Elementary",94112
"28220",38,68478,6040836,4,2012,31,52.5,"Cleveland Elementary",94112
"28221",38,68478,6040836,5,2012,31,25.2923076923077,"Cleveland Elementary",94112
"28222",38,68478,6040851,2,2012,31,69.5,"Sloat (Commodore) Elementary",94127
"28223",38,68478,6040851,2,2012,111,85,"Sloat (Commodore) Elementary",94127
"28224",38,68478,6040851,3,2012,31,56.5,"Sloat (Commodore) Elementary",94127
"28225",38,68478,6040851,3,2012,111,73,"Sloat (Commodore) Elementary",94127
"28226",38,68478,6040851,4,2012,31,67.9285714285714,"Sloat (Commodore) Elementary",94127
"28227",38,68478,6040851,4,2012,111,93.5,"Sloat (Commodore) Elementary",94127
"28228",38,68478,6040851,5,2012,31,77.6067415730337,"Sloat (Commodore) Elementary",94127
"28229",38,68478,6040851,5,2012,111,84,"Sloat (Commodore) Elementary",94127
"28230",38,68478,6040877,2,2012,31,69.5,"Lau (Gordon J.) Elementary",94108
"28231",38,68478,6040877,3,2012,31,54,"Lau (Gordon J.) Elementary",94108
"28232",38,68478,6040877,4,2012,31,73,"Lau (Gordon J.) Elementary",94108
"28233",38,68478,6040877,5,2012,31,56.6666666666667,"Lau (Gordon J.) Elementary",94108
"28234",38,68478,6040877,5,2012,111,67.9705882352941,"Lau (Gordon J.) Elementary",94108
"28235",38,68478,6040893,2,2012,31,28.5,"Webster (Daniel) Elementary",94107
"28236",38,68478,6040893,2,2012,111,58.5,"Webster (Daniel) Elementary",94107
"28237",38,68478,6040893,3,2012,31,29.5,"Webster (Daniel) Elementary",94107
"28238",38,68478,6040893,3,2012,111,40.5,"Webster (Daniel) Elementary",94107
"28239",38,68478,6040893,4,2012,31,29,"Webster (Daniel) Elementary",94107
"28240",38,68478,6040893,5,2012,31,25.6666666666667,"Webster (Daniel) Elementary",94107
"28241",38,68478,6040943,2,2012,31,76.5,"Taylor (Edward R.) Elementary",94134
"28242",38,68478,6040943,2,2012,111,100,"Taylor (Edward R.) Elementary",94134
"28243",38,68478,6040943,3,2012,31,67.6781609195402,"Taylor (Edward R.) Elementary",94134
"28244",38,68478,6040943,3,2012,111,75,"Taylor (Edward R.) Elementary",94134
"28245",38,68478,6040943,4,2012,31,69.5,"Taylor (Edward R.) Elementary",94134
"28246",38,68478,6040943,4,2012,111,80.8064516129032,"Taylor (Edward R.) Elementary",94134
"28247",38,68478,6040943,5,2012,31,78.6875,"Taylor (Edward R.) Elementary",94134
"28248",38,68478,6040943,5,2012,111,75,"Taylor (Edward R.) Elementary",94134
"28249",38,68478,6040950,2,2012,31,31.5,"El Dorado Elementary",94134
"28250",38,68478,6040950,3,2012,31,39.304347826087,"El Dorado Elementary",94134
"28251",38,68478,6040950,4,2012,31,46.4520547945205,"El Dorado Elementary",94134
"28252",38,68478,6040950,5,2012,31,29.3333333333333,"El Dorado Elementary",94134
"28253",38,68478,6040968,2,2012,31,25.5,"Cobb (William L.) Elementary",94115
"28254",38,68478,6040968,3,2012,31,34.5,"Cobb (William L.) Elementary",94115
"28255",38,68478,6041016,2,2012,31,57,"McCoppin (Frank) Elementary",94118
"28256",38,68478,6041016,2,2012,111,67.5,"McCoppin (Frank) Elementary",94118
"28257",38,68478,6041016,3,2012,31,67,"McCoppin (Frank) Elementary",94118
"28258",38,68478,6041016,3,2012,111,57.5,"McCoppin (Frank) Elementary",94118
"28259",38,68478,6041016,4,2012,31,55,"McCoppin (Frank) Elementary",94118
"28260",38,68478,6041016,4,2012,111,60,"McCoppin (Frank) Elementary",94118
"28261",38,68478,6041016,5,2012,31,43,"McCoppin (Frank) Elementary",94118
"28262",38,68478,6041040,2,2012,31,70,"Garfield Elementary",94133
"28263",38,68478,6041040,3,2012,31,71,"Garfield Elementary",94133
"28264",38,68478,6041040,4,2012,31,83,"Garfield Elementary",94133
"28265",38,68478,6041040,5,2012,31,84.6666666666667,"Garfield Elementary",94133
"28266",38,68478,6041065,2,2012,111,93,"Peabody (George) Elementary",94118
"28267",38,68478,6041065,3,2012,31,57,"Peabody (George) Elementary",94118
"28268",38,68478,6041065,3,2012,111,91,"Peabody (George) Elementary",94118
"28269",38,68478,6041065,4,2012,31,55,"Peabody (George) Elementary",94118
"28270",38,68478,6041065,4,2012,111,86.1162790697674,"Peabody (George) Elementary",94118
"28271",38,68478,6041065,5,2012,111,93,"Peabody (George) Elementary",94118
"28272",38,68478,6041073,2,2012,31,49,"Glen Park Elementary",94131
"28273",38,68478,6041073,2,2012,111,82,"Glen Park Elementary",94131
"28274",38,68478,6041073,3,2012,31,33.7297297297297,"Glen Park Elementary",94131
"28275",38,68478,6041073,4,2012,31,41.5373134328358,"Glen Park Elementary",94131
"28276",38,68478,6041073,5,2012,31,52.8846153846154,"Glen Park Elementary",94131
"28277",38,68478,6041115,2,2012,111,90.5,"Grattan Elementary",94117
"28278",38,68478,6041115,3,2012,31,62.1724137931034,"Grattan Elementary",94117
"28279",38,68478,6041115,3,2012,111,93,"Grattan Elementary",94117
"28280",38,68478,6041115,4,2012,111,93.4731182795699,"Grattan Elementary",94117
"28281",38,68478,6041115,5,2012,111,91,"Grattan Elementary",94117
"28282",38,68478,6041123,2,2012,31,70,"Guadalupe Elementary",94112
"28283",38,68478,6041123,2,2012,111,75,"Guadalupe Elementary",94112
"28284",38,68478,6041123,3,2012,31,42.6511627906977,"Guadalupe Elementary",94112
"28285",38,68478,6041123,4,2012,31,68.5,"Guadalupe Elementary",94112
"28286",38,68478,6041123,4,2012,111,72.5172413793103,"Guadalupe Elementary",94112
"28287",38,68478,6041123,5,2012,31,60.6666666666667,"Guadalupe Elementary",94112
"28288",38,68478,6041123,5,2012,111,69,"Guadalupe Elementary",94112
"28289",38,68478,6041131,2,2012,31,85.5,"Yick Wo Elementary",94133
"28290",38,68478,6041131,2,2012,111,90,"Yick Wo Elementary",94133
"28291",38,68478,6041131,3,2012,31,50,"Yick Wo Elementary",94133
"28292",38,68478,6041131,3,2012,111,73.5,"Yick Wo Elementary",94133
"28293",38,68478,6041131,4,2012,31,89,"Yick Wo Elementary",94133
"28294",38,68478,6041131,4,2012,111,87.2173913043478,"Yick Wo Elementary",94133
"28295",38,68478,6041131,5,2012,31,83.3454545454545,"Yick Wo Elementary",94133
"28296",38,68478,6041131,5,2012,111,97.6666666666667,"Yick Wo Elementary",94133
"28297",38,68478,6041149,2,2012,31,25,"Chavez (Cesar) Elementary",94110
"28298",38,68478,6041149,3,2012,31,15.5,"Chavez (Cesar) Elementary",94110
"28299",38,68478,6041149,4,2012,31,48.5,"Chavez (Cesar) Elementary",94110
"28300",38,68478,6041149,5,2012,31,28.34375,"Chavez (Cesar) Elementary",94110
"28301",38,68478,6041156,2,2012,31,41.5,"Hillcrest Elementary",94134
"28302",38,68478,6041156,3,2012,31,39.5,"Hillcrest Elementary",94134
"28303",38,68478,6041156,4,2012,31,47.972972972973,"Hillcrest Elementary",94134
"28304",38,68478,6041156,5,2012,31,41,"Hillcrest Elementary",94134
"28305",38,68478,6041206,2,2012,31,73,"Parker (Jean) Elementary",94133
"28306",38,68478,6041206,3,2012,31,60.5,"Parker (Jean) Elementary",94133
"28307",38,68478,6041206,4,2012,31,71.5,"Parker (Jean) Elementary",94133
"28308",38,68478,6041206,5,2012,31,50.6666666666667,"Parker (Jean) Elementary",94133
"28309",38,68478,6041230,2,2012,31,72,"Jefferson Elementary",94122
"28310",38,68478,6041230,2,2012,111,85.5,"Jefferson Elementary",94122
"28311",38,68478,6041230,3,2012,31,60,"Jefferson Elementary",94122
"28312",38,68478,6041230,3,2012,111,86.5,"Jefferson Elementary",94122
"28313",38,68478,6041230,4,2012,31,89.12,"Jefferson Elementary",94122
"28314",38,68478,6041230,4,2012,111,94.4666666666667,"Jefferson Elementary",94122
"28315",38,68478,6041230,5,2012,31,77.02,"Jefferson Elementary",94122
"28316",38,68478,6041230,5,2012,111,89.032,"Jefferson Elementary",94122
"28317",38,68478,6041255,2,2012,31,27,"Muir (John) Elementary",94117
"28318",38,68478,6041255,3,2012,31,42.5,"Muir (John) Elementary",94117
"28319",38,68478,6041255,4,2012,31,56.9795918367347,"Muir (John) Elementary",94117
"28320",38,68478,6041255,5,2012,31,31.6666666666667,"Muir (John) Elementary",94117
"28321",38,68478,6041271,2,2012,31,60.5,"Ortega (Jose) Elementary",94132
"28322",38,68478,6041271,2,2012,111,78,"Ortega (Jose) Elementary",94132
"28323",38,68478,6041271,3,2012,31,70.1063829787234,"Ortega (Jose) Elementary",94132
"28324",38,68478,6041271,3,2012,111,65,"Ortega (Jose) Elementary",94132
"28325",38,68478,6041271,4,2012,31,64.6666666666667,"Ortega (Jose) Elementary",94132
"28326",38,68478,6041271,4,2012,111,86,"Ortega (Jose) Elementary",94132
"28327",38,68478,6041271,5,2012,31,65.4262295081967,"Ortega (Jose) Elementary",94132
"28328",38,68478,6041289,2,2012,31,37,"Serra (Junipero) Elementary",94110
"28329",38,68478,6041289,3,2012,31,36.734693877551,"Serra (Junipero) Elementary",94110
"28330",38,68478,6041289,5,2012,31,47,"Serra (Junipero) Elementary",94110
"28331",38,68478,6041305,2,2012,31,71.5,"Lafayette Elementary",94121
"28332",38,68478,6041305,2,2012,111,85.5,"Lafayette Elementary",94121
"28333",38,68478,6041305,3,2012,31,69.2244897959184,"Lafayette Elementary",94121
"28334",38,68478,6041305,3,2012,111,80.4018691588785,"Lafayette Elementary",94121
"28335",38,68478,6041305,4,2012,31,77.469387755102,"Lafayette Elementary",94121
"28336",38,68478,6041305,4,2012,111,89.9555555555555,"Lafayette Elementary",94121
"28337",38,68478,6041305,5,2012,31,83.2727272727273,"Lafayette Elementary",94121
"28338",38,68478,6041305,5,2012,111,92.6622516556291,"Lafayette Elementary",94121
"28339",38,68478,6041347,2,2012,31,23,"Flynn (Leonard R.) Elementary",94110
"28340",38,68478,6041347,2,2012,111,69,"Flynn (Leonard R.) Elementary",94110
"28341",38,68478,6041347,3,2012,31,27,"Flynn (Leonard R.) Elementary",94110
"28342",38,68478,6041347,3,2012,111,91,"Flynn (Leonard R.) Elementary",94110
"28343",38,68478,6041347,4,2012,31,40,"Flynn (Leonard R.) Elementary",94110
"28344",38,68478,6041347,4,2012,111,85,"Flynn (Leonard R.) Elementary",94110
"28345",38,68478,6041347,5,2012,31,27.9640287769784,"Flynn (Leonard R.) Elementary",94110
"28346",38,68478,6041347,5,2012,111,57.3333333333333,"Flynn (Leonard R.) Elementary",94110
"28347",38,68478,6041362,2,2012,31,53,"Longfellow Elementary",94112
"28348",38,68478,6041362,2,2012,111,81.5,"Longfellow Elementary",94112
"28349",38,68478,6041362,3,2012,31,61.7284768211921,"Longfellow Elementary",94112
"28350",38,68478,6041362,3,2012,111,86,"Longfellow Elementary",94112
"28351",38,68478,6041362,4,2012,31,62.5251798561151,"Longfellow Elementary",94112
"28352",38,68478,6041362,4,2012,111,92,"Longfellow Elementary",94112
"28353",38,68478,6041362,5,2012,31,57.6666666666667,"Longfellow Elementary",94112
"28354",38,68478,6041362,5,2012,111,61,"Longfellow Elementary",94112
"28355",38,68478,6041412,2,2012,31,27,"Marshall Elementary",94103
"28356",38,68478,6041412,3,2012,31,36.3650793650794,"Marshall Elementary",94103
"28357",38,68478,6041412,4,2012,31,41.484375,"Marshall Elementary",94103
"28358",38,68478,6041412,5,2012,31,51.3333333333333,"Marshall Elementary",94103
"28359",38,68478,6041420,2,2012,31,65,"McKinley Elementary",94114
"28360",38,68478,6041420,2,2012,111,87.5,"McKinley Elementary",94114
"28361",38,68478,6041420,3,2012,31,36.5,"McKinley Elementary",94114
"28362",38,68478,6041420,3,2012,111,82.4430379746835,"McKinley Elementary",94114
"28363",38,68478,6041420,4,2012,31,47.25,"McKinley Elementary",94114
"28364",38,68478,6041420,4,2012,111,85,"McKinley Elementary",94114
"28365",38,68478,6041420,5,2012,31,43.6666666666667,"McKinley Elementary",94114
"28366",38,68478,6041438,2,2012,111,89.5,"Miraloma Elementary",94127
"28367",38,68478,6041438,3,2012,111,67,"Miraloma Elementary",94127
"28368",38,68478,6041438,4,2012,111,86,"Miraloma Elementary",94127
"28369",38,68478,6041438,5,2012,111,82.3333333333333,"Miraloma Elementary",94127
"28370",38,68478,6041446,2,2012,31,42,"Monroe Elementary",94112
"28371",38,68478,6041446,2,2012,111,62.5,"Monroe Elementary",94112
"28372",38,68478,6041446,3,2012,31,58.0992366412214,"Monroe Elementary",94112
"28373",38,68478,6041446,3,2012,111,87.5,"Monroe Elementary",94112
"28374",38,68478,6041446,4,2012,31,60.5289256198347,"Monroe Elementary",94112
"28375",38,68478,6041446,5,2012,31,46.7088607594937,"Monroe Elementary",94112
"28376",38,68478,6041446,5,2012,111,93.3333333333333,"Monroe Elementary",94112
"28377",38,68478,6041487,2,2012,31,56.5,"Revere (Paul) Elementary",94110
"28378",38,68478,6041487,2,2012,111,88.5,"Revere (Paul) Elementary",94110
"28379",38,68478,6041487,3,2012,31,56.5818181818182,"Revere (Paul) Elementary",94110
"28380",38,68478,6041487,3,2012,111,66.5,"Revere (Paul) Elementary",94110
"28381",38,68478,6041487,4,2012,31,72.7391304347826,"Revere (Paul) Elementary",94110
"28382",38,68478,6041487,5,2012,31,49.9772727272727,"Revere (Paul) Elementary",94110
"28383",38,68478,6041487,5,2012,111,55.6666666666667,"Revere (Paul) Elementary",94110
"28384",38,68478,6041487,6,2012,31,39.5,"Revere (Paul) Elementary",94110
"28385",38,68478,6041487,6,2012,111,37.68,"Revere (Paul) Elementary",94110
"28386",38,68478,6041487,7,2012,31,37,"Revere (Paul) Elementary",94110
"28387",38,68478,6041487,8,2012,31,21.029702970297,"Revere (Paul) Elementary",94110
"28388",38,68478,6041503,2,2012,31,55.5,"Parks (Rosa) Elementary",94115
"28389",38,68478,6041503,2,2012,111,76.5,"Parks (Rosa) Elementary",94115
"28390",38,68478,6041503,3,2012,31,30.961038961039,"Parks (Rosa) Elementary",94115
"28391",38,68478,6041503,3,2012,111,60,"Parks (Rosa) Elementary",94115
"28392",38,68478,6041503,4,2012,31,58,"Parks (Rosa) Elementary",94115
"28393",38,68478,6041503,4,2012,111,81.5,"Parks (Rosa) Elementary",94115
"28394",38,68478,6041503,5,2012,31,36.7368421052632,"Parks (Rosa) Elementary",94115
"28395",38,68478,6041511,2,2012,31,81,"Redding Elementary",94109
"28396",38,68478,6041511,3,2012,31,44.2826086956522,"Redding Elementary",94109
"28397",38,68478,6041511,4,2012,31,72.6122448979592,"Redding Elementary",94109
"28398",38,68478,6041511,5,2012,31,66.5833333333333,"Redding Elementary",94109
"28399",38,68478,6041545,2,2012,31,38.5,"Sanchez Elementary",94114
"28400",38,68478,6041545,3,2012,31,49.3606557377049,"Sanchez Elementary",94114
"28401",38,68478,6041545,4,2012,31,53.7692307692308,"Sanchez Elementary",94114
"28402",38,68478,6041560,2,2012,31,72,"Sheridan Elementary",94112
"28403",38,68478,6041560,3,2012,31,33.5,"Sheridan Elementary",94112
"28404",38,68478,6041560,4,2012,31,40,"Sheridan Elementary",94112
"28405",38,68478,6041560,5,2012,31,30.8153846153846,"Sheridan Elementary",94112
"28406",38,68478,6041578,2,2012,31,68,"Sherman Elementary",94123
"28407",38,68478,6041578,2,2012,111,85.5,"Sherman Elementary",94123
"28408",38,68478,6041578,3,2012,31,84.5,"Sherman Elementary",94123
"28409",38,68478,6041578,3,2012,111,87.7272727272727,"Sherman Elementary",94123
"28410",38,68478,6041578,4,2012,31,90,"Sherman Elementary",94123
"28411",38,68478,6041578,4,2012,111,80.8985507246377,"Sherman Elementary",94123
"28412",38,68478,6041578,5,2012,31,83.6860465116279,"Sherman Elementary",94123
"28413",38,68478,6041578,5,2012,111,89.9,"Sherman Elementary",94123
"28414",38,68478,6041586,2,2012,31,7.5,"Malcolm X Academy",94124
"28415",38,68478,6041586,3,2012,31,35.5,"Malcolm X Academy",94124
"28416",38,68478,6041586,4,2012,31,83.5,"Malcolm X Academy",94124
"28417",38,68478,6041586,5,2012,31,36.5,"Malcolm X Academy",94124
"28418",38,68478,6041594,2,2012,31,61,"Spring Valley Elementary",94109
"28419",38,68478,6041594,2,2012,111,62,"Spring Valley Elementary",94109
"28420",38,68478,6041594,3,2012,31,56,"Spring Valley Elementary",94109
"28421",38,68478,6041594,4,2012,31,74.1058823529412,"Spring Valley Elementary",94109
"28422",38,68478,6041594,5,2012,31,68.3333333333333,"Spring Valley Elementary",94109
"28423",38,68478,6041610,2,2012,31,63,"Sunnyside Elementary",94112
"28424",38,68478,6041610,2,2012,111,96,"Sunnyside Elementary",94112
"28425",38,68478,6041610,3,2012,31,50,"Sunnyside Elementary",94112
"28426",38,68478,6041610,3,2012,111,73.5,"Sunnyside Elementary",94112
"28427",38,68478,6041610,4,2012,31,48,"Sunnyside Elementary",94112
"28428",38,68478,6041610,4,2012,111,70,"Sunnyside Elementary",94112
"28429",38,68478,6041610,5,2012,31,44,"Sunnyside Elementary",94112
"28430",38,68478,6041644,2,2012,31,62.5,"Sutro Elementary",94118
"28431",38,68478,6041644,2,2012,111,93,"Sutro Elementary",94118
"28432",38,68478,6041644,3,2012,31,78.5,"Sutro Elementary",94118
"28433",38,68478,6041644,3,2012,111,65.5,"Sutro Elementary",94118
"28434",38,68478,6041644,4,2012,31,81.5510204081633,"Sutro Elementary",94118
"28435",38,68478,6041644,5,2012,31,64,"Sutro Elementary",94118
"28436",38,68478,6041685,2,2012,31,80,"Ulloa Elementary",94116
"28437",38,68478,6041685,2,2012,111,90.5,"Ulloa Elementary",94116
"28438",38,68478,6041685,3,2012,31,86,"Ulloa Elementary",94116
"28439",38,68478,6041685,3,2012,111,87.5,"Ulloa Elementary",94116
"28440",38,68478,6041685,4,2012,31,92,"Ulloa Elementary",94116
"28441",38,68478,6041685,4,2012,111,92,"Ulloa Elementary",94116
"28442",38,68478,6041685,5,2012,31,87.3098591549296,"Ulloa Elementary",94116
"28443",38,68478,6041685,5,2012,111,90.3333333333333,"Ulloa Elementary",94116
"28444",38,68478,6041701,2,2012,31,66,"Visitacion Valley Elementary",94134
"28445",38,68478,6041701,3,2012,31,50,"Visitacion Valley Elementary",94134
"28446",38,68478,6041701,4,2012,31,57.5656565656566,"Visitacion Valley Elementary",94134
"28447",38,68478,6041701,5,2012,31,44.6666666666667,"Visitacion Valley Elementary",94134
"28448",38,68478,6041701,5,2012,111,34,"Visitacion Valley Elementary",94134
"28449",38,68478,6041727,2,2012,31,77,"West Portal Elementary",94127
"28450",38,68478,6041727,2,2012,111,90,"West Portal Elementary",94127
"28451",38,68478,6041727,3,2012,31,69.5,"West Portal Elementary",94127
"28452",38,68478,6041727,3,2012,111,80.5,"West Portal Elementary",94127
"28453",38,68478,6041727,4,2012,31,89,"West Portal Elementary",94127
"28454",38,68478,6041727,4,2012,111,88,"West Portal Elementary",94127
"28455",38,68478,6041727,5,2012,31,69.7241379310345,"West Portal Elementary",94127
"28456",38,68478,6041727,5,2012,111,77.6728395061728,"West Portal Elementary",94127
"28457",38,68478,6059828,6,2012,31,74,"Giannini (A.P.) Middle",94122
"28458",38,68478,6059828,6,2012,111,79.5084745762712,"Giannini (A.P.) Middle",94122
"28459",38,68478,6059828,7,2012,31,73,"Giannini (A.P.) Middle",94122
"28460",38,68478,6059828,7,2012,111,82,"Giannini (A.P.) Middle",94122
"28461",38,68478,6059828,8,2012,31,71.0106951871658,"Giannini (A.P.) Middle",94122
"28462",38,68478,6059828,8,2012,111,77.267787839586,"Giannini (A.P.) Middle",94122
"28463",38,68478,6059844,6,2012,31,45.5,"Francisco Middle",94133
"28464",38,68478,6059844,6,2012,111,33.4606741573034,"Francisco Middle",94133
"28465",38,68478,6059844,7,2012,31,42.5,"Francisco Middle",94133
"28466",38,68478,6059844,7,2012,111,46.5,"Francisco Middle",94133
"28467",38,68478,6059844,8,2012,31,36.3703241895262,"Francisco Middle",94133
"28468",38,68478,6059844,8,2012,111,43.6788321167883,"Francisco Middle",94133
"28469",38,68478,6059851,6,2012,31,55.0024096385542,"Hoover (Herbert) Middle",94116
"28470",38,68478,6059851,6,2012,111,73,"Hoover (Herbert) Middle",94116
"28471",38,68478,6059851,7,2012,31,58.041782729805,"Hoover (Herbert) Middle",94116
"28472",38,68478,6059851,7,2012,111,82.7169811320755,"Hoover (Herbert) Middle",94116
"28473",38,68478,6059851,8,2012,31,55.6971428571429,"Hoover (Herbert) Middle",94116
"28474",38,68478,6059851,8,2012,111,70.391156462585,"Hoover (Herbert) Middle",94116
"28475",38,68478,6059869,6,2012,31,33.4946996466431,"Denman (James) Middle",94112
"28476",38,68478,6059869,6,2012,111,53,"Denman (James) Middle",94112
"28477",38,68478,6059869,7,2012,31,45.1967213114754,"Denman (James) Middle",94112
"28478",38,68478,6059869,7,2012,111,38.0434782608696,"Denman (James) Middle",94112
"28479",38,68478,6059869,8,2012,31,39.7131931166348,"Denman (James) Middle",94112
"28480",38,68478,6059869,8,2012,111,40.9516129032258,"Denman (James) Middle",94112
"28481",38,68478,6059901,6,2012,31,60.5,"Roosevelt Middle",94118
"28482",38,68478,6059901,6,2012,111,82.5,"Roosevelt Middle",94118
"28483",38,68478,6059901,7,2012,31,67.4964028776978,"Roosevelt Middle",94118
"28484",38,68478,6059901,7,2012,111,82.5,"Roosevelt Middle",94118
"28485",38,68478,6059901,8,2012,31,67.2784256559767,"Roosevelt Middle",94118
"28486",38,68478,6059901,8,2012,111,72.2780082987552,"Roosevelt Middle",94118
"28487",38,68478,6059919,6,2012,31,21.448275862069,"Visitacion Valley Middle",94134
"28488",38,68478,6059919,6,2012,111,33,"Visitacion Valley Middle",94134
"28489",38,68478,6059919,7,2012,31,23.4900662251656,"Visitacion Valley Middle",94134
"28490",38,68478,6059919,7,2012,111,23.5,"Visitacion Valley Middle",94134
"28491",38,68478,6059919,8,2012,31,31.3324937027708,"Visitacion Valley Middle",94134
"28492",38,68478,6059919,8,2012,111,23.7623762376238,"Visitacion Valley Middle",94134
"28493",38,68478,6062020,6,2012,31,43.5,"Aptos Middle",94127
"28494",38,68478,6062020,6,2012,111,77.4166666666667,"Aptos Middle",94127
"28495",38,68478,6062020,7,2012,31,60.7035928143713,"Aptos Middle",94127
"28496",38,68478,6062020,7,2012,111,77,"Aptos Middle",94127
"28497",38,68478,6062020,8,2012,31,59.1870026525199,"Aptos Middle",94127
"28498",38,68478,6062020,8,2012,111,71.0046948356808,"Aptos Middle",94127
"28499",38,68478,6062038,6,2012,31,48.4761904761905,"Everett Middle",94114
"28500",38,68478,6062038,6,2012,111,83,"Everett Middle",94114
"28501",38,68478,6062038,7,2012,31,22.4968152866242,"Everett Middle",94114
"28502",38,68478,6062038,7,2012,111,29,"Everett Middle",94114
"28503",38,68478,6062038,8,2012,31,25.8464163822526,"Everett Middle",94114
"28504",38,68478,6062038,8,2012,111,33.84,"Everett Middle",94114
"28505",38,68478,6062046,2,2012,31,41,"Buena Vista/ Horace Mann K-8",94110
"28506",38,68478,6062046,2,2012,111,78,"Buena Vista/ Horace Mann K-8",94110
"28507",38,68478,6062046,3,2012,31,35,"Buena Vista/ Horace Mann K-8",94110
"28508",38,68478,6062046,3,2012,111,78,"Buena Vista/ Horace Mann K-8",94110
"28509",38,68478,6062046,4,2012,31,28.5324675324675,"Buena Vista/ Horace Mann K-8",94110
"28510",38,68478,6062046,4,2012,111,86,"Buena Vista/ Horace Mann K-8",94110
"28511",38,68478,6062046,5,2012,31,38.6666666666667,"Buena Vista/ Horace Mann K-8",94110
"28512",38,68478,6062046,5,2012,111,82.3333333333333,"Buena Vista/ Horace Mann K-8",94110
"28513",38,68478,6062046,6,2012,31,42.5238095238095,"Buena Vista/ Horace Mann K-8",94110
"28514",38,68478,6062046,6,2012,111,78.037037037037,"Buena Vista/ Horace Mann K-8",94110
"28515",38,68478,6062046,8,2012,31,17.568306010929,"Buena Vista/ Horace Mann K-8",94110
"28516",38,68478,6062053,6,2012,31,40.9464285714286,"Lick (James) Middle",94114
"28517",38,68478,6062053,6,2012,111,76.4705882352941,"Lick (James) Middle",94114
"28518",38,68478,6062053,7,2012,31,41.013698630137,"Lick (James) Middle",94114
"28519",38,68478,6062053,7,2012,111,78.5396825396825,"Lick (James) Middle",94114
"28520",38,68478,6062053,8,2012,31,28.7155172413793,"Lick (James) Middle",94114
"28521",38,68478,6062053,8,2012,111,59.4259927797834,"Lick (James) Middle",94114
"28522",38,68478,6062061,6,2012,31,56,"Marina Middle",94123
"28523",38,68478,6062061,6,2012,111,54.5,"Marina Middle",94123
"28524",38,68478,6062061,7,2012,31,63.4985590778098,"Marina Middle",94123
"28525",38,68478,6062061,7,2012,111,71,"Marina Middle",94123
"28526",38,68478,6062061,8,2012,31,62.4285714285714,"Marina Middle",94123
"28527",38,68478,6062061,8,2012,111,66.6083916083916,"Marina Middle",94123
"28528",38,68478,6062079,6,2012,31,75.5078534031414,"Presidio Middle",94121
"28529",38,68478,6062079,6,2012,111,86.504347826087,"Presidio Middle",94121
"28530",38,68478,6062079,7,2012,31,78.4973262032086,"Presidio Middle",94121
"28531",38,68478,6062079,7,2012,111,89.0232558139535,"Presidio Middle",94121
"28532",38,68478,6062079,8,2012,31,65.1770573566085,"Presidio Middle",94121
"28533",38,68478,6062079,8,2012,111,82.4606580829757,"Presidio Middle",94121
"28534",38,68478,6089585,4,2012,31,9,"Mission Education Center",94131
"28535",38,68478,6089775,2,2012,31,46.5,"Rooftop Elementary",94131
"28536",38,68478,6089775,2,2012,111,91,"Rooftop Elementary",94131
"28537",38,68478,6089775,3,2012,31,56.46875,"Rooftop Elementary",94131
"28538",38,68478,6089775,3,2012,111,81.1084337349398,"Rooftop Elementary",94131
"28539",38,68478,6089775,4,2012,31,59.4594594594595,"Rooftop Elementary",94131
"28540",38,68478,6089775,4,2012,111,85.4470588235294,"Rooftop Elementary",94131
"28541",38,68478,6089775,5,2012,31,58,"Rooftop Elementary",94131
"28542",38,68478,6089775,5,2012,111,82,"Rooftop Elementary",94131
"28543",38,68478,6089775,6,2012,31,72.5,"Rooftop Elementary",94131
"28544",38,68478,6089775,6,2012,111,90.5211267605634,"Rooftop Elementary",94131
"28545",38,68478,6089775,7,2012,31,68.5,"Rooftop Elementary",94131
"28546",38,68478,6089775,7,2012,111,89,"Rooftop Elementary",94131
"28547",38,68478,6089775,8,2012,31,44.2658227848101,"Rooftop Elementary",94131
"28548",38,68478,6089775,8,2012,111,75.2574850299401,"Rooftop Elementary",94131
"28549",38,68478,6112601,2,2012,111,63.5,"Creative Arts Charter",94115
"28550",38,68478,6112601,3,2012,111,77.5,"Creative Arts Charter",94115
"28551",38,68478,6112601,4,2012,111,70.5,"Creative Arts Charter",94115
"28552",38,68478,6112601,5,2012,111,67.2181818181818,"Creative Arts Charter",94115
"28553",38,68478,6112601,6,2012,111,81.5,"Creative Arts Charter",94115
"28554",38,68478,6112601,7,2012,31,36,"Creative Arts Charter",94115
"28555",38,68478,6112601,7,2012,111,73.5,"Creative Arts Charter",94115
"28556",38,68478,6112601,8,2012,111,64.4923076923077,"Creative Arts Charter",94115
"28557",38,68478,6113245,2,2012,31,87,"Yu (Alice Fong) Elementary",94122
"28558",38,68478,6113245,2,2012,111,95.5,"Yu (Alice Fong) Elementary",94122
"28559",38,68478,6113245,3,2012,31,79.5,"Yu (Alice Fong) Elementary",94122
"28560",38,68478,6113245,3,2012,111,89,"Yu (Alice Fong) Elementary",94122
"28561",38,68478,6113245,4,2012,31,90,"Yu (Alice Fong) Elementary",94122
"28562",38,68478,6113245,4,2012,111,94,"Yu (Alice Fong) Elementary",94122
"28563",38,68478,6113245,5,2012,31,74.5084745762712,"Yu (Alice Fong) Elementary",94122
"28564",38,68478,6113245,5,2012,111,85,"Yu (Alice Fong) Elementary",94122
"28565",38,68478,6113245,6,2012,31,86.5,"Yu (Alice Fong) Elementary",94122
"28566",38,68478,6113245,6,2012,111,90,"Yu (Alice Fong) Elementary",94122
"28567",38,68478,6113245,7,2012,31,92,"Yu (Alice Fong) Elementary",94122
"28568",38,68478,6113245,7,2012,111,95.5,"Yu (Alice Fong) Elementary",94122
"28569",38,68478,6113245,8,2012,31,80.25,"Yu (Alice Fong) Elementary",94122
"28570",38,68478,6113245,8,2012,111,92.25,"Yu (Alice Fong) Elementary",94122
"28571",38,68478,6113252,2,2012,31,100,"Chin (John Yehall) Elementary",94133
"28572",38,68478,6113252,3,2012,31,95.5,"Chin (John Yehall) Elementary",94133
"28573",38,68478,6113252,4,2012,31,97.4683544303797,"Chin (John Yehall) Elementary",94133
"28574",38,68478,6113252,5,2012,31,91.7234042553192,"Chin (John Yehall) Elementary",94133
"28575",38,68478,6113997,2,2012,31,86,"Sunset Elementary",94116
"28576",38,68478,6113997,2,2012,111,85,"Sunset Elementary",94116
"28577",38,68478,6113997,3,2012,31,69,"Sunset Elementary",94116
"28578",38,68478,6113997,3,2012,111,77.1351351351351,"Sunset Elementary",94116
"28579",38,68478,6113997,4,2012,31,76.1724137931034,"Sunset Elementary",94116
"28580",38,68478,6113997,4,2012,111,98,"Sunset Elementary",94116
"28581",38,68478,6113997,5,2012,31,79.92,"Sunset Elementary",94116
"28582",38,68478,6113997,5,2012,111,89.6260869565217,"Sunset Elementary",94116
"28583",38,68478,6115901,2,2012,31,49.0916030534351,"Tenderloin Community",94102
"28584",38,68478,6115901,3,2012,31,40.25,"Tenderloin Community",94102
"28585",38,68478,6115901,4,2012,31,34,"Tenderloin Community",94102
"28586",38,68478,6115901,5,2012,31,59.6622516556291,"Tenderloin Community",94102
"28587",39,68486,6041750,2,2012,31,38.5,"Banta Elementary",95304
"28588",39,68486,6041750,2,2012,111,36,"Banta Elementary",95304
"28589",39,68486,6041750,3,2012,31,35.9487179487179,"Banta Elementary",95304
"28590",39,68486,6041750,4,2012,31,38,"Banta Elementary",95304
"28591",39,68486,6041750,5,2012,31,30.8181818181818,"Banta Elementary",95304
"28592",39,68486,6041750,5,2012,111,73,"Banta Elementary",95304
"28593",39,68486,6041750,6,2012,31,29.5,"Banta Elementary",95304
"28594",39,68486,6041750,8,2012,31,48.8048780487805,"Banta Elementary",95304
"28595",39,68486,6041750,8,2012,111,57.9272727272727,"Banta Elementary",95304
"28596",39,68502,3932308,9,2012,31,32.8880308880309,"Escalon High",95320
"28597",39,68502,3932308,9,2012,111,59.3375314861461,"Escalon High",95320
"28598",39,68502,3932308,10,2012,31,34.275956284153,"Escalon High",95320
"28599",39,68502,3932308,10,2012,111,55.9597902097902,"Escalon High",95320
"28600",39,68502,3932308,11,2012,31,33.744094488189,"Escalon High",95320
"28601",39,68502,3932308,11,2012,111,43.6150341685649,"Escalon High",95320
"28602",39,68502,6041784,2,2012,31,9,"Collegeville Elementary",95215
"28603",39,68502,6041784,3,2012,31,46,"Collegeville Elementary",95215
"28604",39,68502,6041784,4,2012,31,43,"Collegeville Elementary",95215
"28605",39,68502,6041784,5,2012,31,36,"Collegeville Elementary",95215
"28606",39,68502,6041792,2,2012,31,30.9809523809524,"Dent Elementary",95320
"28607",39,68502,6041792,2,2012,111,59,"Dent Elementary",95320
"28608",39,68502,6041792,3,2012,31,38.5604395604396,"Dent Elementary",95320
"28609",39,68502,6041792,3,2012,111,63.5,"Dent Elementary",95320
"28610",39,68502,6041792,4,2012,31,62.5,"Dent Elementary",95320
"28611",39,68502,6041792,4,2012,111,72.5,"Dent Elementary",95320
"28612",39,68502,6041792,5,2012,31,40.0935251798561,"Dent Elementary",95320
"28613",39,68502,6041792,5,2012,111,61,"Dent Elementary",95320
"28614",39,68502,6041800,2,2012,31,34.5,"Farmington Elementary",95230
"28615",39,68502,6041800,3,2012,31,28.5,"Farmington Elementary",95230
"28616",39,68502,6041800,4,2012,31,57.5,"Farmington Elementary",95230
"28617",39,68502,6041800,5,2012,31,35.6666666666667,"Farmington Elementary",95230
"28618",39,68502,6041834,2,2012,31,61,"Van Allen Elementary",95320
"28619",39,68502,6041834,2,2012,111,87.5,"Van Allen Elementary",95320
"28620",39,68502,6041834,3,2012,31,19.5,"Van Allen Elementary",95320
"28621",39,68502,6041834,3,2012,111,66,"Van Allen Elementary",95320
"28622",39,68502,6041834,4,2012,31,63,"Van Allen Elementary",95320
"28623",39,68502,6041834,4,2012,111,91,"Van Allen Elementary",95320
"28624",39,68502,6041834,5,2012,31,60.7704918032787,"Van Allen Elementary",95320
"28625",39,68502,6041834,5,2012,111,85.6666666666667,"Van Allen Elementary",95320
"28626",39,68502,6070957,6,2012,31,52,"El Portal Middle",95320
"28627",39,68502,6070957,6,2012,111,84.4681818181818,"El Portal Middle",95320
"28628",39,68502,6070957,7,2012,31,39.078431372549,"El Portal Middle",95320
"28629",39,68502,6070957,7,2012,111,72.4418604651163,"El Portal Middle",95320
"28630",39,68502,6070957,8,2012,31,58.2544080604534,"El Portal Middle",95320
"28631",39,68502,6070957,8,2012,111,66.9423076923077,"El Portal Middle",95320
"28632",39,68544,6041875,5,2012,31,69,"Jefferson",95304
"28633",39,68544,6041875,5,2012,111,80.3333333333333,"Jefferson",95304
"28634",39,68544,6041875,6,2012,31,54,"Jefferson",95304
"28635",39,68544,6041875,6,2012,111,79.0171428571429,"Jefferson",95304
"28636",39,68544,6041875,7,2012,31,58.5,"Jefferson",95304
"28637",39,68544,6041875,7,2012,111,73.6078431372549,"Jefferson",95304
"28638",39,68544,6041875,8,2012,31,50.054347826087,"Jefferson",95304
"28639",39,68544,6041875,8,2012,111,71.6240208877285,"Jefferson",95304
"28640",39,68544,6110373,2,2012,31,55,"Monticello Elementary",95377
"28641",39,68544,6110373,2,2012,111,69.5,"Monticello Elementary",95377
"28642",39,68544,6110373,3,2012,31,54.9354838709677,"Monticello Elementary",95377
"28643",39,68544,6110373,3,2012,111,70,"Monticello Elementary",95377
"28644",39,68544,6110373,4,2012,31,53.0196078431373,"Monticello Elementary",95377
"28645",39,68544,6110373,4,2012,111,91.5,"Monticello Elementary",95377
"28646",39,68569,3933801,9,2012,31,51.2539109506619,"Lincoln High",95207
"28647",39,68569,3933801,9,2012,111,69.3915094339623,"Lincoln High",95207
"28648",39,68569,3933801,10,2012,31,38.3777928232905,"Lincoln High",95207
"28649",39,68569,3933801,10,2012,111,59.3395784543326,"Lincoln High",95207
"28650",39,68569,3933801,11,2012,31,37.4770240700219,"Lincoln High",95207
"28651",39,68569,3933801,11,2012,111,53.3532028469751,"Lincoln High",95207
"28652",39,68569,6041891,2,2012,31,56.4567901234568,"Colonial Heights",95209
"28653",39,68569,6041891,2,2012,111,71,"Colonial Heights",95209
"28654",39,68569,6041891,3,2012,31,33.4897959183673,"Colonial Heights",95209
"28655",39,68569,6041891,3,2012,111,53,"Colonial Heights",95209
"28656",39,68569,6041891,4,2012,31,53.095652173913,"Colonial Heights",95209
"28657",39,68569,6041891,4,2012,111,64.030303030303,"Colonial Heights",95209
"28658",39,68569,6041891,5,2012,31,50.6610169491525,"Colonial Heights",95209
"28659",39,68569,6041891,5,2012,111,63,"Colonial Heights",95209
"28660",39,68569,6041891,6,2012,31,35.5555555555556,"Colonial Heights",95209
"28661",39,68569,6041891,6,2012,111,53.5,"Colonial Heights",95209
"28662",39,68569,6041891,7,2012,31,34.6545454545455,"Colonial Heights",95209
"28663",39,68569,6041891,7,2012,111,42.16,"Colonial Heights",95209
"28664",39,68569,6041891,8,2012,31,49.1315789473684,"Colonial Heights",95209
"28665",39,68569,6041891,8,2012,111,48.5142857142857,"Colonial Heights",95209
"28666",39,68569,6041917,2,2012,31,33,"Lincoln Elementary",95207
"28667",39,68569,6041917,2,2012,111,62.5,"Lincoln Elementary",95207
"28668",39,68569,6041917,3,2012,31,49.5,"Lincoln Elementary",95207
"28669",39,68569,6041917,3,2012,111,59,"Lincoln Elementary",95207
"28670",39,68569,6041917,4,2012,31,45.5,"Lincoln Elementary",95207
"28671",39,68569,6041917,4,2012,111,65.5,"Lincoln Elementary",95207
"28672",39,68569,6041917,5,2012,31,45.40625,"Lincoln Elementary",95207
"28673",39,68569,6041917,5,2012,111,69,"Lincoln Elementary",95207
"28674",39,68569,6041917,6,2012,31,50,"Lincoln Elementary",95207
"28675",39,68569,6041917,6,2012,111,55.5,"Lincoln Elementary",95207
"28676",39,68569,6041925,7,2012,31,53.2666666666667,"Sierra Middle",95207
"28677",39,68569,6041925,7,2012,111,75.7695167286245,"Sierra Middle",95207
"28678",39,68569,6041925,8,2012,31,63.5898876404494,"Sierra Middle",95207
"28679",39,68569,6041925,8,2012,111,81.8092948717949,"Sierra Middle",95207
"28680",39,68569,6105738,3,2012,31,37.2068965517241,"Don Riggio",95219
"28681",39,68569,6105738,3,2012,111,67.5,"Don Riggio",95219
"28682",39,68569,6105738,4,2012,31,55.1219512195122,"Don Riggio",95219
"28683",39,68569,6105738,4,2012,111,71,"Don Riggio",95219
"28684",39,68569,6105738,5,2012,31,44.3333333333333,"Don Riggio",95219
"28685",39,68569,6105738,5,2012,111,64,"Don Riggio",95219
"28686",39,68569,6105738,6,2012,31,48.495145631068,"Don Riggio",95219
"28687",39,68569,6105738,6,2012,111,59.0266666666667,"Don Riggio",95219
"28688",39,68569,6105738,7,2012,31,54.1428571428571,"Don Riggio",95219
"28689",39,68569,6105738,7,2012,111,84.9090909090909,"Don Riggio",95219
"28690",39,68569,6105738,8,2012,31,54.0827067669173,"Don Riggio",95219
"28691",39,68569,6105738,8,2012,111,68.1318681318681,"Don Riggio",95219
"28692",39,68569,6111462,2,2012,31,36.5,"Brookside",95219
"28693",39,68569,6111462,2,2012,111,77.5,"Brookside",95219
"28694",39,68569,6111462,3,2012,31,35.5,"Brookside",95219
"28695",39,68569,6111462,3,2012,111,77,"Brookside",95219
"28696",39,68569,6111462,4,2012,31,78.1951219512195,"Brookside",95219
"28697",39,68569,6111462,4,2012,111,95.4965517241379,"Brookside",95219
"28698",39,68569,6111462,5,2012,31,62.3333333333333,"Brookside",95219
"28699",39,68569,6111462,5,2012,111,86.3333333333333,"Brookside",95219
"28700",39,68569,6111462,6,2012,31,67,"Brookside",95219
"28701",39,68569,6111462,6,2012,111,85.0066225165563,"Brookside",95219
"28702",39,68569,6111462,7,2012,31,48,"Brookside",95219
"28703",39,68569,6111462,7,2012,111,60.7551020408163,"Brookside",95219
"28704",39,68569,6111462,8,2012,31,67.9074074074074,"Brookside",95219
"28705",39,68569,6111462,8,2012,111,84.0495495495496,"Brookside",95219
"28706",39,68577,118307,11,2012,31,6.8,"Pride Continuation",95215
"28707",39,68577,3933959,9,2012,31,37.2523364485981,"Linden High",95236
"28708",39,68577,3933959,9,2012,111,56.0040485829959,"Linden High",95236
"28709",39,68577,3933959,10,2012,31,38.837962962963,"Linden High",95236
"28710",39,68577,3933959,10,2012,111,48.8717948717949,"Linden High",95236
"28711",39,68577,3933959,11,2012,31,40.6491803278689,"Linden High",95236
"28712",39,68577,3933959,11,2012,111,54.6413043478261,"Linden High",95236
"28713",39,68577,6041966,2,2012,31,38.5,"Glenwood Elementary",95215
"28714",39,68577,6041966,2,2012,111,50,"Glenwood Elementary",95215
"28715",39,68577,6041966,3,2012,31,32,"Glenwood Elementary",95215
"28716",39,68577,6041966,3,2012,111,54.5,"Glenwood Elementary",95215
"28717",39,68577,6041966,4,2012,31,42,"Glenwood Elementary",95215
"28718",39,68577,6041966,5,2012,31,48.3333333333333,"Glenwood Elementary",95215
"28719",39,68577,6041966,5,2012,111,63.6666666666667,"Glenwood Elementary",95215
"28720",39,68577,6041966,6,2012,31,30,"Glenwood Elementary",95215
"28721",39,68577,6041966,7,2012,31,34,"Glenwood Elementary",95215
"28722",39,68577,6041966,8,2012,31,42,"Glenwood Elementary",95215
"28723",39,68577,6041966,8,2012,111,63,"Glenwood Elementary",95215
"28724",39,68577,6041974,2,2012,31,50.0165289256198,"Linden Elementary",95236
"28725",39,68577,6041974,2,2012,111,75,"Linden Elementary",95236
"28726",39,68577,6041974,3,2012,31,39.2941176470588,"Linden Elementary",95236
"28727",39,68577,6041974,3,2012,111,80,"Linden Elementary",95236
"28728",39,68577,6041974,4,2012,31,52.5789473684211,"Linden Elementary",95236
"28729",39,68577,6041974,4,2012,111,79.5,"Linden Elementary",95236
"28730",39,68577,6041990,5,2012,31,43.33125,"Waterloo Elementary",95215
"28731",39,68577,6041990,5,2012,111,78.6605504587156,"Waterloo Elementary",95215
"28732",39,68577,6041990,6,2012,31,41.5,"Waterloo Elementary",95215
"28733",39,68577,6041990,6,2012,111,72.5,"Waterloo Elementary",95215
"28734",39,68577,6041990,7,2012,31,38,"Waterloo Elementary",95215
"28735",39,68577,6041990,7,2012,111,71.6022727272727,"Waterloo Elementary",95215
"28736",39,68577,6041990,8,2012,31,36.419689119171,"Waterloo Elementary",95215
"28737",39,68577,6041990,8,2012,111,74.6729559748428,"Waterloo Elementary",95215
"28738",39,68577,6042006,2,2012,31,61,"Waverly Elementary",95215
"28739",39,68577,6042006,2,2012,111,79,"Waverly Elementary",95215
"28740",39,68577,6042006,3,2012,31,63.5,"Waverly Elementary",95215
"28741",39,68577,6042006,3,2012,111,65.5,"Waverly Elementary",95215
"28742",39,68577,6042006,4,2012,31,43.304347826087,"Waverly Elementary",95215
"28743",39,68577,6042006,4,2012,111,57.6170212765957,"Waverly Elementary",95215
"28744",39,68577,6042006,5,2012,31,56.6666666666667,"Waverly Elementary",95215
"28745",39,68577,6042006,5,2012,111,66.3333333333333,"Waverly Elementary",95215
"28746",39,68577,6042006,6,2012,31,50,"Waverly Elementary",95215
"28747",39,68577,6042006,6,2012,111,80,"Waverly Elementary",95215
"28748",39,68577,6042006,7,2012,31,42,"Waverly Elementary",95215
"28749",39,68577,6042006,7,2012,111,65.5,"Waverly Elementary",95215
"28750",39,68577,6042006,8,2012,31,49.9324324324324,"Waverly Elementary",95215
"28751",39,68577,6042006,8,2012,111,86.5,"Waverly Elementary",95215
"28752",39,68585,100560,2,2012,31,47,"Lois E. Borchardt Elementary",95240
"28753",39,68585,100560,2,2012,111,69.5,"Lois E. Borchardt Elementary",95240
"28754",39,68585,100560,3,2012,31,55.8971428571429,"Lois E. Borchardt Elementary",95240
"28755",39,68585,100560,3,2012,111,82.8297872340426,"Lois E. Borchardt Elementary",95240
"28756",39,68585,100560,4,2012,31,63.5696202531646,"Lois E. Borchardt Elementary",95240
"28757",39,68585,100560,4,2012,111,76.5,"Lois E. Borchardt Elementary",95240
"28758",39,68585,100560,5,2012,31,59.6477732793522,"Lois E. Borchardt Elementary",95240
"28759",39,68585,100560,5,2012,111,81.7931034482759,"Lois E. Borchardt Elementary",95240
"28760",39,68585,100560,6,2012,31,54.5,"Lois E. Borchardt Elementary",95240
"28761",39,68585,100560,6,2012,111,70.5,"Lois E. Borchardt Elementary",95240
"28762",39,68585,102632,2,2012,31,40,"Ansel Adams",95212
"28763",39,68585,102632,2,2012,111,45.5,"Ansel Adams",95212
"28764",39,68585,102632,3,2012,31,35.5,"Ansel Adams",95212
"28765",39,68585,102632,3,2012,111,43,"Ansel Adams",95212
"28766",39,68585,102632,4,2012,31,50,"Ansel Adams",95212
"28767",39,68585,102632,4,2012,111,83.5,"Ansel Adams",95212
"28768",39,68585,102632,5,2012,31,42.3333333333333,"Ansel Adams",95212
"28769",39,68585,102632,5,2012,111,46,"Ansel Adams",95212
"28770",39,68585,102632,6,2012,31,51.0115606936416,"Ansel Adams",95212
"28771",39,68585,102632,6,2012,111,54.5,"Ansel Adams",95212
"28772",39,68585,102640,7,2012,31,43.1415094339623,"Millswood Middle",95242
"28773",39,68585,102640,7,2012,111,73.9169435215947,"Millswood Middle",95242
"28774",39,68585,102640,8,2012,31,39.1375387797311,"Millswood Middle",95242
"28775",39,68585,102640,8,2012,111,66.2666666666667,"Millswood Middle",95242
"28776",39,68585,102657,7,2012,31,50.4037735849057,"Christa McAuliffe Middle",95209
"28777",39,68585,102657,7,2012,111,68.2618296529969,"Christa McAuliffe Middle",95209
"28778",39,68585,102657,8,2012,31,46.3005291005291,"Christa McAuliffe Middle",95209
"28779",39,68585,102657,8,2012,111,64.8907185628743,"Christa McAuliffe Middle",95209
"28780",39,68585,108209,2,2012,31,38,"Ellerth E. Larson Elementary",95242
"28781",39,68585,108209,2,2012,111,76.5,"Ellerth E. Larson Elementary",95242
"28782",39,68585,108209,3,2012,31,46.2463768115942,"Ellerth E. Larson Elementary",95242
"28783",39,68585,108209,3,2012,111,81,"Ellerth E. Larson Elementary",95242
"28784",39,68585,108209,4,2012,31,57,"Ellerth E. Larson Elementary",95242
"28785",39,68585,108209,4,2012,111,84.5,"Ellerth E. Larson Elementary",95242
"28786",39,68585,108209,5,2012,31,51.453125,"Ellerth E. Larson Elementary",95242
"28787",39,68585,108209,5,2012,111,81.6666666666667,"Ellerth E. Larson Elementary",95242
"28788",39,68585,108209,6,2012,31,42.9253731343284,"Ellerth E. Larson Elementary",95242
"28789",39,68585,108209,6,2012,111,65.5,"Ellerth E. Larson Elementary",95242
"28790",39,68585,108217,2,2012,31,49,"Manlio Silva Elementary",95219
"28791",39,68585,108217,2,2012,111,74.5,"Manlio Silva Elementary",95219
"28792",39,68585,108217,3,2012,31,48.5840707964602,"Manlio Silva Elementary",95219
"28793",39,68585,108217,3,2012,111,72,"Manlio Silva Elementary",95219
"28794",39,68585,108217,4,2012,31,68.5,"Manlio Silva Elementary",95219
"28795",39,68585,108217,4,2012,111,84,"Manlio Silva Elementary",95219
"28796",39,68585,108217,5,2012,31,52.1153846153846,"Manlio Silva Elementary",95219
"28797",39,68585,108217,5,2012,111,68,"Manlio Silva Elementary",95219
"28798",39,68585,108217,6,2012,31,54.5,"Manlio Silva Elementary",95219
"28799",39,68585,108217,6,2012,111,81,"Manlio Silva Elementary",95219
"28800",39,68585,108225,9,2012,31,31.957042957043,"Ronald E. McNair High",95210
"28801",39,68585,108225,9,2012,111,38.1545064377682,"Ronald E. McNair High",95210
"28802",39,68585,108225,10,2012,31,24.881157635468,"Ronald E. McNair High",95210
"28803",39,68585,108225,10,2012,111,39.395,"Ronald E. McNair High",95210
"28804",39,68585,108225,11,2012,31,24.2651982378855,"Ronald E. McNair High",95210
"28805",39,68585,108225,11,2012,111,32.5855072463768,"Ronald E. McNair High",95210
"28806",39,68585,111286,2,2012,31,55.5,"George Lincoln Mosher",95212
"28807",39,68585,111286,2,2012,111,77,"George Lincoln Mosher",95212
"28808",39,68585,111286,3,2012,31,51.5,"George Lincoln Mosher",95212
"28809",39,68585,111286,3,2012,111,50.972972972973,"George Lincoln Mosher",95212
"28810",39,68585,111286,4,2012,31,60,"George Lincoln Mosher",95212
"28811",39,68585,111286,4,2012,111,83,"George Lincoln Mosher",95212
"28812",39,68585,111286,5,2012,31,63.6094674556213,"George Lincoln Mosher",95212
"28813",39,68585,111286,5,2012,111,65.8863636363636,"George Lincoln Mosher",95212
"28814",39,68585,111286,6,2012,31,59.5443037974684,"George Lincoln Mosher",95212
"28815",39,68585,111286,6,2012,111,65.7368421052632,"George Lincoln Mosher",95212
"28816",39,68585,111419,2,2012,31,34.5,"Woodbridge",95242
"28817",39,68585,111419,2,2012,111,73,"Woodbridge",95242
"28818",39,68585,111419,3,2012,31,42.5,"Woodbridge",95242
"28819",39,68585,111419,3,2012,111,69,"Woodbridge",95242
"28820",39,68585,111419,4,2012,31,59.9402985074627,"Woodbridge",95242
"28821",39,68585,111419,4,2012,111,91,"Woodbridge",95242
"28822",39,68585,111419,5,2012,31,47.6434782608696,"Woodbridge",95242
"28823",39,68585,111419,5,2012,111,78.3333333333333,"Woodbridge",95242
"28824",39,68585,111419,6,2012,31,28.5494505494506,"Woodbridge",95242
"28825",39,68585,111419,6,2012,111,64,"Woodbridge",95242
"28826",39,68585,116608,2,2012,31,71,"Podesta Ranch Elementary",95209
"28827",39,68585,116608,2,2012,111,88.5,"Podesta Ranch Elementary",95209
"28828",39,68585,116608,3,2012,31,51.5,"Podesta Ranch Elementary",95209
"28829",39,68585,116608,3,2012,111,62.9428571428571,"Podesta Ranch Elementary",95209
"28830",39,68585,116608,4,2012,31,68,"Podesta Ranch Elementary",95209
"28831",39,68585,116608,4,2012,111,80.5,"Podesta Ranch Elementary",95209
"28832",39,68585,116608,5,2012,31,64.3207547169811,"Podesta Ranch Elementary",95209
"28833",39,68585,116608,5,2012,111,75.6666666666667,"Podesta Ranch Elementary",95209
"28834",39,68585,116608,6,2012,31,52.5789473684211,"Podesta Ranch Elementary",95209
"28835",39,68585,116608,6,2012,111,65.5,"Podesta Ranch Elementary",95209
"28836",39,68585,3930237,9,2012,31,44.0104712041885,"Bear Creek High",95209
"28837",39,68585,3930237,9,2012,111,64.316163410302,"Bear Creek High",95209
"28838",39,68585,3930237,10,2012,31,42.6660280970626,"Bear Creek High",95209
"28839",39,68585,3930237,10,2012,111,55.3457831325301,"Bear Creek High",95209
"28840",39,68585,3930237,11,2012,31,41.6235565819861,"Bear Creek High",95209
"28841",39,68585,3930237,11,2012,111,51.7742504409171,"Bear Creek High",95209
"28842",39,68585,3930278,11,2012,31,17.0657894736842,"Plaza Robles Continuation High",95209
"28843",39,68585,3930278,11,2012,111,28.5510204081633,"Plaza Robles Continuation High",95209
"28844",39,68585,3930443,9,2012,31,82.7301587301587,"Middle College High",95207
"28845",39,68585,3930443,9,2012,111,83.4690265486726,"Middle College High",95207
"28846",39,68585,3930443,10,2012,31,79.6220472440945,"Middle College High",95207
"28847",39,68585,3930443,10,2012,111,84.8323353293413,"Middle College High",95207
"28848",39,68585,3930443,11,2012,31,63.7788461538462,"Middle College High",95207
"28849",39,68585,3930443,11,2012,111,68.9042553191489,"Middle College High",95207
"28850",39,68585,3934759,9,2012,31,36.0201342281879,"Tokay High",95240
"28851",39,68585,3934759,9,2012,111,59.7291666666667,"Tokay High",95240
"28852",39,68585,3934759,10,2012,31,28.3959021810972,"Tokay High",95240
"28853",39,68585,3934759,10,2012,111,53.3134328358209,"Tokay High",95240
"28854",39,68585,3934759,11,2012,31,31.4318429661941,"Tokay High",95240
"28855",39,68585,3934759,11,2012,111,58.8120893561104,"Tokay High",95240
"28856",39,68585,3934783,9,2012,31,36.340108401084,"Lodi High",95242
"28857",39,68585,3934783,9,2012,111,68.6652777777778,"Lodi High",95242
"28858",39,68585,3934783,10,2012,31,36.6749769159741,"Lodi High",95242
"28859",39,68585,3934783,10,2012,111,66.3479853479853,"Lodi High",95242
"28860",39,68585,3934783,11,2012,31,36.8133535660091,"Lodi High",95242
"28861",39,68585,3934783,11,2012,111,57.5598086124402,"Lodi High",95242
"28862",39,68585,6042055,2,2012,31,41.5,"Davis Elementary",95212
"28863",39,68585,6042055,3,2012,31,45.5,"Davis Elementary",95212
"28864",39,68585,6042055,4,2012,31,38,"Davis Elementary",95212
"28865",39,68585,6042055,5,2012,31,35.63,"Davis Elementary",95212
"28866",39,68585,6042055,6,2012,31,32,"Davis Elementary",95212
"28867",39,68585,6042063,4,2012,31,100,"Elkhorn",95209
"28868",39,68585,6042063,4,2012,111,100,"Elkhorn",95209
"28869",39,68585,6042063,5,2012,111,100,"Elkhorn",95209
"28870",39,68585,6042063,6,2012,111,100,"Elkhorn",95209
"28871",39,68585,6042063,7,2012,31,97,"Elkhorn",95209
"28872",39,68585,6042063,7,2012,111,98.9722222222222,"Elkhorn",95209
"28873",39,68585,6042063,8,2012,31,95.7663043478261,"Elkhorn",95209
"28874",39,68585,6042063,8,2012,111,96.2222222222222,"Elkhorn",95209
"28875",39,68585,6042121,2,2012,31,22.5,"Houston",95220
"28876",39,68585,6042121,3,2012,31,29,"Houston",95220
"28877",39,68585,6042121,4,2012,31,53,"Houston",95220
"28878",39,68585,6042121,6,2012,31,22.5,"Houston",95220
"28879",39,68585,6042121,7,2012,31,33,"Houston",95220
"28880",39,68585,6042121,8,2012,31,39.4577114427861,"Houston",95220
"28881",39,68585,6042121,8,2012,111,52.5061728395062,"Houston",95220
"28882",39,68585,6042139,2,2012,31,59,"Lakewood Elementary",95242
"28883",39,68585,6042139,2,2012,111,63.5,"Lakewood Elementary",95242
"28884",39,68585,6042139,3,2012,31,25,"Lakewood Elementary",95242
"28885",39,68585,6042139,3,2012,111,71.5,"Lakewood Elementary",95242
"28886",39,68585,6042139,4,2012,31,43,"Lakewood Elementary",95242
"28887",39,68585,6042139,4,2012,111,80,"Lakewood Elementary",95242
"28888",39,68585,6042139,5,2012,31,62,"Lakewood Elementary",95242
"28889",39,68585,6042139,5,2012,111,60.225,"Lakewood Elementary",95242
"28890",39,68585,6042139,6,2012,31,52,"Lakewood Elementary",95242
"28891",39,68585,6042139,6,2012,111,64.9047619047619,"Lakewood Elementary",95242
"28892",39,68585,6042147,2,2012,31,27,"Lawrence Elementary",95240
"28893",39,68585,6042147,3,2012,31,25.1333333333333,"Lawrence Elementary",95240
"28894",39,68585,6042147,4,2012,31,20.5087719298246,"Lawrence Elementary",95240
"28895",39,68585,6042147,5,2012,31,33.025974025974,"Lawrence Elementary",95240
"28896",39,68585,6042147,6,2012,31,51.5,"Lawrence Elementary",95240
"28897",39,68585,6042170,2,2012,31,29.013698630137,"Live Oak Elementary",95240
"28898",39,68585,6042170,2,2012,111,31.5,"Live Oak Elementary",95240
"28899",39,68585,6042170,3,2012,31,31.2388059701493,"Live Oak Elementary",95240
"28900",39,68585,6042170,4,2012,31,47.5,"Live Oak Elementary",95240
"28901",39,68585,6042170,6,2012,31,58.2641509433962,"Live Oak Elementary",95240
"28902",39,68585,6042188,2,2012,31,26.5,"Lockeford Elementary",95237
"28903",39,68585,6042188,2,2012,111,63,"Lockeford Elementary",95237
"28904",39,68585,6042188,3,2012,31,38.5,"Lockeford Elementary",95237
"28905",39,68585,6042188,3,2012,111,44,"Lockeford Elementary",95237
"28906",39,68585,6042188,4,2012,31,48.1764705882353,"Lockeford Elementary",95237
"28907",39,68585,6042188,4,2012,111,65.8571428571429,"Lockeford Elementary",95237
"28908",39,68585,6042188,5,2012,31,45.1666666666667,"Lockeford Elementary",95237
"28909",39,68585,6042188,5,2012,111,84.7735849056604,"Lockeford Elementary",95237
"28910",39,68585,6042188,6,2012,31,23.3272727272727,"Lockeford Elementary",95237
"28911",39,68585,6042188,6,2012,111,44.1764705882353,"Lockeford Elementary",95237
"28912",39,68585,6042188,7,2012,31,46.1492537313433,"Lockeford Elementary",95237
"28913",39,68585,6042188,7,2012,111,79,"Lockeford Elementary",95237
"28914",39,68585,6042196,7,2012,31,52.2967625899281,"Morada Middle",95212
"28915",39,68585,6042196,7,2012,111,62.1724137931034,"Morada Middle",95212
"28916",39,68585,6042196,8,2012,31,47.2863247863248,"Morada Middle",95212
"28917",39,68585,6042196,8,2012,111,60.1612903225806,"Morada Middle",95212
"28918",39,68585,6042204,2,2012,31,41,"Clyde W. Needham Elementary",95240
"28919",39,68585,6042204,3,2012,31,23.5,"Clyde W. Needham Elementary",95240
"28920",39,68585,6042204,5,2012,31,63.3333333333333,"Clyde W. Needham Elementary",95240
"28921",39,68585,6042204,6,2012,31,61,"Clyde W. Needham Elementary",95240
"28922",39,68585,6042220,7,2012,31,45.4471544715447,"Lodi Middle",95242
"28923",39,68585,6042220,7,2012,111,68.7535211267606,"Lodi Middle",95242
"28924",39,68585,6042220,8,2012,31,30.8589743589744,"Lodi Middle",95242
"28925",39,68585,6042220,8,2012,111,56.2030237580993,"Lodi Middle",95242
"28926",39,68585,6042295,2,2012,31,35.5,"Vinewood Elementary",95242
"28927",39,68585,6042295,2,2012,111,65.5,"Vinewood Elementary",95242
"28928",39,68585,6042295,3,2012,31,69,"Vinewood Elementary",95242
"28929",39,68585,6042295,3,2012,111,81.1917808219178,"Vinewood Elementary",95242
"28930",39,68585,6042295,4,2012,31,79.5,"Vinewood Elementary",95242
"28931",39,68585,6042295,4,2012,111,87,"Vinewood Elementary",95242
"28932",39,68585,6042295,5,2012,31,68.6642335766423,"Vinewood Elementary",95242
"28933",39,68585,6042295,5,2012,111,77.6862745098039,"Vinewood Elementary",95242
"28934",39,68585,6042295,6,2012,31,76.5,"Vinewood Elementary",95242
"28935",39,68585,6042295,6,2012,111,88,"Vinewood Elementary",95242
"28936",39,68585,6097760,2,2012,31,32.5,"Heritage Elementary",95240
"28937",39,68585,6097760,3,2012,31,40.5,"Heritage Elementary",95240
"28938",39,68585,6097760,4,2012,31,37.9424460431655,"Heritage Elementary",95240
"28939",39,68585,6097760,5,2012,31,50.6666666666667,"Heritage Elementary",95240
"28940",39,68585,6097760,6,2012,31,34.5,"Heritage Elementary",95240
"28941",39,68585,6098057,2,2012,31,22.4098360655738,"Victor Elementary",95253
"28942",39,68585,6098057,4,2012,31,17.1428571428571,"Victor Elementary",95253
"28943",39,68585,6098057,5,2012,31,14.6666666666667,"Victor Elementary",95253
"28944",39,68585,6098057,6,2012,31,43.76,"Victor Elementary",95253
"28945",39,68585,6098057,6,2012,111,67,"Victor Elementary",95253
"28946",39,68585,6100341,2,2012,31,34.5,"Oakwood Elementary",95209
"28947",39,68585,6100341,3,2012,31,34.3,"Oakwood Elementary",95209
"28948",39,68585,6100341,4,2012,31,46,"Oakwood Elementary",95209
"28949",39,68585,6100341,4,2012,111,45,"Oakwood Elementary",95209
"28950",39,68585,6100341,5,2012,31,25.9558011049724,"Oakwood Elementary",95209
"28951",39,68585,6100341,6,2012,31,32.4915254237288,"Oakwood Elementary",95209
"28952",39,68585,6100366,2,2012,31,39.011320754717,"Parklane Elementary",95210
"28953",39,68585,6100366,3,2012,31,27.5,"Parklane Elementary",95210
"28954",39,68585,6100366,3,2012,111,40.5,"Parklane Elementary",95210
"28955",39,68585,6104038,2,2012,31,42.5,"Creekside Elementary",95209
"28956",39,68585,6104038,3,2012,31,42.5,"Creekside Elementary",95209
"28957",39,68585,6104038,4,2012,31,43.3157894736842,"Creekside Elementary",95209
"28958",39,68585,6104038,4,2012,111,64,"Creekside Elementary",95209
"28959",39,68585,6104038,5,2012,31,46.9166666666667,"Creekside Elementary",95209
"28960",39,68585,6104038,6,2012,31,39.4957264957265,"Creekside Elementary",95209
"28961",39,68585,6104038,6,2012,111,62,"Creekside Elementary",95209
"28962",39,68585,6104426,2,2012,31,56.5,"Clairmont Elementary",95210
"28963",39,68585,6104426,3,2012,31,61.5,"Clairmont Elementary",95210
"28964",39,68585,6104426,4,2012,31,62.5,"Clairmont Elementary",95210
"28965",39,68585,6104426,5,2012,31,39.6647727272727,"Clairmont Elementary",95210
"28966",39,68585,6104426,6,2012,31,50,"Clairmont Elementary",95210
"28967",39,68585,6107114,7,2012,31,38.9617834394904,"Delta Sierra Middle",95209
"28968",39,68585,6107114,7,2012,111,50.8571428571429,"Delta Sierra Middle",95209
"28969",39,68585,6107114,8,2012,31,33.5331230283912,"Delta Sierra Middle",95209
"28970",39,68585,6107114,8,2012,111,42.848275862069,"Delta Sierra Middle",95209
"28971",39,68585,6108807,2,2012,31,35.5,"Wagner-Holt Elementary",95209
"28972",39,68585,6108807,3,2012,31,30.4324324324324,"Wagner-Holt Elementary",95209
"28973",39,68585,6108807,4,2012,31,54.5042016806723,"Wagner-Holt Elementary",95209
"28974",39,68585,6108807,5,2012,31,44,"Wagner-Holt Elementary",95209
"28975",39,68585,6108807,6,2012,31,26.7906976744186,"Wagner-Holt Elementary",95209
"28976",39,68585,6108807,6,2012,111,59.5,"Wagner-Holt Elementary",95209
"28977",39,68585,6108856,2,2012,31,31,"Beckman Elementary",95240
"28978",39,68585,6108856,2,2012,111,50,"Beckman Elementary",95240
"28979",39,68585,6108856,3,2012,31,33,"Beckman Elementary",95240
"28980",39,68585,6108856,4,2012,31,55.027397260274,"Beckman Elementary",95240
"28981",39,68585,6108856,5,2012,31,32.3469387755102,"Beckman Elementary",95240
"28982",39,68585,6108856,6,2012,31,49.9079754601227,"Beckman Elementary",95240
"28983",39,68585,6108856,6,2012,111,64,"Beckman Elementary",95240
"28984",39,68585,6109839,2,2012,31,40,"Westwood Elementary",95210
"28985",39,68585,6109839,3,2012,31,46,"Westwood Elementary",95210
"28986",39,68585,6109839,4,2012,31,54.5766423357664,"Westwood Elementary",95210
"28987",39,68585,6109839,5,2012,31,45.6728971962617,"Westwood Elementary",95210
"28988",39,68585,6109839,6,2012,31,36,"Westwood Elementary",95210
"28989",39,68585,6110944,4,2012,31,46.5,"Sutherland Elementary",95210
"28990",39,68585,6110944,5,2012,31,38.9028571428571,"Sutherland Elementary",95210
"28991",39,68585,6110944,6,2012,31,23.0224215246637,"Sutherland Elementary",95210
"28992",39,68593,116376,9,2012,31,28.5528169014085,"Lathrop High",95330
"28993",39,68593,116376,9,2012,111,42.7483870967742,"Lathrop High",95330
"28994",39,68593,116376,10,2012,31,23.2168525402726,"Lathrop High",95330
"28995",39,68593,116376,10,2012,111,41.0257425742574,"Lathrop High",95330
"28996",39,68593,116376,11,2012,31,27.8174442190669,"Lathrop High",95330
"28997",39,68593,116376,11,2012,111,34.159169550173,"Lathrop High",95330
"28998",39,68593,3930310,9,2012,31,32.9638554216867,"Sierra High",95336
"28999",39,68593,3930310,9,2012,111,46.7462686567164,"Sierra High",95336
"29000",39,68593,3930310,10,2012,31,31.608938547486,"Sierra High",95336
"29001",39,68593,3930310,10,2012,111,42.2820211515864,"Sierra High",95336
"29002",39,68593,3930310,11,2012,31,34.5277777777778,"Sierra High",95336
"29003",39,68593,3930310,11,2012,111,49.1122994652406,"Sierra High",95336
"29004",39,68593,3932001,9,2012,31,42.2216582064298,"East Union High",95336
"29005",39,68593,3932001,9,2012,111,56.3371040723982,"East Union High",95336
"29006",39,68593,3932001,10,2012,31,28.4901554404145,"East Union High",95336
"29007",39,68593,3932001,10,2012,111,42.1808367071525,"East Union High",95336
"29008",39,68593,3932001,11,2012,31,31.5918367346939,"East Union High",95336
"29009",39,68593,3932001,11,2012,111,46.8114754098361,"East Union High",95336
"29010",39,68593,3935103,9,2012,31,37.4247491638796,"Manteca High",95336
"29011",39,68593,3935103,9,2012,111,55.1809210526316,"Manteca High",95336
"29012",39,68593,3935103,10,2012,31,28.3388235294118,"Manteca High",95336
"29013",39,68593,3935103,10,2012,111,47.6434911242604,"Manteca High",95336
"29014",39,68593,3935103,11,2012,31,34.1353965183752,"Manteca High",95336
"29015",39,68593,3935103,11,2012,111,43.0636042402827,"Manteca High",95336
"29016",39,68593,6042329,2,2012,31,45.5,"Golden West Elementary",95336
"29017",39,68593,6042329,3,2012,31,52,"Golden West Elementary",95336
"29018",39,68593,6042329,3,2012,111,50,"Golden West Elementary",95336
"29019",39,68593,6042329,4,2012,31,48.3398058252427,"Golden West Elementary",95336
"29020",39,68593,6042329,5,2012,31,59.74375,"Golden West Elementary",95336
"29021",39,68593,6042329,5,2012,111,55,"Golden West Elementary",95336
"29022",39,68593,6042329,6,2012,31,35.963963963964,"Golden West Elementary",95336
"29023",39,68593,6042329,7,2012,31,49.0549450549451,"Golden West Elementary",95336
"29024",39,68593,6042329,7,2012,111,79,"Golden West Elementary",95336
"29025",39,68593,6042329,8,2012,31,31.4260089686099,"Golden West Elementary",95336
"29026",39,68593,6042337,2,2012,31,39,"Lathrop Elementary",95330
"29027",39,68593,6042337,2,2012,111,63.5,"Lathrop Elementary",95330
"29028",39,68593,6042337,3,2012,31,25,"Lathrop Elementary",95330
"29029",39,68593,6042337,3,2012,111,38.3103448275862,"Lathrop Elementary",95330
"29030",39,68593,6042337,4,2012,31,38.9545454545455,"Lathrop Elementary",95330
"29031",39,68593,6042337,4,2012,111,74.59375,"Lathrop Elementary",95330
"29032",39,68593,6042337,5,2012,31,39.9663461538462,"Lathrop Elementary",95330
"29033",39,68593,6042337,5,2012,111,52.3333333333333,"Lathrop Elementary",95330
"29034",39,68593,6042337,6,2012,31,32.5084745762712,"Lathrop Elementary",95330
"29035",39,68593,6042337,6,2012,111,71,"Lathrop Elementary",95330
"29036",39,68593,6042337,7,2012,31,42.5,"Lathrop Elementary",95330
"29037",39,68593,6042337,7,2012,111,60,"Lathrop Elementary",95330
"29038",39,68593,6042337,8,2012,31,29.7712177121771,"Lathrop Elementary",95330
"29039",39,68593,6042337,8,2012,111,46.0537634408602,"Lathrop Elementary",95330
"29040",39,68593,6042345,2,2012,31,40,"Lincoln Elementary",95336
"29041",39,68593,6042345,3,2012,31,36,"Lincoln Elementary",95336
"29042",39,68593,6042345,4,2012,31,53.5,"Lincoln Elementary",95336
"29043",39,68593,6042345,4,2012,111,58.5,"Lincoln Elementary",95336
"29044",39,68593,6042345,5,2012,31,31.6666666666667,"Lincoln Elementary",95336
"29045",39,68593,6042345,6,2012,31,30.5,"Lincoln Elementary",95336
"29046",39,68593,6042345,7,2012,31,42.8928571428571,"Lincoln Elementary",95336
"29047",39,68593,6042345,8,2012,31,36.4933920704846,"Lincoln Elementary",95336
"29048",39,68593,6042360,2,2012,31,43.5492957746479,"New Haven Elementary",95336
"29049",39,68593,6042360,2,2012,111,84.5,"New Haven Elementary",95336
"29050",39,68593,6042360,3,2012,31,67,"New Haven Elementary",95336
"29051",39,68593,6042360,3,2012,111,78,"New Haven Elementary",95336
"29052",39,68593,6042360,4,2012,31,68.6315789473684,"New Haven Elementary",95336
"29053",39,68593,6042360,4,2012,111,86,"New Haven Elementary",95336
"29054",39,68593,6042360,5,2012,31,56.7310924369748,"New Haven Elementary",95336
"29055",39,68593,6042360,5,2012,111,68.3333333333333,"New Haven Elementary",95336
"29056",39,68593,6042360,6,2012,31,44.5076923076923,"New Haven Elementary",95336
"29057",39,68593,6042360,6,2012,111,62.3389830508475,"New Haven Elementary",95336
"29058",39,68593,6042360,7,2012,31,67.5,"New Haven Elementary",95336
"29059",39,68593,6042360,7,2012,111,83.9508196721311,"New Haven Elementary",95336
"29060",39,68593,6042360,8,2012,31,62.8135593220339,"New Haven Elementary",95336
"29061",39,68593,6042360,8,2012,111,75.9739130434783,"New Haven Elementary",95336
"29062",39,68593,6042394,2,2012,31,40,"Shasta Elementary",95336
"29063",39,68593,6042394,2,2012,111,53.5,"Shasta Elementary",95336
"29064",39,68593,6042394,3,2012,31,39,"Shasta Elementary",95336
"29065",39,68593,6042394,3,2012,111,18,"Shasta Elementary",95336
"29066",39,68593,6042394,4,2012,31,42.5401459854015,"Shasta Elementary",95336
"29067",39,68593,6042394,4,2012,111,65.9024390243902,"Shasta Elementary",95336
"29068",39,68593,6042394,5,2012,31,49.3779069767442,"Shasta Elementary",95336
"29069",39,68593,6042394,5,2012,111,61.3333333333333,"Shasta Elementary",95336
"29070",39,68593,6042394,6,2012,31,32.5,"Shasta Elementary",95336
"29071",39,68593,6042394,6,2012,111,56,"Shasta Elementary",95336
"29072",39,68593,6042394,7,2012,31,50.5037593984962,"Shasta Elementary",95336
"29073",39,68593,6042394,7,2012,111,56,"Shasta Elementary",95336
"29074",39,68593,6042394,8,2012,31,34.0874524714829,"Shasta Elementary",95336
"29075",39,68593,6042394,8,2012,111,50.1913043478261,"Shasta Elementary",95336
"29076",39,68619,6042428,2,2012,31,64,"New Hope Elementary",95686
"29077",39,68619,6042428,3,2012,31,79.84,"New Hope Elementary",95686
"29078",39,68619,6042428,4,2012,31,59.5,"New Hope Elementary",95686
"29079",39,68619,6042428,5,2012,31,33.280701754386,"New Hope Elementary",95686
"29080",39,68619,6042428,6,2012,31,31.4,"New Hope Elementary",95686
"29081",39,68619,6042428,7,2012,31,27,"New Hope Elementary",95686
"29082",39,68619,6042428,8,2012,31,43.0526315789474,"New Hope Elementary",95686
"29083",39,68627,117796,2,2012,111,59.5,"New Jerusalem",95304
"29084",39,68627,117796,3,2012,31,36.1515151515151,"New Jerusalem",95304
"29085",39,68627,117796,4,2012,31,64,"New Jerusalem",95304
"29086",39,68627,117796,4,2012,111,84.5,"New Jerusalem",95304
"29087",39,68627,117796,5,2012,31,67,"New Jerusalem",95304
"29088",39,68627,117796,5,2012,111,57,"New Jerusalem",95304
"29089",39,68627,117796,6,2012,31,40.5,"New Jerusalem",95304
"29090",39,68627,117796,6,2012,111,59.5,"New Jerusalem",95304
"29091",39,68627,117796,7,2012,31,25,"New Jerusalem",95304
"29092",39,68627,117796,7,2012,111,77,"New Jerusalem",95304
"29093",39,68627,117796,8,2012,31,31.5,"New Jerusalem",95304
"29094",39,68627,6119309,7,2012,111,50,"Delta Charter",95304
"29095",39,68627,6119309,8,2012,31,25,"Delta Charter",95304
"29096",39,68627,6119309,8,2012,111,60.8888888888889,"Delta Charter",95304
"29097",39,68627,6119309,9,2012,31,26.3406593406593,"Delta Charter",95304
"29098",39,68627,6119309,9,2012,111,34.1645569620253,"Delta Charter",95304
"29099",39,68627,6119309,10,2012,31,23.9325581395349,"Delta Charter",95304
"29100",39,68627,6119309,10,2012,111,27.202614379085,"Delta Charter",95304
"29101",39,68627,6119309,11,2012,31,20.0569800569801,"Delta Charter",95304
"29102",39,68627,6119309,11,2012,111,25.0408163265306,"Delta Charter",95304
"29103",39,68635,6042444,2,2012,31,70.5,"Oak View Elementary",95220
"29104",39,68635,6042444,2,2012,111,76,"Oak View Elementary",95220
"29105",39,68635,6042444,3,2012,31,57,"Oak View Elementary",95220
"29106",39,68635,6042444,3,2012,111,76.5,"Oak View Elementary",95220
"29107",39,68635,6042444,4,2012,31,69,"Oak View Elementary",95220
"29108",39,68635,6042444,4,2012,111,86.4406779661017,"Oak View Elementary",95220
"29109",39,68635,6042444,5,2012,31,67.6760563380282,"Oak View Elementary",95220
"29110",39,68635,6042444,5,2012,111,67.2068965517241,"Oak View Elementary",95220
"29111",39,68635,6042444,6,2012,31,43,"Oak View Elementary",95220
"29112",39,68635,6042444,6,2012,111,60,"Oak View Elementary",95220
"29113",39,68635,6042444,7,2012,31,69.4651162790698,"Oak View Elementary",95220
"29114",39,68635,6042444,7,2012,111,88.5,"Oak View Elementary",95220
"29115",39,68635,6042444,8,2012,31,62.7674418604651,"Oak View Elementary",95220
"29116",39,68635,6042444,8,2012,111,91.1884057971015,"Oak View Elementary",95220
"29117",39,68650,108035,2,2012,31,83.5,"Park View Elementary",95366
"29118",39,68650,108035,2,2012,111,88.5,"Park View Elementary",95366
"29119",39,68650,108035,3,2012,111,89.5,"Park View Elementary",95366
"29120",39,68650,108035,4,2012,31,80.5,"Park View Elementary",95366
"29121",39,68650,108035,4,2012,111,91,"Park View Elementary",95366
"29122",39,68650,108035,5,2012,31,51.3333333333333,"Park View Elementary",95366
"29123",39,68650,108035,5,2012,111,76.0165289256198,"Park View Elementary",95366
"29124",39,68650,108035,6,2012,111,74,"Park View Elementary",95366
"29125",39,68650,108035,7,2012,111,65.2608695652174,"Park View Elementary",95366
"29126",39,68650,108035,8,2012,111,59.7692307692308,"Park View Elementary",95366
"29127",39,68650,3935756,9,2012,31,37.1968911917098,"Ripon High",95366
"29128",39,68650,3935756,9,2012,111,58.4773269689737,"Ripon High",95366
"29129",39,68650,3935756,10,2012,31,35.1303258145363,"Ripon High",95366
"29130",39,68650,3935756,10,2012,111,52.9172714078374,"Ripon High",95366
"29131",39,68650,3935756,11,2012,31,35.9490909090909,"Ripon High",95366
"29132",39,68650,3935756,11,2012,111,47.1575757575758,"Ripon High",95366
"29133",39,68650,6042477,2,2012,31,64,"Ripon Elementary",95366
"29134",39,68650,6042477,2,2012,111,68,"Ripon Elementary",95366
"29135",39,68650,6042477,3,2012,31,51.5,"Ripon Elementary",95366
"29136",39,68650,6042477,3,2012,111,73.5,"Ripon Elementary",95366
"29137",39,68650,6042477,4,2012,31,65,"Ripon Elementary",95366
"29138",39,68650,6042477,4,2012,111,90,"Ripon Elementary",95366
"29139",39,68650,6042477,5,2012,31,24.3333333333333,"Ripon Elementary",95366
"29140",39,68650,6042477,5,2012,111,60.4651162790698,"Ripon Elementary",95366
"29141",39,68650,6042477,6,2012,31,56.5,"Ripon Elementary",95366
"29142",39,68650,6042477,7,2012,31,57.1076923076923,"Ripon Elementary",95366
"29143",39,68650,6042477,7,2012,111,73.4736842105263,"Ripon Elementary",95366
"29144",39,68650,6042477,8,2012,31,38.8981481481481,"Ripon Elementary",95366
"29145",39,68650,6042477,8,2012,111,63.6666666666667,"Ripon Elementary",95366
"29146",39,68650,6042485,2,2012,31,45.5,"Ripona Elementary",95366
"29147",39,68650,6042485,2,2012,111,62.5,"Ripona Elementary",95366
"29148",39,68650,6042485,3,2012,31,61.5,"Ripona Elementary",95366
"29149",39,68650,6042485,3,2012,111,97,"Ripona Elementary",95366
"29150",39,68650,6042485,4,2012,31,53.5,"Ripona Elementary",95366
"29151",39,68650,6042485,4,2012,111,76.5,"Ripona Elementary",95366
"29152",39,68650,6042485,5,2012,111,66.6666666666667,"Ripona Elementary",95366
"29153",39,68650,6042485,6,2012,31,43.5,"Ripona Elementary",95366
"29154",39,68650,6042485,6,2012,111,65.5,"Ripona Elementary",95366
"29155",39,68650,6042485,7,2012,31,52.6271186440678,"Ripona Elementary",95366
"29156",39,68650,6042485,7,2012,111,69.1923076923077,"Ripona Elementary",95366
"29157",39,68650,6042485,8,2012,31,51.3636363636364,"Ripona Elementary",95366
"29158",39,68650,6042485,8,2012,111,88.0764331210191,"Ripona Elementary",95366
"29159",39,68650,6106322,2,2012,31,35,"Weston Elementary",95366
"29160",39,68650,6106322,2,2012,111,55,"Weston Elementary",95366
"29161",39,68650,6106322,3,2012,31,32.3111111111111,"Weston Elementary",95366
"29162",39,68650,6106322,3,2012,111,68.6119402985075,"Weston Elementary",95366
"29163",39,68650,6106322,4,2012,111,87.5,"Weston Elementary",95366
"29164",39,68650,6106322,5,2012,31,21.3333333333333,"Weston Elementary",95366
"29165",39,68650,6106322,5,2012,111,59.6666666666667,"Weston Elementary",95366
"29166",39,68650,6106322,6,2012,31,63,"Weston Elementary",95366
"29167",39,68650,6106322,6,2012,111,58,"Weston Elementary",95366
"29168",39,68650,6106322,7,2012,31,68.5,"Weston Elementary",95366
"29169",39,68650,6106322,7,2012,111,83.1515151515152,"Weston Elementary",95366
"29170",39,68650,6106322,8,2012,111,80.1142857142857,"Weston Elementary",95366
"29171",39,68650,6109284,2,2012,31,65.5,"Colony Oak Elementary",95366
"29172",39,68650,6109284,2,2012,111,77.5,"Colony Oak Elementary",95366
"29173",39,68650,6109284,3,2012,31,61,"Colony Oak Elementary",95366
"29174",39,68650,6109284,3,2012,111,75.8607594936709,"Colony Oak Elementary",95366
"29175",39,68650,6109284,4,2012,31,75,"Colony Oak Elementary",95366
"29176",39,68650,6109284,4,2012,111,87.038961038961,"Colony Oak Elementary",95366
"29177",39,68650,6109284,5,2012,111,76.9384615384615,"Colony Oak Elementary",95366
"29178",39,68650,6109284,6,2012,31,69,"Colony Oak Elementary",95366
"29179",39,68650,6109284,6,2012,111,84.5180722891566,"Colony Oak Elementary",95366
"29180",39,68650,6109284,7,2012,111,78.1739130434783,"Colony Oak Elementary",95366
"29181",39,68650,6109284,8,2012,31,55.9824561403509,"Colony Oak Elementary",95366
"29182",39,68650,6109284,8,2012,111,72.2408376963351,"Colony Oak Elementary",95366
"29183",39,68676,100206,2,2012,31,44.5,"George W. Bush Elementary",95212
"29184",39,68676,100206,2,2012,111,56,"George W. Bush Elementary",95212
"29185",39,68676,100206,3,2012,31,40.5,"George W. Bush Elementary",95212
"29186",39,68676,100206,3,2012,111,67,"George W. Bush Elementary",95212
"29187",39,68676,100206,4,2012,31,46.5,"George W. Bush Elementary",95212
"29188",39,68676,100206,4,2012,111,67.4186046511628,"George W. Bush Elementary",95212
"29189",39,68676,100206,5,2012,31,43,"George W. Bush Elementary",95212
"29190",39,68676,100206,5,2012,111,44.6666666666667,"George W. Bush Elementary",95212
"29191",39,68676,100206,6,2012,31,43,"George W. Bush Elementary",95212
"29192",39,68676,100206,6,2012,111,61.5,"George W. Bush Elementary",95212
"29193",39,68676,100206,7,2012,31,39,"George W. Bush Elementary",95212
"29194",39,68676,100206,7,2012,111,50,"George W. Bush Elementary",95212
"29195",39,68676,100206,8,2012,31,34.8486842105263,"George W. Bush Elementary",95212
"29196",39,68676,100206,8,2012,111,57.4016393442623,"George W. Bush Elementary",95212
"29197",39,68676,108159,9,2012,31,18.6736842105263,"Cesar Chavez High",95212
"29198",39,68676,108159,9,2012,111,22.0550847457627,"Cesar Chavez High",95212
"29199",39,68676,108159,10,2012,31,24.1257790368272,"Cesar Chavez High",95212
"29200",39,68676,108159,10,2012,111,33.4440789473684,"Cesar Chavez High",95212
"29201",39,68676,108159,11,2012,31,23.1089655172414,"Cesar Chavez High",95212
"29202",39,68676,108159,11,2012,111,22.0073891625616,"Cesar Chavez High",95212
"29203",39,68676,111310,2,2012,31,41,"John Marshall Elementary",95206
"29204",39,68676,111310,3,2012,31,42,"John Marshall Elementary",95206
"29205",39,68676,111310,4,2012,31,34.4700854700855,"John Marshall Elementary",95206
"29206",39,68676,111310,5,2012,31,32.6358974358974,"John Marshall Elementary",95206
"29207",39,68676,111310,6,2012,31,27.992,"John Marshall Elementary",95206
"29208",39,68676,111310,7,2012,31,53,"John Marshall Elementary",95206
"29209",39,68676,111310,8,2012,31,44.3616071428571,"John Marshall Elementary",95206
"29210",39,68676,111336,2,2012,31,28.4967320261438,"Pittman Charter",95202
"29211",39,68676,111336,3,2012,31,23.3873873873874,"Pittman Charter",95202
"29212",39,68676,111336,4,2012,31,43.9375,"Pittman Charter",95202
"29213",39,68676,111336,5,2012,31,44.9639175257732,"Pittman Charter",95202
"29214",39,68676,111336,6,2012,31,21.4018691588785,"Pittman Charter",95202
"29215",39,68676,111336,7,2012,31,36,"Pittman Charter",95202
"29216",39,68676,111336,8,2012,31,22.0878661087866,"Pittman Charter",95202
"29217",39,68676,111344,2,2012,31,16.0163265306122,"Wilhelmina Henry Elementary",95215
"29218",39,68676,111344,3,2012,31,22.9513513513514,"Wilhelmina Henry Elementary",95215
"29219",39,68676,111344,4,2012,31,38,"Wilhelmina Henry Elementary",95215
"29220",39,68676,111344,5,2012,31,27.985559566787,"Wilhelmina Henry Elementary",95215
"29221",39,68676,111344,6,2012,31,27.5,"Wilhelmina Henry Elementary",95215
"29222",39,68676,111344,7,2012,31,20.0769230769231,"Wilhelmina Henry Elementary",95215
"29223",39,68676,111344,8,2012,31,23.9137931034483,"Wilhelmina Henry Elementary",95215
"29224",39,68676,111351,2,2012,31,19,"John C. Fremont Elementary",95205
"29225",39,68676,111351,3,2012,31,33.5,"John C. Fremont Elementary",95205
"29226",39,68676,111351,4,2012,31,20.9943502824859,"John C. Fremont Elementary",95205
"29227",39,68676,111351,5,2012,31,22.334693877551,"John C. Fremont Elementary",95205
"29228",39,68676,111351,6,2012,31,14,"John C. Fremont Elementary",95205
"29229",39,68676,111351,7,2012,31,26,"John C. Fremont Elementary",95205
"29230",39,68676,111351,8,2012,31,15.9375,"John C. Fremont Elementary",95205
"29231",39,68676,111369,2,2012,31,28.5082872928177,"Alexander Hamilton Elementary",95206
"29232",39,68676,111369,3,2012,31,23.9712918660287,"Alexander Hamilton Elementary",95206
"29233",39,68676,111369,4,2012,31,28,"Alexander Hamilton Elementary",95206
"29234",39,68676,111369,5,2012,31,42.6666666666667,"Alexander Hamilton Elementary",95206
"29235",39,68676,111369,6,2012,31,29.5,"Alexander Hamilton Elementary",95206
"29236",39,68676,111369,7,2012,31,38,"Alexander Hamilton Elementary",95206
"29237",39,68676,111369,8,2012,31,17.9298245614035,"Alexander Hamilton Elementary",95206
"29238",39,68676,115303,2,2012,31,45,"Valentine Peyton Elementary",95212
"29239",39,68676,115303,2,2012,111,73,"Valentine Peyton Elementary",95212
"29240",39,68676,115303,3,2012,31,59.5,"Valentine Peyton Elementary",95212
"29241",39,68676,115303,3,2012,111,79.5,"Valentine Peyton Elementary",95212
"29242",39,68676,115303,4,2012,31,42.5,"Valentine Peyton Elementary",95212
"29243",39,68676,115303,4,2012,111,69,"Valentine Peyton Elementary",95212
"29244",39,68676,115303,5,2012,31,34.3032786885246,"Valentine Peyton Elementary",95212
"29245",39,68676,115303,5,2012,111,45,"Valentine Peyton Elementary",95212
"29246",39,68676,115303,6,2012,31,32,"Valentine Peyton Elementary",95212
"29247",39,68676,115303,6,2012,111,50,"Valentine Peyton Elementary",95212
"29248",39,68676,115303,7,2012,31,62.5,"Valentine Peyton Elementary",95212
"29249",39,68676,115303,7,2012,111,83.5,"Valentine Peyton Elementary",95212
"29250",39,68676,115303,8,2012,31,41.9395017793594,"Valentine Peyton Elementary",95212
"29251",39,68676,115303,8,2012,111,52.5,"Valentine Peyton Elementary",95212
"29252",39,68676,118752,2,2012,31,29,"Spanos (Alex G.) Elementary",95203
"29253",39,68676,118752,3,2012,31,35,"Spanos (Alex G.) Elementary",95203
"29254",39,68676,118752,4,2012,31,46.6173913043478,"Spanos (Alex G.) Elementary",95203
"29255",39,68676,118752,5,2012,31,24.3473684210526,"Spanos (Alex G.) Elementary",95203
"29256",39,68676,118752,6,2012,31,31.5,"Spanos (Alex G.) Elementary",95203
"29257",39,68676,118752,7,2012,31,31.4912280701754,"Spanos (Alex G.) Elementary",95203
"29258",39,68676,118752,8,2012,31,30.5,"Spanos (Alex G.) Elementary",95203
"29259",39,68676,119784,10,2012,31,15,"Stockton High",95202
"29260",39,68676,119784,11,2012,31,8.09027777777778,"Stockton High",95202
"29261",39,68676,119784,11,2012,111,8.57142857142857,"Stockton High",95202
"29262",39,68676,121798,2,2012,31,50,"Primary Years Academy",95204
"29263",39,68676,121798,3,2012,31,34.5,"Primary Years Academy",95204
"29264",39,68676,121798,4,2012,31,55.5,"Primary Years Academy",95204
"29265",39,68676,121798,5,2012,31,50,"Primary Years Academy",95204
"29266",39,68676,124248,9,2012,31,38.5964912280702,"Pacific Law Academy",95207
"29267",39,68676,124248,10,2012,31,42.5260416666667,"Pacific Law Academy",95207
"29268",39,68676,124248,10,2012,111,54.75,"Pacific Law Academy",95207
"29269",39,68676,124248,11,2012,31,44.7651515151515,"Pacific Law Academy",95207
"29270",39,68676,124248,11,2012,111,46.9148936170213,"Pacific Law Academy",95207
"29271",39,68676,3930211,10,2012,31,5.72602739726027,"Jane Frederick High",95205
"29272",39,68676,3930211,11,2012,31,5.48695652173913,"Jane Frederick High",95205
"29273",39,68676,3930211,11,2012,111,7,"Jane Frederick High",95205
"29274",39,68676,3930427,9,2012,31,25.8214285714286,"Weber Institute",95203
"29275",39,68676,3930427,10,2012,31,29.2365339578454,"Weber Institute",95203
"29276",39,68676,3930427,10,2012,111,32.6083333333333,"Weber Institute",95203
"29277",39,68676,3930427,11,2012,31,24.7748091603053,"Weber Institute",95203
"29278",39,68676,3930427,11,2012,111,32.5,"Weber Institute",95203
"29279",39,68676,3932100,9,2012,31,21.1118421052632,"Edison High",95206
"29280",39,68676,3932100,9,2012,111,22.7966101694915,"Edison High",95206
"29281",39,68676,3932100,10,2012,31,26.0829825616356,"Edison High",95206
"29282",39,68676,3932100,10,2012,111,35.2128279883382,"Edison High",95206
"29283",39,68676,3932100,11,2012,31,18.4229074889868,"Edison High",95206
"29284",39,68676,3932100,11,2012,111,28.8714285714286,"Edison High",95206
"29285",39,68676,3932654,6,2012,31,57,"Franklin High",95215
"29286",39,68676,3932654,7,2012,31,57.475,"Franklin High",95215
"29287",39,68676,3932654,8,2012,31,50.1627906976744,"Franklin High",95215
"29288",39,68676,3932654,8,2012,111,54.4545454545455,"Franklin High",95215
"29289",39,68676,3932654,9,2012,31,24.2610985703536,"Franklin High",95215
"29290",39,68676,3932654,9,2012,111,33.7583643122677,"Franklin High",95215
"29291",39,68676,3932654,10,2012,31,19.8687596500257,"Franklin High",95215
"29292",39,68676,3932654,10,2012,111,27.1818181818182,"Franklin High",95215
"29293",39,68676,3932654,11,2012,31,25.3675213675214,"Franklin High",95215
"29294",39,68676,3932654,11,2012,111,32.2755905511811,"Franklin High",95215
"29295",39,68676,3937406,9,2012,31,20.989921612542,"Stagg Senior High",95207
"29296",39,68676,3937406,9,2012,111,33.3362445414847,"Stagg Senior High",95207
"29297",39,68676,3937406,10,2012,31,27.8293351610692,"Stagg Senior High",95207
"29298",39,68676,3937406,10,2012,111,36.6700251889169,"Stagg Senior High",95207
"29299",39,68676,3937406,11,2012,31,21.9644012944984,"Stagg Senior High",95207
"29300",39,68676,3937406,11,2012,111,28.2905660377359,"Stagg Senior High",95207
"29301",39,68676,6042501,2,2012,31,26,"Adams Elementary",95207
"29302",39,68676,6042501,3,2012,31,15.4529914529915,"Adams Elementary",95207
"29303",39,68676,6042501,4,2012,31,56.2983870967742,"Adams Elementary",95207
"29304",39,68676,6042501,5,2012,31,17.0152671755725,"Adams Elementary",95207
"29305",39,68676,6042501,6,2012,31,46.5,"Adams Elementary",95207
"29306",39,68676,6042501,7,2012,31,51.5360824742268,"Adams Elementary",95207
"29307",39,68676,6042501,8,2012,31,42.1240310077519,"Adams Elementary",95207
"29308",39,68676,6042519,2,2012,31,46,"August Elementary",95205
"29309",39,68676,6042519,3,2012,31,20,"August Elementary",95205
"29310",39,68676,6042519,4,2012,31,42.5,"August Elementary",95205
"29311",39,68676,6042519,5,2012,31,33.3333333333333,"August Elementary",95205
"29312",39,68676,6042519,6,2012,31,17.5,"August Elementary",95205
"29313",39,68676,6042519,7,2012,31,35.5,"August Elementary",95205
"29314",39,68676,6042519,8,2012,31,28.4183266932271,"August Elementary",95205
"29315",39,68676,6042535,3,2012,31,39,"Cleveland Elementary",95204
"29316",39,68676,6042535,4,2012,31,43,"Cleveland Elementary",95204
"29317",39,68676,6042535,5,2012,31,27.6938775510204,"Cleveland Elementary",95204
"29318",39,68676,6042535,6,2012,31,35.976,"Cleveland Elementary",95204
"29319",39,68676,6042535,7,2012,31,43.0630630630631,"Cleveland Elementary",95204
"29320",39,68676,6042535,8,2012,31,29.8255813953488,"Cleveland Elementary",95204
"29321",39,68676,6042543,2,2012,31,41,"El Dorado Elementary",95204
"29322",39,68676,6042543,3,2012,31,34.4585365853659,"El Dorado Elementary",95204
"29323",39,68676,6042543,4,2012,31,46,"El Dorado Elementary",95204
"29324",39,68676,6042543,5,2012,31,20.0180722891566,"El Dorado Elementary",95204
"29325",39,68676,6042543,6,2012,31,28.5,"El Dorado Elementary",95204
"29326",39,68676,6042543,7,2012,31,37.024,"El Dorado Elementary",95204
"29327",39,68676,6042543,8,2012,31,6.41463414634146,"El Dorado Elementary",95204
"29328",39,68676,6042550,2,2012,31,47,"Elmwood Elementary",95215
"29329",39,68676,6042550,3,2012,31,32.5,"Elmwood Elementary",95215
"29330",39,68676,6042550,4,2012,31,35.5245901639344,"Elmwood Elementary",95215
"29331",39,68676,6042550,5,2012,31,22.3333333333333,"Elmwood Elementary",95215
"29332",39,68676,6042550,6,2012,31,28,"Elmwood Elementary",95215
"29333",39,68676,6042550,7,2012,31,44.5,"Elmwood Elementary",95215
"29334",39,68676,6042550,8,2012,31,41.7859237536657,"Elmwood Elementary",95215
"29335",39,68676,6042568,2,2012,31,41,"King Elementary",95205
"29336",39,68676,6042568,3,2012,31,36,"King Elementary",95205
"29337",39,68676,6042568,4,2012,31,48.4691943127962,"King Elementary",95205
"29338",39,68676,6042568,5,2012,31,38.3410404624277,"King Elementary",95205
"29339",39,68676,6042568,6,2012,31,30.5,"King Elementary",95205
"29340",39,68676,6042568,7,2012,31,39,"King Elementary",95205
"29341",39,68676,6042568,8,2012,31,27.6675531914894,"King Elementary",95205
"29342",39,68676,6042576,2,2012,31,32.5,"Fillmore Elementary",95205
"29343",39,68676,6042576,3,2012,31,40.5,"Fillmore Elementary",95205
"29344",39,68676,6042576,4,2012,31,43,"Fillmore Elementary",95205
"29345",39,68676,6042576,5,2012,31,34.3252595155709,"Fillmore Elementary",95205
"29346",39,68676,6042576,6,2012,31,27,"Fillmore Elementary",95205
"29347",39,68676,6042576,8,2012,31,20.175,"Fillmore Elementary",95205
"29348",39,68676,6042600,2,2012,31,46.5,"Grunsky Elementary",95205
"29349",39,68676,6042600,3,2012,31,49.5,"Grunsky Elementary",95205
"29350",39,68676,6042600,4,2012,31,56,"Grunsky Elementary",95205
"29351",39,68676,6042600,5,2012,31,54.5891891891892,"Grunsky Elementary",95205
"29352",39,68676,6042600,6,2012,31,49,"Grunsky Elementary",95205
"29353",39,68676,6042600,7,2012,31,37.5,"Grunsky Elementary",95205
"29354",39,68676,6042600,8,2012,31,29.3756906077348,"Grunsky Elementary",95205
"29355",39,68676,6042626,2,2012,31,35.5133689839572,"Hazelton Elementary",95206
"29356",39,68676,6042626,3,2012,31,36,"Hazelton Elementary",95206
"29357",39,68676,6042626,4,2012,31,42,"Hazelton Elementary",95206
"29358",39,68676,6042626,5,2012,31,26.0258064516129,"Hazelton Elementary",95206
"29359",39,68676,6042626,6,2012,31,32.55625,"Hazelton Elementary",95206
"29360",39,68676,6042626,7,2012,31,45.0238095238095,"Hazelton Elementary",95206
"29361",39,68676,6042626,8,2012,31,38.2022792022792,"Hazelton Elementary",95206
"29362",39,68676,6042634,2,2012,31,33.5,"Hoover Elementary",95204
"29363",39,68676,6042634,2,2012,111,59.5,"Hoover Elementary",95204
"29364",39,68676,6042634,3,2012,31,31.5,"Hoover Elementary",95204
"29365",39,68676,6042634,4,2012,31,62.5,"Hoover Elementary",95204
"29366",39,68676,6042634,5,2012,31,31,"Hoover Elementary",95204
"29367",39,68676,6042634,6,2012,31,33,"Hoover Elementary",95204
"29368",39,68676,6042634,7,2012,31,47,"Hoover Elementary",95204
"29369",39,68676,6042634,8,2012,31,41.1881188118812,"Hoover Elementary",95204
"29370",39,68676,6042667,2,2012,31,39.4351145038168,"Kennedy Elementary",95210
"29371",39,68676,6042667,3,2012,31,38.5,"Kennedy Elementary",95210
"29372",39,68676,6042667,4,2012,31,43.508064516129,"Kennedy Elementary",95210
"29373",39,68676,6042667,5,2012,31,54.3333333333333,"Kennedy Elementary",95210
"29374",39,68676,6042667,6,2012,31,31,"Kennedy Elementary",95210
"29375",39,68676,6042667,7,2012,31,32.3877551020408,"Kennedy Elementary",95210
"29376",39,68676,6042667,8,2012,31,21.1052631578947,"Kennedy Elementary",95210
"29377",39,68676,6042683,2,2012,31,45,"Madison Elementary",95204
"29378",39,68676,6042683,3,2012,31,20.3225806451613,"Madison Elementary",95204
"29379",39,68676,6042683,3,2012,111,27,"Madison Elementary",95204
"29380",39,68676,6042683,4,2012,31,29,"Madison Elementary",95204
"29381",39,68676,6042683,5,2012,31,19.3333333333333,"Madison Elementary",95204
"29382",39,68676,6042683,6,2012,31,27,"Madison Elementary",95204
"29383",39,68676,6042683,7,2012,31,29,"Madison Elementary",95204
"29384",39,68676,6042683,7,2012,111,23.5,"Madison Elementary",95204
"29385",39,68676,6042683,8,2012,31,22.75,"Madison Elementary",95204
"29386",39,68676,6042683,8,2012,111,41.25,"Madison Elementary",95204
"29387",39,68676,6042691,2,2012,31,36.5,"McKinley Elementary",95206
"29388",39,68676,6042691,3,2012,31,27.5,"McKinley Elementary",95206
"29389",39,68676,6042691,4,2012,31,41.408,"McKinley Elementary",95206
"29390",39,68676,6042691,5,2012,31,31.636690647482,"McKinley Elementary",95206
"29391",39,68676,6042691,6,2012,31,28.5,"McKinley Elementary",95206
"29392",39,68676,6042691,7,2012,31,35,"McKinley Elementary",95206
"29393",39,68676,6042691,8,2012,31,30.1171662125341,"McKinley Elementary",95206
"29394",39,68676,6042709,2,2012,31,35.5,"Monroe Elementary",95206
"29395",39,68676,6042709,3,2012,31,32.5,"Monroe Elementary",95206
"29396",39,68676,6042709,4,2012,31,56,"Monroe Elementary",95206
"29397",39,68676,6042709,5,2012,31,41.6666666666667,"Monroe Elementary",95206
"29398",39,68676,6042709,6,2012,31,23.5,"Monroe Elementary",95206
"29399",39,68676,6042709,7,2012,31,54.5,"Monroe Elementary",95206
"29400",39,68676,6042709,8,2012,31,32.25,"Monroe Elementary",95206
"29401",39,68676,6042717,2,2012,31,25.5,"Montezuma Elementary",95206
"29402",39,68676,6042717,3,2012,31,43,"Montezuma Elementary",95206
"29403",39,68676,6042717,4,2012,31,28.5,"Montezuma Elementary",95206
"29404",39,68676,6042717,5,2012,31,25,"Montezuma Elementary",95206
"29405",39,68676,6042717,6,2012,31,29,"Montezuma Elementary",95206
"29406",39,68676,6042717,7,2012,31,34,"Montezuma Elementary",95206
"29407",39,68676,6042717,8,2012,31,33.9416666666667,"Montezuma Elementary",95206
"29408",39,68676,6042725,2,2012,31,30.9253731343284,"Nightingale Charter",95206
"29409",39,68676,6042725,3,2012,31,38,"Nightingale Charter",95206
"29410",39,68676,6042725,4,2012,31,39.5,"Nightingale Charter",95206
"29411",39,68676,6042725,5,2012,31,35,"Nightingale Charter",95206
"29412",39,68676,6042725,6,2012,31,20,"Nightingale Charter",95206
"29413",39,68676,6042725,7,2012,31,32.5,"Nightingale Charter",95206
"29414",39,68676,6042725,8,2012,31,23,"Nightingale Charter",95206
"29415",39,68676,6042741,2,2012,31,30,"Pulliam Elementary",95207
"29416",39,68676,6042741,2,2012,111,58.5,"Pulliam Elementary",95207
"29417",39,68676,6042741,3,2012,31,37.3391304347826,"Pulliam Elementary",95207
"29418",39,68676,6042741,4,2012,31,61.4504504504505,"Pulliam Elementary",95207
"29419",39,68676,6042741,5,2012,31,43.6666666666667,"Pulliam Elementary",95207
"29420",39,68676,6042741,6,2012,31,32.4942528735632,"Pulliam Elementary",95207
"29421",39,68676,6042741,7,2012,31,43.5,"Pulliam Elementary",95207
"29422",39,68676,6042741,7,2012,111,59.5,"Pulliam Elementary",95207
"29423",39,68676,6042741,8,2012,31,36.3632075471698,"Pulliam Elementary",95207
"29424",39,68676,6042741,8,2012,111,46.4666666666667,"Pulliam Elementary",95207
"29425",39,68676,6042758,2,2012,31,45,"Roosevelt Elementary",95205
"29426",39,68676,6042758,3,2012,31,29,"Roosevelt Elementary",95205
"29427",39,68676,6042758,4,2012,31,45.5,"Roosevelt Elementary",95205
"29428",39,68676,6042758,5,2012,31,20,"Roosevelt Elementary",95205
"29429",39,68676,6042758,6,2012,31,24,"Roosevelt Elementary",95205
"29430",39,68676,6042758,7,2012,31,31.3707865168539,"Roosevelt Elementary",95205
"29431",39,68676,6042758,8,2012,31,18.9289940828402,"Roosevelt Elementary",95205
"29432",39,68676,6042774,2,2012,31,21,"Taylor Leadership Academy",95206
"29433",39,68676,6042774,3,2012,31,26,"Taylor Leadership Academy",95206
"29434",39,68676,6042774,4,2012,31,24.1,"Taylor Leadership Academy",95206
"29435",39,68676,6042774,5,2012,31,32.3522727272727,"Taylor Leadership Academy",95206
"29436",39,68676,6042774,6,2012,31,23.4508196721311,"Taylor Leadership Academy",95206
"29437",39,68676,6042774,7,2012,31,30.7948717948718,"Taylor Leadership Academy",95206
"29438",39,68676,6042774,8,2012,31,29.6301369863014,"Taylor Leadership Academy",95206
"29439",39,68676,6042790,2,2012,31,28.4630872483221,"Van Buren Elementary",95206
"29440",39,68676,6042790,3,2012,31,25.5,"Van Buren Elementary",95206
"29441",39,68676,6042790,4,2012,31,28.3984962406015,"Van Buren Elementary",95206
"29442",39,68676,6042790,5,2012,31,22.6095238095238,"Van Buren Elementary",95206
"29443",39,68676,6042790,6,2012,31,15,"Van Buren Elementary",95206
"29444",39,68676,6042790,7,2012,31,29.5405405405405,"Van Buren Elementary",95206
"29445",39,68676,6042790,8,2012,31,26.4470588235294,"Van Buren Elementary",95206
"29446",39,68676,6042808,2,2012,31,44.4912280701754,"Victory Elementary",95203
"29447",39,68676,6042808,3,2012,31,42.5752212389381,"Victory Elementary",95203
"29448",39,68676,6042808,4,2012,31,43.5,"Victory Elementary",95203
"29449",39,68676,6042808,5,2012,31,44.7837837837838,"Victory Elementary",95203
"29450",39,68676,6042808,6,2012,31,25.5,"Victory Elementary",95203
"29451",39,68676,6042808,7,2012,31,48.9824561403509,"Victory Elementary",95203
"29452",39,68676,6042808,8,2012,31,31.6911764705882,"Victory Elementary",95203
"29453",39,68676,6115422,2,2012,31,65,"Rio Calaveras Elementary",95210
"29454",39,68676,6115422,2,2012,111,87,"Rio Calaveras Elementary",95210
"29455",39,68676,6115422,3,2012,31,61.5,"Rio Calaveras Elementary",95210
"29456",39,68676,6115422,3,2012,111,66.4666666666667,"Rio Calaveras Elementary",95210
"29457",39,68676,6115422,4,2012,31,66,"Rio Calaveras Elementary",95210
"29458",39,68676,6115422,4,2012,111,82.5490196078431,"Rio Calaveras Elementary",95210
"29459",39,68676,6115422,5,2012,31,67.0042553191489,"Rio Calaveras Elementary",95210
"29460",39,68676,6115422,5,2012,111,59,"Rio Calaveras Elementary",95210
"29461",39,68676,6115422,6,2012,31,59.5,"Rio Calaveras Elementary",95210
"29462",39,68676,6115422,6,2012,111,81.5,"Rio Calaveras Elementary",95210
"29463",39,68676,6115422,7,2012,31,69.9461538461538,"Rio Calaveras Elementary",95210
"29464",39,68676,6115422,7,2012,111,78.1333333333333,"Rio Calaveras Elementary",95210
"29465",39,68676,6115422,8,2012,31,48.0485714285714,"Rio Calaveras Elementary",95210
"29466",39,68676,6115422,8,2012,111,66.1176470588235,"Rio Calaveras Elementary",95210
"29467",39,68676,6116115,2,2012,31,58,"San Joaquin Elementary",95206
"29468",39,68676,6116115,2,2012,111,82.5,"San Joaquin Elementary",95206
"29469",39,68676,6116115,3,2012,31,51.5,"San Joaquin Elementary",95206
"29470",39,68676,6116115,4,2012,31,62,"San Joaquin Elementary",95206
"29471",39,68676,6116115,4,2012,111,75,"San Joaquin Elementary",95206
"29472",39,68676,6116115,5,2012,31,43.056,"San Joaquin Elementary",95206
"29473",39,68676,6116115,5,2012,111,55.6666666666667,"San Joaquin Elementary",95206
"29474",39,68676,6116115,6,2012,31,56,"San Joaquin Elementary",95206
"29475",39,68676,6116115,6,2012,111,83.5,"San Joaquin Elementary",95206
"29476",39,68676,6116115,7,2012,31,46.9542483660131,"San Joaquin Elementary",95206
"29477",39,68676,6116115,7,2012,111,46,"San Joaquin Elementary",95206
"29478",39,68676,6116115,8,2012,31,24.933110367893,"San Joaquin Elementary",95206
"29479",39,68676,6116115,8,2012,111,53.1764705882353,"San Joaquin Elementary",95206
"29480",39,75499,102384,2,2012,111,85.5,"Primary Charter",95376
"29481",39,75499,102384,3,2012,111,79,"Primary Charter",95376
"29482",39,75499,102384,4,2012,111,88,"Primary Charter",95376
"29483",39,75499,102392,9,2012,31,43,"Millennium Charter",95376
"29484",39,75499,102392,9,2012,111,59.0243902439024,"Millennium Charter",95376
"29485",39,75499,102392,10,2012,31,27,"Millennium Charter",95376
"29486",39,75499,102392,10,2012,111,44.3704453441296,"Millennium Charter",95376
"29487",39,75499,102392,11,2012,111,39.9791666666667,"Millennium Charter",95376
"29488",39,75499,119040,9,2012,31,35.8447368421053,"John C. Kimball High",95377
"29489",39,75499,119040,9,2012,111,53.5282511210762,"John C. Kimball High",95377
"29490",39,75499,119040,10,2012,31,41.2543352601156,"John C. Kimball High",95377
"29491",39,75499,119040,10,2012,111,52.7124551512045,"John C. Kimball High",95377
"29492",39,75499,119040,11,2012,31,45.8052256532066,"John C. Kimball High",95377
"29493",39,75499,119040,11,2012,111,54.9077034883721,"John C. Kimball High",95377
"29494",39,75499,3930302,9,2012,31,28.7360350492881,"Merrill F. West High",95376
"29495",39,75499,3930302,9,2012,111,43.0958512160229,"Merrill F. West High",95376
"29496",39,75499,3930302,10,2012,31,29.8004676539361,"Merrill F. West High",95376
"29497",39,75499,3930302,10,2012,111,38.3566493955095,"Merrill F. West High",95376
"29498",39,75499,3930302,11,2012,31,29.9405339805825,"Merrill F. West High",95376
"29499",39,75499,3930302,11,2012,111,48.1055966209081,"Merrill F. West High",95376
"29500",39,75499,3937976,11,2012,31,8.57142857142857,"Duncan-Russell Continuation",95376
"29501",39,75499,3938008,9,2012,31,33.4711111111111,"Tracy High",95376
"29502",39,75499,3938008,9,2012,111,53.4983461962514,"Tracy High",95376
"29503",39,75499,3938008,10,2012,31,34.1808176100629,"Tracy High",95376
"29504",39,75499,3938008,10,2012,111,55.0850649350649,"Tracy High",95376
"29505",39,75499,3938008,11,2012,31,36.1133455210238,"Tracy High",95376
"29506",39,75499,3938008,11,2012,111,46.9620689655172,"Tracy High",95376
"29507",39,75499,6042832,2,2012,31,46.4468085106383,"Central Elementary",95376
"29508",39,75499,6042832,2,2012,111,66.4074074074074,"Central Elementary",95376
"29509",39,75499,6042832,3,2012,31,51.6434782608696,"Central Elementary",95376
"29510",39,75499,6042832,3,2012,111,41.7741935483871,"Central Elementary",95376
"29511",39,75499,6042832,4,2012,31,53.5,"Central Elementary",95376
"29512",39,75499,6042832,4,2012,111,59.5,"Central Elementary",95376
"29513",39,75499,6042832,5,2012,31,25,"Central Elementary",95376
"29514",39,75499,6042832,5,2012,111,24,"Central Elementary",95376
"29515",39,75499,6042840,6,2012,31,38,"Monte Vista Middle",95376
"29516",39,75499,6042840,6,2012,111,52.5,"Monte Vista Middle",95376
"29517",39,75499,6042840,7,2012,31,39.6899696048632,"Monte Vista Middle",95376
"29518",39,75499,6042840,7,2012,111,56.8620689655172,"Monte Vista Middle",95376
"29519",39,75499,6042840,8,2012,31,29.8626974483597,"Monte Vista Middle",95376
"29520",39,75499,6042840,8,2012,111,46.8994565217391,"Monte Vista Middle",95376
"29521",39,75499,6042857,2,2012,31,68.4242424242424,"McKinley Elementary",95376
"29522",39,75499,6042857,2,2012,111,70,"McKinley Elementary",95376
"29523",39,75499,6042857,3,2012,31,45.8623853211009,"McKinley Elementary",95376
"29524",39,75499,6042857,3,2012,111,54.6603773584906,"McKinley Elementary",95376
"29525",39,75499,6042857,4,2012,31,50,"McKinley Elementary",95376
"29526",39,75499,6042857,4,2012,111,45.5454545454545,"McKinley Elementary",95376
"29527",39,75499,6042857,5,2012,31,49,"McKinley Elementary",95376
"29528",39,75499,6042857,5,2012,111,57.3698630136986,"McKinley Elementary",95376
"29529",39,75499,6042865,2,2012,31,25,"North Elementary",95376
"29530",39,75499,6042865,2,2012,111,21,"North Elementary",95376
"29531",39,75499,6042865,3,2012,31,38.5,"North Elementary",95376
"29532",39,75499,6042865,3,2012,111,42.3548387096774,"North Elementary",95376
"29533",39,75499,6042865,4,2012,31,53.5,"North Elementary",95376
"29534",39,75499,6042865,4,2012,111,57,"North Elementary",95376
"29535",39,75499,6042865,5,2012,31,29.5692307692308,"North Elementary",95376
"29536",39,75499,6042865,5,2012,111,39,"North Elementary",95376
"29537",39,75499,6042865,6,2012,31,26.5,"North Elementary",95376
"29538",39,75499,6042865,6,2012,111,45.5,"North Elementary",95376
"29539",39,75499,6042865,7,2012,31,42,"North Elementary",95376
"29540",39,75499,6042865,7,2012,111,44.4186046511628,"North Elementary",95376
"29541",39,75499,6042865,8,2012,31,21.2354651162791,"North Elementary",95376
"29542",39,75499,6042865,8,2012,111,24.96,"North Elementary",95376
"29543",39,75499,6042881,2,2012,31,37,"South/West Park Elementary",95376
"29544",39,75499,6042881,2,2012,111,79,"South/West Park Elementary",95376
"29545",39,75499,6042881,3,2012,31,39,"South/West Park Elementary",95376
"29546",39,75499,6042881,3,2012,111,84,"South/West Park Elementary",95376
"29547",39,75499,6042881,4,2012,31,51,"South/West Park Elementary",95376
"29548",39,75499,6042881,4,2012,111,87,"South/West Park Elementary",95376
"29549",39,75499,6042881,5,2012,31,46.3333333333333,"South/West Park Elementary",95376
"29550",39,75499,6042881,5,2012,111,86,"South/West Park Elementary",95376
"29551",39,75499,6109003,6,2012,31,33.9512195121951,"Earle E. Williams Middle",95376
"29552",39,75499,6109003,6,2012,111,61.5,"Earle E. Williams Middle",95376
"29553",39,75499,6109003,7,2012,31,40.4272151898734,"Earle E. Williams Middle",95376
"29554",39,75499,6109003,7,2012,111,61.7244094488189,"Earle E. Williams Middle",95376
"29555",39,75499,6109003,8,2012,31,34.7296137339056,"Earle E. Williams Middle",95376
"29556",39,75499,6109003,8,2012,111,61.5690607734807,"Earle E. Williams Middle",95376
"29557",39,75499,6110530,2,2012,31,40.4927536231884,"Louis A. Bohn Elementary",95376
"29558",39,75499,6110530,2,2012,111,52.5,"Louis A. Bohn Elementary",95376
"29559",39,75499,6110530,3,2012,31,44.5,"Louis A. Bohn Elementary",95376
"29560",39,75499,6110530,3,2012,111,57.5647058823529,"Louis A. Bohn Elementary",95376
"29561",39,75499,6110530,4,2012,31,48,"Louis A. Bohn Elementary",95376
"29562",39,75499,6110530,4,2012,111,58,"Louis A. Bohn Elementary",95376
"29563",39,75499,6110530,5,2012,31,43.5178571428571,"Louis A. Bohn Elementary",95376
"29564",39,75499,6110530,5,2012,111,60,"Louis A. Bohn Elementary",95376
"29565",39,75499,6114490,2,2012,31,58.5,"Wanda Hirsch Elementary",95376
"29566",39,75499,6114490,2,2012,111,82,"Wanda Hirsch Elementary",95376
"29567",39,75499,6114490,3,2012,31,55.6769230769231,"Wanda Hirsch Elementary",95376
"29568",39,75499,6114490,3,2012,111,78.5537190082645,"Wanda Hirsch Elementary",95376
"29569",39,75499,6114490,4,2012,31,59.3898305084746,"Wanda Hirsch Elementary",95376
"29570",39,75499,6114490,4,2012,111,81.5094339622642,"Wanda Hirsch Elementary",95376
"29571",39,75499,6114490,5,2012,31,48.3333333333333,"Wanda Hirsch Elementary",95376
"29572",39,75499,6114490,5,2012,111,67.7208121827411,"Wanda Hirsch Elementary",95376
"29573",39,75499,6118665,5,2012,111,69,"Discovery Charter",95376
"29574",39,75499,6118665,6,2012,111,58.5,"Discovery Charter",95376
"29575",39,75499,6118665,7,2012,111,59.4659090909091,"Discovery Charter",95376
"29576",39,75499,6118665,8,2012,111,72.8598382749326,"Discovery Charter",95376
"29577",39,75499,6118699,2,2012,31,49,"Art Freiler",95376
"29578",39,75499,6118699,2,2012,111,76,"Art Freiler",95376
"29579",39,75499,6118699,3,2012,31,46,"Art Freiler",95376
"29580",39,75499,6118699,3,2012,111,57.5,"Art Freiler",95376
"29581",39,75499,6118699,4,2012,31,52,"Art Freiler",95376
"29582",39,75499,6118699,4,2012,111,79.5,"Art Freiler",95376
"29583",39,75499,6118699,5,2012,31,60.3333333333333,"Art Freiler",95376
"29584",39,75499,6118699,5,2012,111,68.3333333333333,"Art Freiler",95376
"29585",39,75499,6118699,6,2012,31,35.9710144927536,"Art Freiler",95376
"29586",39,75499,6118699,6,2012,111,67.0191082802548,"Art Freiler",95376
"29587",39,75499,6118699,7,2012,31,57.5873015873016,"Art Freiler",95376
"29588",39,75499,6118699,7,2012,111,65.5789473684211,"Art Freiler",95376
"29589",39,75499,6118699,8,2012,31,60.375,"Art Freiler",95376
"29590",39,75499,6118699,8,2012,111,66.9350282485876,"Art Freiler",95376
"29591",39,76760,106484,2,2012,31,57.5,"Wicklund Elementary",95391
"29592",39,76760,106484,2,2012,111,82,"Wicklund Elementary",95391
"29593",39,76760,106484,3,2012,31,31,"Wicklund Elementary",95391
"29594",39,76760,106484,3,2012,111,62.0679611650485,"Wicklund Elementary",95391
"29595",39,76760,106484,4,2012,31,67.5,"Wicklund Elementary",95391
"29596",39,76760,106484,4,2012,111,90.4634146341463,"Wicklund Elementary",95391
"29597",39,76760,106484,5,2012,31,56.3333333333333,"Wicklund Elementary",95391
"29598",39,76760,106484,5,2012,111,81.3333333333333,"Wicklund Elementary",95391
"29599",39,76760,106484,6,2012,31,53.5,"Wicklund Elementary",95391
"29600",39,76760,106484,6,2012,111,64.5161290322581,"Wicklund Elementary",95391
"29601",39,76760,106484,7,2012,31,64.030303030303,"Wicklund Elementary",95391
"29602",39,76760,106484,7,2012,111,68.8850574712644,"Wicklund Elementary",95391
"29603",39,76760,106484,8,2012,31,43.7978723404255,"Wicklund Elementary",95391
"29604",39,76760,106484,8,2012,111,68.7159763313609,"Wicklund Elementary",95391
"29605",39,76760,114645,2,2012,31,83,"Bethany Elementary",95391
"29606",39,76760,114645,2,2012,111,93,"Bethany Elementary",95391
"29607",39,76760,114645,3,2012,31,71.5,"Bethany Elementary",95391
"29608",39,76760,114645,3,2012,111,74.0806451612903,"Bethany Elementary",95391
"29609",39,76760,114645,4,2012,31,78,"Bethany Elementary",95391
"29610",39,76760,114645,4,2012,111,86.5,"Bethany Elementary",95391
"29611",39,76760,114645,5,2012,31,74,"Bethany Elementary",95391
"29612",39,76760,114645,5,2012,111,84,"Bethany Elementary",95391
"29613",39,76760,114645,6,2012,31,34.5,"Bethany Elementary",95391
"29614",39,76760,114645,6,2012,111,77,"Bethany Elementary",95391
"29615",39,76760,114645,7,2012,31,69.5,"Bethany Elementary",95391
"29616",39,76760,114645,7,2012,111,83.7844827586207,"Bethany Elementary",95391
"29617",39,76760,114645,8,2012,31,49.3370786516854,"Bethany Elementary",95391
"29618",39,76760,114645,8,2012,111,75.7591240875912,"Bethany Elementary",95391
"29619",39,76760,121046,2,2012,111,87.5,"Sebastian Questa Elementary",95391
"29620",39,76760,121046,3,2012,111,78.5,"Sebastian Questa Elementary",95391
"29621",39,76760,121046,4,2012,31,59.5,"Sebastian Questa Elementary",95391
"29622",39,76760,121046,4,2012,111,79,"Sebastian Questa Elementary",95391
"29623",39,76760,121046,5,2012,111,83,"Sebastian Questa Elementary",95391
"29624",39,76760,121046,6,2012,31,59.5,"Sebastian Questa Elementary",95391
"29625",39,76760,121046,6,2012,111,64,"Sebastian Questa Elementary",95391
"29626",39,76760,121046,7,2012,111,73.044776119403,"Sebastian Questa Elementary",95391
"29627",39,76760,121046,8,2012,111,59.4883720930233,"Sebastian Questa Elementary",95391
"29628",39,76760,6041883,2,2012,111,73.5,"Lammersville Elementary",95304
"29629",39,76760,6041883,3,2012,111,70,"Lammersville Elementary",95304
"29630",39,76760,6041883,4,2012,111,75,"Lammersville Elementary",95304
"29631",39,76760,6041883,5,2012,111,77.6666666666667,"Lammersville Elementary",95304
"29632",39,76760,6041883,6,2012,31,59,"Lammersville Elementary",95304
"29633",39,76760,6041883,6,2012,111,69,"Lammersville Elementary",95304
"29634",39,76760,6041883,7,2012,111,69.5,"Lammersville Elementary",95304
"29635",39,76760,6041883,8,2012,31,57.7555555555556,"Lammersville Elementary",95304
"29636",39,76760,6041883,8,2012,111,66,"Lammersville Elementary",95304
"29637",40,68700,4030755,9,2012,31,38.8138138138138,"Atascadero High",93422
"29638",40,68700,4030755,9,2012,111,61.4415405777166,"Atascadero High",93422
"29639",40,68700,4030755,10,2012,31,34.4361158432709,"Atascadero High",93422
"29640",40,68700,4030755,10,2012,111,59.1018276762402,"Atascadero High",93422
"29641",40,68700,4030755,11,2012,31,37.328,"Atascadero High",93422
"29642",40,68700,4030755,11,2012,111,55.4965753424658,"Atascadero High",93422
"29643",40,68700,6042915,3,2012,31,27,"Creston Elementary",93432
"29644",40,68700,6042915,6,2012,31,50,"Creston Elementary",93432
"29645",40,68700,6042949,2,2012,31,39,"Monterey Road Elementary",93422
"29646",40,68700,6042949,2,2012,111,71,"Monterey Road Elementary",93422
"29647",40,68700,6042949,3,2012,31,41.7708333333333,"Monterey Road Elementary",93422
"29648",40,68700,6042949,3,2012,111,87.0571428571429,"Monterey Road Elementary",93422
"29649",40,68700,6042949,4,2012,31,73,"Monterey Road Elementary",93422
"29650",40,68700,6042949,4,2012,111,75.4691358024691,"Monterey Road Elementary",93422
"29651",40,68700,6042949,5,2012,31,47.6666666666667,"Monterey Road Elementary",93422
"29652",40,68700,6042949,5,2012,111,74.5531914893617,"Monterey Road Elementary",93422
"29653",40,68700,6042949,6,2012,31,61.5,"Monterey Road Elementary",93422
"29654",40,68700,6042949,6,2012,111,73,"Monterey Road Elementary",93422
"29655",40,68700,6042956,2,2012,111,66.5,"Santa Margarita Elementary",93453
"29656",40,68700,6042956,3,2012,31,37.5,"Santa Margarita Elementary",93453
"29657",40,68700,6042956,3,2012,111,59,"Santa Margarita Elementary",93453
"29658",40,68700,6042956,4,2012,111,71,"Santa Margarita Elementary",93453
"29659",40,68700,6042956,5,2012,31,51.6666666666667,"Santa Margarita Elementary",93453
"29660",40,68700,6042956,5,2012,111,57.6666666666667,"Santa Margarita Elementary",93453
"29661",40,68700,6042956,6,2012,111,74,"Santa Margarita Elementary",93453
"29662",40,68700,6107544,2,2012,31,55,"San Gabriel Elementary",93422
"29663",40,68700,6107544,2,2012,111,72,"San Gabriel Elementary",93422
"29664",40,68700,6107544,3,2012,31,47.5,"San Gabriel Elementary",93422
"29665",40,68700,6107544,3,2012,111,76,"San Gabriel Elementary",93422
"29666",40,68700,6107544,4,2012,31,60,"San Gabriel Elementary",93422
"29667",40,68700,6107544,4,2012,111,65,"San Gabriel Elementary",93422
"29668",40,68700,6107544,5,2012,31,34.8888888888889,"San Gabriel Elementary",93422
"29669",40,68700,6107544,5,2012,111,66.6666666666667,"San Gabriel Elementary",93422
"29670",40,68700,6107544,6,2012,31,34,"San Gabriel Elementary",93422
"29671",40,68700,6107544,6,2012,111,68,"San Gabriel Elementary",93422
"29672",40,68700,6111058,3,2012,31,33,"San Benito Elementary",93422
"29673",40,68700,6111058,3,2012,111,56.5,"San Benito Elementary",93422
"29674",40,68700,6111058,4,2012,31,54.5,"San Benito Elementary",93422
"29675",40,68700,6111058,4,2012,111,83.051948051948,"San Benito Elementary",93422
"29676",40,68700,6111058,5,2012,31,62.6666666666667,"San Benito Elementary",93422
"29677",40,68700,6111058,5,2012,111,73.578125,"San Benito Elementary",93422
"29678",40,68700,6111058,6,2012,31,32.5,"San Benito Elementary",93422
"29679",40,68700,6111058,6,2012,111,58.4181818181818,"San Benito Elementary",93422
"29680",40,68700,6117980,4,2012,31,83.5,"Fine Arts Academy",93422
"29681",40,68700,6117980,4,2012,111,91.5,"Fine Arts Academy",93422
"29682",40,68700,6117980,5,2012,31,72,"Fine Arts Academy",93422
"29683",40,68700,6117980,5,2012,111,65,"Fine Arts Academy",93422
"29684",40,68700,6117980,6,2012,31,46.16,"Fine Arts Academy",93422
"29685",40,68700,6117980,6,2012,111,69.5,"Fine Arts Academy",93422
"29686",40,68700,6117980,7,2012,31,50,"Fine Arts Academy",93422
"29687",40,68700,6117980,7,2012,111,79.96,"Fine Arts Academy",93422
"29688",40,68700,6117980,8,2012,31,42.1186440677966,"Fine Arts Academy",93422
"29689",40,68700,6117980,8,2012,111,66.4468085106383,"Fine Arts Academy",93422
"29690",40,68726,6042998,2,2012,111,79.5,"Cayucos Elementary",93430
"29691",40,68726,6042998,3,2012,111,70,"Cayucos Elementary",93430
"29692",40,68726,6042998,4,2012,111,94,"Cayucos Elementary",93430
"29693",40,68726,6042998,5,2012,111,97.6666666666667,"Cayucos Elementary",93430
"29694",40,68726,6042998,6,2012,111,81,"Cayucos Elementary",93430
"29695",40,68726,6042998,7,2012,111,82.5,"Cayucos Elementary",93430
"29696",40,68726,6042998,8,2012,111,85,"Cayucos Elementary",93430
"29697",40,68759,110486,2,2012,31,36.5,"Lange (Dorothea) Elementary",93444
"29698",40,68759,110486,2,2012,111,72,"Lange (Dorothea) Elementary",93444
"29699",40,68759,110486,3,2012,31,46.0898876404494,"Lange (Dorothea) Elementary",93444
"29700",40,68759,110486,3,2012,111,78,"Lange (Dorothea) Elementary",93444
"29701",40,68759,110486,4,2012,31,59,"Lange (Dorothea) Elementary",93444
"29702",40,68759,110486,4,2012,111,85.5090909090909,"Lange (Dorothea) Elementary",93444
"29703",40,68759,110486,5,2012,31,46.751724137931,"Lange (Dorothea) Elementary",93444
"29704",40,68759,110486,5,2012,111,75.7652173913043,"Lange (Dorothea) Elementary",93444
"29705",40,68759,110486,6,2012,31,60.9830508474576,"Lange (Dorothea) Elementary",93444
"29706",40,68759,110486,6,2012,111,76,"Lange (Dorothea) Elementary",93444
"29707",40,68759,4030268,9,2012,31,40.3910761154856,"Nipomo High",93444
"29708",40,68759,4030268,9,2012,111,59.9444444444444,"Nipomo High",93444
"29709",40,68759,4030268,10,2012,31,39.9894875164258,"Nipomo High",93444
"29710",40,68759,4030268,10,2012,111,54.5820189274448,"Nipomo High",93444
"29711",40,68759,4030268,11,2012,31,37.7573099415205,"Nipomo High",93444
"29712",40,68759,4030268,11,2012,111,49.6127167630058,"Nipomo High",93444
"29713",40,68759,4030557,9,2012,31,44.8431061806656,"Arroyo Grande High",93420
"29714",40,68759,4030557,9,2012,111,70.2748663101604,"Arroyo Grande High",93420
"29715",40,68759,4030557,10,2012,31,36.1558139534884,"Arroyo Grande High",93420
"29716",40,68759,4030557,10,2012,111,59.1292134831461,"Arroyo Grande High",93420
"29717",40,68759,4030557,11,2012,31,37.7611275964392,"Arroyo Grande High",93420
"29718",40,68759,4030557,11,2012,111,60.7466216216216,"Arroyo Grande High",93420
"29719",40,68759,4033205,11,2012,31,13.5029585798817,"Lopez Continuation High",93420
"29720",40,68759,4033205,11,2012,111,10.6909090909091,"Lopez Continuation High",93420
"29721",40,68759,6043012,2,2012,111,76,"Branch Elementary",93420
"29722",40,68759,6043012,3,2012,31,55.5,"Branch Elementary",93420
"29723",40,68759,6043012,3,2012,111,80.5,"Branch Elementary",93420
"29724",40,68759,6043012,4,2012,111,86.0422535211268,"Branch Elementary",93420
"29725",40,68759,6043012,5,2012,111,82,"Branch Elementary",93420
"29726",40,68759,6043012,6,2012,111,88.4745762711864,"Branch Elementary",93420
"29727",40,68759,6043020,7,2012,31,53.0769230769231,"Judkins Middle",93449
"29728",40,68759,6043020,7,2012,111,75.6532258064516,"Judkins Middle",93449
"29729",40,68759,6043020,8,2012,31,54.3816326530612,"Judkins Middle",93449
"29730",40,68759,6043020,8,2012,111,77.0707269155206,"Judkins Middle",93449
"29731",40,68759,6043038,2,2012,31,47,"Grover Beach Elementary",93433
"29732",40,68759,6043038,2,2012,111,65,"Grover Beach Elementary",93433
"29733",40,68759,6043038,3,2012,31,65.5,"Grover Beach Elementary",93433
"29734",40,68759,6043038,4,2012,31,65.1084337349398,"Grover Beach Elementary",93433
"29735",40,68759,6043038,4,2012,111,90.9090909090909,"Grover Beach Elementary",93433
"29736",40,68759,6043038,5,2012,31,29.9574468085106,"Grover Beach Elementary",93433
"29737",40,68759,6043038,5,2012,111,59.6486486486486,"Grover Beach Elementary",93433
"29738",40,68759,6043038,6,2012,31,41.4444444444444,"Grover Beach Elementary",93433
"29739",40,68759,6043038,6,2012,111,63.5,"Grover Beach Elementary",93433
"29740",40,68759,6043046,3,2012,31,60,"Grover Heights Elementary",93433
"29741",40,68759,6043046,3,2012,111,62.5,"Grover Heights Elementary",93433
"29742",40,68759,6043046,4,2012,31,65,"Grover Heights Elementary",93433
"29743",40,68759,6043046,4,2012,111,81.9677419354839,"Grover Heights Elementary",93433
"29744",40,68759,6043046,5,2012,31,67.6666666666667,"Grover Heights Elementary",93433
"29745",40,68759,6043046,5,2012,111,90.6666666666667,"Grover Heights Elementary",93433
"29746",40,68759,6043046,6,2012,31,67,"Grover Heights Elementary",93433
"29747",40,68759,6043046,6,2012,111,77,"Grover Heights Elementary",93433
"29748",40,68759,6043053,2,2012,31,67,"Harloe Elementary",93420
"29749",40,68759,6043053,2,2012,111,71.5,"Harloe Elementary",93420
"29750",40,68759,6043053,3,2012,31,51.5,"Harloe Elementary",93420
"29751",40,68759,6043053,3,2012,111,60.5,"Harloe Elementary",93420
"29752",40,68759,6043053,4,2012,31,64.0724637681159,"Harloe Elementary",93420
"29753",40,68759,6043053,4,2012,111,89.5,"Harloe Elementary",93420
"29754",40,68759,6043053,5,2012,31,49.3333333333333,"Harloe Elementary",93420
"29755",40,68759,6043053,5,2012,111,77.6666666666667,"Harloe Elementary",93420
"29756",40,68759,6043053,6,2012,31,63,"Harloe Elementary",93420
"29757",40,68759,6043053,6,2012,111,87.488188976378,"Harloe Elementary",93420
"29758",40,68759,6043061,2,2012,31,47,"Nipomo Elementary",93444
"29759",40,68759,6043061,2,2012,111,66.5,"Nipomo Elementary",93444
"29760",40,68759,6043061,3,2012,31,52.5,"Nipomo Elementary",93444
"29761",40,68759,6043061,3,2012,111,65.5,"Nipomo Elementary",93444
"29762",40,68759,6043061,4,2012,31,59,"Nipomo Elementary",93444
"29763",40,68759,6043061,4,2012,111,70.5,"Nipomo Elementary",93444
"29764",40,68759,6043061,5,2012,31,60.1379310344828,"Nipomo Elementary",93444
"29765",40,68759,6043061,5,2012,111,84.3333333333333,"Nipomo Elementary",93444
"29766",40,68759,6043061,6,2012,31,47,"Nipomo Elementary",93444
"29767",40,68759,6043061,6,2012,111,84,"Nipomo Elementary",93444
"29768",40,68759,6043079,2,2012,31,68,"Fairgrove Elementary",93433
"29769",40,68759,6043079,2,2012,111,89.5,"Fairgrove Elementary",93433
"29770",40,68759,6043079,3,2012,31,53.7948717948718,"Fairgrove Elementary",93433
"29771",40,68759,6043079,3,2012,111,56.1707317073171,"Fairgrove Elementary",93433
"29772",40,68759,6043079,4,2012,31,64.6756756756757,"Fairgrove Elementary",93433
"29773",40,68759,6043079,4,2012,111,77.0285714285714,"Fairgrove Elementary",93433
"29774",40,68759,6043079,5,2012,31,55.531914893617,"Fairgrove Elementary",93433
"29775",40,68759,6043079,5,2012,111,79.593220338983,"Fairgrove Elementary",93433
"29776",40,68759,6043079,6,2012,31,62.5584415584416,"Fairgrove Elementary",93433
"29777",40,68759,6043079,6,2012,111,80.7297297297297,"Fairgrove Elementary",93433
"29778",40,68759,6043087,2,2012,31,76,"Ocean View Elementary",93420
"29779",40,68759,6043087,2,2012,111,80.0406504065041,"Ocean View Elementary",93420
"29780",40,68759,6043087,3,2012,31,68,"Ocean View Elementary",93420
"29781",40,68759,6043087,3,2012,111,83.0629921259843,"Ocean View Elementary",93420
"29782",40,68759,6043087,4,2012,31,72,"Ocean View Elementary",93420
"29783",40,68759,6043087,4,2012,111,83.9462365591398,"Ocean View Elementary",93420
"29784",40,68759,6043087,5,2012,31,74.1451612903226,"Ocean View Elementary",93420
"29785",40,68759,6043087,5,2012,111,87.3473053892216,"Ocean View Elementary",93420
"29786",40,68759,6043087,6,2012,31,73,"Ocean View Elementary",93420
"29787",40,68759,6043087,6,2012,111,87.5,"Ocean View Elementary",93420
"29788",40,68759,6043095,2,2012,31,53.5,"Oceano Elementary",93445
"29789",40,68759,6043095,3,2012,31,46.6915887850467,"Oceano Elementary",93445
"29790",40,68759,6043095,3,2012,111,65.5,"Oceano Elementary",93445
"29791",40,68759,6043095,4,2012,31,57.6346153846154,"Oceano Elementary",93445
"29792",40,68759,6043095,5,2012,31,44.6666666666667,"Oceano Elementary",93445
"29793",40,68759,6043095,6,2012,31,33.0344827586207,"Oceano Elementary",93445
"29794",40,68759,6043103,7,2012,31,59.1538461538462,"Paulding Middle",93420
"29795",40,68759,6043103,7,2012,111,79.8046511627907,"Paulding Middle",93420
"29796",40,68759,6043103,8,2012,31,52.4395348837209,"Paulding Middle",93420
"29797",40,68759,6043103,8,2012,111,71.7135416666667,"Paulding Middle",93420
"29798",40,68759,6043111,2,2012,31,63.5,"Shell Beach Elementary",93449
"29799",40,68759,6043111,2,2012,111,71,"Shell Beach Elementary",93449
"29800",40,68759,6043111,3,2012,31,75,"Shell Beach Elementary",93449
"29801",40,68759,6043111,3,2012,111,79.5,"Shell Beach Elementary",93449
"29802",40,68759,6043111,4,2012,31,71,"Shell Beach Elementary",93449
"29803",40,68759,6043111,4,2012,111,87.4742268041237,"Shell Beach Elementary",93449
"29804",40,68759,6043111,5,2012,31,78.5135135135135,"Shell Beach Elementary",93449
"29805",40,68759,6043111,5,2012,111,88,"Shell Beach Elementary",93449
"29806",40,68759,6043111,6,2012,31,64,"Shell Beach Elementary",93449
"29807",40,68759,6043111,6,2012,111,87,"Shell Beach Elementary",93449
"29808",40,68759,6043129,2,2012,31,51.5,"Dana Elementary",93444
"29809",40,68759,6043129,2,2012,111,86,"Dana Elementary",93444
"29810",40,68759,6043129,3,2012,31,49.6554621848739,"Dana Elementary",93444
"29811",40,68759,6043129,3,2012,111,75,"Dana Elementary",93444
"29812",40,68759,6043129,4,2012,31,55,"Dana Elementary",93444
"29813",40,68759,6043129,4,2012,111,80.5192307692308,"Dana Elementary",93444
"29814",40,68759,6043129,5,2012,31,48,"Dana Elementary",93444
"29815",40,68759,6043129,5,2012,111,68,"Dana Elementary",93444
"29816",40,68759,6043129,6,2012,31,50,"Dana Elementary",93444
"29817",40,68759,6043129,6,2012,111,82.5,"Dana Elementary",93444
"29818",40,68759,6109342,7,2012,31,51.1865671641791,"Mesa Middle",93420
"29819",40,68759,6109342,7,2012,111,66.1479289940828,"Mesa Middle",93420
"29820",40,68759,6109342,8,2012,31,42.8679245283019,"Mesa Middle",93420
"29821",40,68759,6109342,8,2012,111,60.9820224719101,"Mesa Middle",93420
"29822",40,68791,6043186,4,2012,111,66.5,"Pleasant Valley Elementary",93451
"29823",40,68809,4030045,11,2012,31,34.5,"Pacific Beach High",93405
"29824",40,68809,4030045,11,2012,111,18,"Pacific Beach High",93405
"29825",40,68809,4034807,9,2012,31,45.5214007782101,"Morro Bay High",93442
"29826",40,68809,4034807,9,2012,111,63.2696629213483,"Morro Bay High",93442
"29827",40,68809,4034807,10,2012,31,50.5304568527919,"Morro Bay High",93442
"29828",40,68809,4034807,10,2012,111,67.7992831541219,"Morro Bay High",93442
"29829",40,68809,4034807,11,2012,31,35.5775401069519,"Morro Bay High",93442
"29830",40,68809,4034807,11,2012,111,59.7995169082126,"Morro Bay High",93442
"29831",40,68809,4036703,9,2012,31,32.0873786407767,"San Luis Obispo High",93401
"29832",40,68809,4036703,9,2012,111,61.7087378640777,"San Luis Obispo High",93401
"29833",40,68809,4036703,10,2012,31,39.0060422960725,"San Luis Obispo High",93401
"29834",40,68809,4036703,10,2012,111,73.4001692047377,"San Luis Obispo High",93401
"29835",40,68809,4036703,11,2012,31,36.1625,"San Luis Obispo High",93401
"29836",40,68809,4036703,11,2012,111,62.9648033126294,"San Luis Obispo High",93401
"29837",40,68809,6043194,2,2012,111,87.5,"Bellevue-Santa Fe Charter",93405
"29838",40,68809,6043194,3,2012,111,76,"Bellevue-Santa Fe Charter",93405
"29839",40,68809,6043194,4,2012,111,73,"Bellevue-Santa Fe Charter",93405
"29840",40,68809,6043194,5,2012,111,84.6666666666667,"Bellevue-Santa Fe Charter",93405
"29841",40,68809,6043194,6,2012,111,84,"Bellevue-Santa Fe Charter",93405
"29842",40,68809,6043210,2,2012,31,59,"Del Mar Elementary",93442
"29843",40,68809,6043210,2,2012,111,80.4776119402985,"Del Mar Elementary",93442
"29844",40,68809,6043210,3,2012,31,51.5,"Del Mar Elementary",93442
"29845",40,68809,6043210,3,2012,111,75.5,"Del Mar Elementary",93442
"29846",40,68809,6043210,4,2012,31,60.063829787234,"Del Mar Elementary",93442
"29847",40,68809,6043210,4,2012,111,80.7619047619048,"Del Mar Elementary",93442
"29848",40,68809,6043210,5,2012,31,57.9397590361446,"Del Mar Elementary",93442
"29849",40,68809,6043210,5,2012,111,72.2558139534884,"Del Mar Elementary",93442
"29850",40,68809,6043210,6,2012,31,58.0175438596491,"Del Mar Elementary",93442
"29851",40,68809,6043210,6,2012,111,77.9402985074627,"Del Mar Elementary",93442
"29852",40,68809,6043236,2,2012,31,59.5,"Hawthorne Elementary",93401
"29853",40,68809,6043236,2,2012,111,84.5,"Hawthorne Elementary",93401
"29854",40,68809,6043236,3,2012,31,61.5,"Hawthorne Elementary",93401
"29855",40,68809,6043236,3,2012,111,66.5,"Hawthorne Elementary",93401
"29856",40,68809,6043236,4,2012,31,66.5,"Hawthorne Elementary",93401
"29857",40,68809,6043236,4,2012,111,75,"Hawthorne Elementary",93401
"29858",40,68809,6043236,5,2012,31,60.3012048192771,"Hawthorne Elementary",93401
"29859",40,68809,6043236,5,2012,111,71.3333333333333,"Hawthorne Elementary",93401
"29860",40,68809,6043236,6,2012,31,38.5,"Hawthorne Elementary",93401
"29861",40,68809,6043236,6,2012,111,88,"Hawthorne Elementary",93401
"29862",40,68809,6043244,2,2012,31,40.5,"Los Ranchos Elementary",93401
"29863",40,68809,6043244,2,2012,111,80,"Los Ranchos Elementary",93401
"29864",40,68809,6043244,3,2012,111,81.5,"Los Ranchos Elementary",93401
"29865",40,68809,6043244,4,2012,111,90.0077519379845,"Los Ranchos Elementary",93401
"29866",40,68809,6043244,5,2012,111,90.6666666666667,"Los Ranchos Elementary",93401
"29867",40,68809,6043244,6,2012,111,82,"Los Ranchos Elementary",93401
"29868",40,68809,6043269,2,2012,31,38.5,"Pacheco Elementary",93405
"29869",40,68809,6043269,2,2012,111,94,"Pacheco Elementary",93405
"29870",40,68809,6043269,3,2012,31,39,"Pacheco Elementary",93405
"29871",40,68809,6043269,3,2012,111,80.5,"Pacheco Elementary",93405
"29872",40,68809,6043269,4,2012,31,39,"Pacheco Elementary",93405
"29873",40,68809,6043269,4,2012,111,94,"Pacheco Elementary",93405
"29874",40,68809,6043269,5,2012,31,26.6666666666667,"Pacheco Elementary",93405
"29875",40,68809,6043269,5,2012,111,83.3333333333333,"Pacheco Elementary",93405
"29876",40,68809,6043269,6,2012,31,37.5,"Pacheco Elementary",93405
"29877",40,68809,6043269,6,2012,111,82.5,"Pacheco Elementary",93405
"29878",40,68809,6043277,2,2012,31,40.5,"Bishop's Peak Elementary",93405
"29879",40,68809,6043277,2,2012,111,82.5,"Bishop's Peak Elementary",93405
"29880",40,68809,6043277,3,2012,111,91.5,"Bishop's Peak Elementary",93405
"29881",40,68809,6043277,4,2012,111,79.5,"Bishop's Peak Elementary",93405
"29882",40,68809,6043277,5,2012,31,91.6666666666667,"Bishop's Peak Elementary",93405
"29883",40,68809,6043277,5,2012,111,91.6666666666667,"Bishop's Peak Elementary",93405
"29884",40,68809,6043277,6,2012,111,90.5,"Bishop's Peak Elementary",93405
"29885",40,68809,6043285,2,2012,31,46,"Sinsheimer Elementary",93401
"29886",40,68809,6043285,2,2012,111,82.987012987013,"Sinsheimer Elementary",93401
"29887",40,68809,6043285,3,2012,31,64.5,"Sinsheimer Elementary",93401
"29888",40,68809,6043285,3,2012,111,81.5180722891566,"Sinsheimer Elementary",93401
"29889",40,68809,6043285,4,2012,111,81.943661971831,"Sinsheimer Elementary",93401
"29890",40,68809,6043285,5,2012,31,53.5,"Sinsheimer Elementary",93401
"29891",40,68809,6043285,5,2012,111,87.6666666666667,"Sinsheimer Elementary",93401
"29892",40,68809,6043285,6,2012,111,83.5,"Sinsheimer Elementary",93401
"29893",40,68809,6043301,4,2012,111,99,"Teach Elementary",93405
"29894",40,68809,6043301,5,2012,31,81.3333333333333,"Teach Elementary",93405
"29895",40,68809,6043301,5,2012,111,94.3333333333333,"Teach Elementary",93405
"29896",40,68809,6043301,6,2012,111,96.5,"Teach Elementary",93405
"29897",40,68809,6067102,7,2012,31,44.2727272727273,"Laguna Middle",93405
"29898",40,68809,6067102,7,2012,111,88.0712694877506,"Laguna Middle",93405
"29899",40,68809,6067102,8,2012,31,44.4601769911504,"Laguna Middle",93405
"29900",40,68809,6067102,8,2012,111,82.0866910866911,"Laguna Middle",93405
"29901",40,68809,6096325,2,2012,31,36,"Baywood Elementary",93402
"29902",40,68809,6096325,2,2012,111,80,"Baywood Elementary",93402
"29903",40,68809,6096325,3,2012,31,62.1475409836066,"Baywood Elementary",93402
"29904",40,68809,6096325,3,2012,111,69.5,"Baywood Elementary",93402
"29905",40,68809,6096325,4,2012,31,33.3636363636364,"Baywood Elementary",93402
"29906",40,68809,6096325,4,2012,111,60.864406779661,"Baywood Elementary",93402
"29907",40,68809,6096325,5,2012,31,47.6282051282051,"Baywood Elementary",93402
"29908",40,68809,6096325,5,2012,111,85.6666666666667,"Baywood Elementary",93402
"29909",40,68809,6096325,6,2012,31,49.1111111111111,"Baywood Elementary",93402
"29910",40,68809,6096325,6,2012,111,66.8148148148148,"Baywood Elementary",93402
"29911",40,68809,6097349,7,2012,31,50.8064516129032,"Los Osos Middle",93402
"29912",40,68809,6097349,7,2012,111,79.4467005076142,"Los Osos Middle",93402
"29913",40,68809,6097349,8,2012,31,53.4412698412698,"Los Osos Middle",93402
"29914",40,68809,6097349,8,2012,111,68.0721649484536,"Los Osos Middle",93402
"29915",40,68809,6110621,2,2012,31,59,"Monarch Grove Elementary",93402
"29916",40,68809,6110621,2,2012,111,79,"Monarch Grove Elementary",93402
"29917",40,68809,6110621,3,2012,31,56.24,"Monarch Grove Elementary",93402
"29918",40,68809,6110621,3,2012,111,74.6567164179104,"Monarch Grove Elementary",93402
"29919",40,68809,6110621,4,2012,31,50,"Monarch Grove Elementary",93402
"29920",40,68809,6110621,4,2012,111,84.5,"Monarch Grove Elementary",93402
"29921",40,68809,6110621,5,2012,31,74.6779661016949,"Monarch Grove Elementary",93402
"29922",40,68809,6110621,5,2012,111,86,"Monarch Grove Elementary",93402
"29923",40,68809,6110621,6,2012,31,70,"Monarch Grove Elementary",93402
"29924",40,68809,6110621,6,2012,111,92,"Monarch Grove Elementary",93402
"29925",40,68825,108522,2,2012,111,71,"Cappy Culver Elementary",93446
"29926",40,68825,108522,3,2012,31,38.5,"Cappy Culver Elementary",93446
"29927",40,68825,108522,3,2012,111,74,"Cappy Culver Elementary",93446
"29928",40,68825,108522,4,2012,111,58.5,"Cappy Culver Elementary",93446
"29929",40,68825,108522,5,2012,111,72.3333333333333,"Cappy Culver Elementary",93446
"29930",40,68825,108522,6,2012,111,54,"Cappy Culver Elementary",93446
"29931",40,68825,108522,7,2012,111,67.96,"Cappy Culver Elementary",93446
"29932",40,68825,6043319,2,2012,31,62.5,"Lillian Larsen Elementary",93451
"29933",40,68825,6043319,3,2012,31,53,"Lillian Larsen Elementary",93451
"29934",40,68825,6043319,4,2012,31,44,"Lillian Larsen Elementary",93451
"29935",40,68825,6043319,5,2012,31,42.6666666666667,"Lillian Larsen Elementary",93451
"29936",40,68825,6043319,6,2012,31,37.5,"Lillian Larsen Elementary",93451
"29937",40,68825,6043319,7,2012,31,40.1777777777778,"Lillian Larsen Elementary",93451
"29938",40,68825,6043319,8,2012,31,37.5,"Lillian Larsen Elementary",93451
"29939",40,68833,4037008,10,2012,31,28.4571428571429,"Shandon High",93461
"29940",40,68833,4037008,11,2012,31,40,"Shandon High",93461
"29941",40,68833,6043343,2,2012,31,48,"Shandon Elementary",93461
"29942",40,68833,6043343,3,2012,31,70.8387096774194,"Shandon Elementary",93461
"29943",40,68833,6043343,5,2012,31,58.046875,"Shandon Elementary",93461
"29944",40,68833,6043343,6,2012,31,33.3636363636364,"Shandon Elementary",93461
"29945",40,68833,6043343,7,2012,31,59.5,"Shandon Elementary",93461
"29946",40,68833,6043343,8,2012,31,49.2105263157895,"Shandon Elementary",93461
"29947",40,68841,4037701,9,2012,31,27.1590909090909,"Templeton High",93465
"29948",40,68841,4037701,9,2012,111,71.9294990723562,"Templeton High",93465
"29949",40,68841,4037701,10,2012,31,52.4455445544554,"Templeton High",93465
"29950",40,68841,4037701,10,2012,111,64.8535127055306,"Templeton High",93465
"29951",40,68841,4037701,11,2012,111,59.221269296741,"Templeton High",93465
"29952",40,68841,6043350,2,2012,31,41.5,"Templeton Elementary",93465
"29953",40,68841,6043350,2,2012,111,78,"Templeton Elementary",93465
"29954",40,68841,6106371,6,2012,31,55,"Templeton Middle",93465
"29955",40,68841,6106371,6,2012,111,73.5,"Templeton Middle",93465
"29956",40,68841,6106371,7,2012,31,59.5,"Templeton Middle",93465
"29957",40,68841,6106371,7,2012,111,85.5,"Templeton Middle",93465
"29958",40,68841,6106371,8,2012,31,57.6372549019608,"Templeton Middle",93465
"29959",40,68841,6106371,8,2012,111,79.3543788187373,"Templeton Middle",93465
"29960",40,68841,6112155,3,2012,31,49.44,"Vineyard Elementary",93465
"29961",40,68841,6112155,3,2012,111,70.5,"Vineyard Elementary",93465
"29962",40,68841,6112155,4,2012,31,74,"Vineyard Elementary",93465
"29963",40,68841,6112155,4,2012,111,84.9831223628692,"Vineyard Elementary",93465
"29964",40,68841,6112155,5,2012,31,56,"Vineyard Elementary",93465
"29965",40,68841,6112155,5,2012,111,78.3333333333333,"Vineyard Elementary",93465
"29966",40,68841,6118145,5,2012,111,66.3333333333333,"Templeton Home",93465
"29967",40,68841,6118145,8,2012,111,60.3333333333333,"Templeton Home",93465
"29968",40,75457,119354,9,2012,111,27,"Independence High",93446
"29969",40,75457,119354,10,2012,31,11.7391304347826,"Independence High",93446
"29970",40,75457,119354,10,2012,111,27.8974358974359,"Independence High",93446
"29971",40,75457,119354,11,2012,31,12,"Independence High",93446
"29972",40,75457,119354,11,2012,111,26.1794871794872,"Independence High",93446
"29973",40,75465,4032009,9,2012,31,54.5,"Coast Union High",93428
"29974",40,75465,4032009,9,2012,111,59.7115384615385,"Coast Union High",93428
"29975",40,75465,4032009,10,2012,31,33.5956284153005,"Coast Union High",93428
"29976",40,75465,4032009,10,2012,111,76.04,"Coast Union High",93428
"29977",40,75465,4032009,11,2012,31,34,"Coast Union High",93428
"29978",40,75465,4032009,11,2012,111,56.8481012658228,"Coast Union High",93428
"29979",40,75465,6042972,3,2012,31,41.2328767123288,"Cambria Grammar",93428
"29980",40,75465,6042972,3,2012,111,60.6363636363636,"Cambria Grammar",93428
"29981",40,75465,6042972,4,2012,31,62.0344827586207,"Cambria Grammar",93428
"29982",40,75465,6042972,4,2012,111,95,"Cambria Grammar",93428
"29983",40,75465,6042972,5,2012,31,54,"Cambria Grammar",93428
"29984",40,75465,6042972,5,2012,111,82,"Cambria Grammar",93428
"29985",40,75465,6042980,6,2012,31,61.4857142857143,"Santa Lucia Middle",93428
"29986",40,75465,6042980,6,2012,111,83,"Santa Lucia Middle",93428
"29987",40,75465,6042980,7,2012,31,49.0983606557377,"Santa Lucia Middle",93428
"29988",40,75465,6042980,7,2012,111,89,"Santa Lucia Middle",93428
"29989",40,75465,6042980,8,2012,31,62.7,"Santa Lucia Middle",93428
"29990",40,75465,6042980,8,2012,111,81.5185185185185,"Santa Lucia Middle",93428
"29991",41,10413,113332,10,2012,31,0,"Gateway Center",94402
"29992",41,10413,113332,10,2012,111,0,"Gateway Center",94402
"29993",41,68866,121111,2,2012,111,86,"Redwood Shores Elementary",94065
"29994",41,68866,121111,3,2012,111,89.5,"Redwood Shores Elementary",94065
"29995",41,68866,121111,4,2012,111,94.5,"Redwood Shores Elementary",94065
"29996",41,68866,121111,5,2012,111,89.3333333333333,"Redwood Shores Elementary",94065
"29997",41,68866,6043434,2,2012,111,82.5,"Central Elementary",94002
"29998",41,68866,6043434,3,2012,111,89,"Central Elementary",94002
"29999",41,68866,6043434,4,2012,111,91.5,"Central Elementary",94002
"30000",41,68866,6043434,5,2012,111,84.3333333333333,"Central Elementary",94002
"30001",41,68866,6043442,2,2012,111,80,"Cipriani Elementary",94002
"30002",41,68866,6043442,3,2012,111,72.5,"Cipriani Elementary",94002
"30003",41,68866,6043442,4,2012,111,90.475,"Cipriani Elementary",94002
"30004",41,68866,6043442,5,2012,111,87.3377483443709,"Cipriani Elementary",94002
"30005",41,68866,6043459,2,2012,111,83.5,"Fox Elementary",94002
"30006",41,68866,6043459,3,2012,111,90.4778761061947,"Fox Elementary",94002
"30007",41,68866,6043459,4,2012,111,88.009009009009,"Fox Elementary",94002
"30008",41,68866,6043459,5,2012,111,84.3333333333333,"Fox Elementary",94002
"30009",41,68866,6043475,2,2012,31,43.5,"Nesbit Elementary",94002
"30010",41,68866,6043475,2,2012,111,84.5,"Nesbit Elementary",94002
"30011",41,68866,6043475,3,2012,31,58.7692307692308,"Nesbit Elementary",94002
"30012",41,68866,6043475,3,2012,111,73.5,"Nesbit Elementary",94002
"30013",41,68866,6043475,4,2012,31,54,"Nesbit Elementary",94002
"30014",41,68866,6043475,4,2012,111,82,"Nesbit Elementary",94002
"30015",41,68866,6043475,5,2012,31,44.5833333333333,"Nesbit Elementary",94002
"30016",41,68866,6043475,5,2012,111,78.5333333333333,"Nesbit Elementary",94002
"30017",41,68866,6043483,6,2012,31,50.9019607843137,"Ralston Intermediate",94002
"30018",41,68866,6043483,6,2012,111,85.9814528593509,"Ralston Intermediate",94002
"30019",41,68866,6043483,7,2012,31,52.5714285714286,"Ralston Intermediate",94002
"30020",41,68866,6043483,7,2012,111,82.505033557047,"Ralston Intermediate",94002
"30021",41,68866,6043483,8,2012,31,45.5443037974684,"Ralston Intermediate",94002
"30022",41,68866,6043483,8,2012,111,84.5417057169634,"Ralston Intermediate",94002
"30023",41,68866,6114771,2,2012,111,87,"Sandpiper Elementary",94065
"30024",41,68866,6114771,3,2012,111,89.5,"Sandpiper Elementary",94065
"30025",41,68866,6114771,4,2012,111,93,"Sandpiper Elementary",94065
"30026",41,68866,6114771,5,2012,111,87.9512195121951,"Sandpiper Elementary",94065
"30027",41,68874,6043491,2,2012,31,18,"Brisbane Elementary",94005
"30028",41,68874,6043491,2,2012,111,67,"Brisbane Elementary",94005
"30029",41,68874,6043491,3,2012,111,61,"Brisbane Elementary",94005
"30030",41,68874,6043491,4,2012,111,77,"Brisbane Elementary",94005
"30031",41,68874,6043491,5,2012,111,66.6666666666667,"Brisbane Elementary",94005
"30032",41,68874,6043509,6,2012,31,50,"Lipman Middle",94005
"30033",41,68874,6043509,6,2012,111,56.5,"Lipman Middle",94005
"30034",41,68874,6043509,7,2012,31,71,"Lipman Middle",94005
"30035",41,68874,6043509,7,2012,111,76.5,"Lipman Middle",94005
"30036",41,68874,6043509,8,2012,31,43.6530612244898,"Lipman Middle",94005
"30037",41,68874,6043509,8,2012,111,70.9024390243902,"Lipman Middle",94005
"30038",41,68874,6043517,3,2012,111,72.551724137931,"Panorama Elementary",94014
"30039",41,68874,6043517,4,2012,111,88,"Panorama Elementary",94014
"30040",41,68882,6043525,6,2012,31,57,"Burlingame Intermediate",94010
"30041",41,68882,6043525,6,2012,111,80.4935779816514,"Burlingame Intermediate",94010
"30042",41,68882,6043525,7,2012,31,67,"Burlingame Intermediate",94010
"30043",41,68882,6043525,7,2012,111,78.876953125,"Burlingame Intermediate",94010
"30044",41,68882,6043525,8,2012,31,44.1538461538462,"Burlingame Intermediate",94010
"30045",41,68882,6043525,8,2012,111,78.4320625610948,"Burlingame Intermediate",94010
"30046",41,68882,6043541,2,2012,111,93,"Franklin Elementary",94010
"30047",41,68882,6043541,3,2012,111,93,"Franklin Elementary",94010
"30048",41,68882,6043541,4,2012,111,95.4788732394366,"Franklin Elementary",94010
"30049",41,68882,6043541,5,2012,111,88.6666666666667,"Franklin Elementary",94010
"30050",41,68882,6043566,2,2012,111,79,"Lincoln Elementary",94010
"30051",41,68882,6043566,3,2012,111,78.5,"Lincoln Elementary",94010
"30052",41,68882,6043566,4,2012,111,94,"Lincoln Elementary",94010
"30053",41,68882,6043566,5,2012,111,85,"Lincoln Elementary",94010
"30054",41,68882,6043574,2,2012,111,72,"McKinley Elementary",94010
"30055",41,68882,6043574,3,2012,111,77.5,"McKinley Elementary",94010
"30056",41,68882,6043574,4,2012,31,46.5,"McKinley Elementary",94010
"30057",41,68882,6043574,4,2012,111,82,"McKinley Elementary",94010
"30058",41,68882,6043574,5,2012,31,69,"McKinley Elementary",94010
"30059",41,68882,6043574,5,2012,111,89.6666666666667,"McKinley Elementary",94010
"30060",41,68882,6043590,2,2012,111,91,"Roosevelt Elementary",94010
"30061",41,68882,6043590,3,2012,111,77.8765432098765,"Roosevelt Elementary",94010
"30062",41,68882,6043590,4,2012,111,84.031007751938,"Roosevelt Elementary",94010
"30063",41,68882,6043590,5,2012,111,93.6666666666667,"Roosevelt Elementary",94010
"30064",41,68882,6043608,2,2012,111,78.5,"Washington Elementary",94010
"30065",41,68882,6043608,3,2012,111,90,"Washington Elementary",94010
"30066",41,68882,6043608,4,2012,111,83.4125,"Washington Elementary",94010
"30067",41,68882,6043608,5,2012,31,18,"Washington Elementary",94010
"30068",41,68882,6043608,5,2012,111,86.6666666666667,"Washington Elementary",94010
"30069",41,68890,4132817,9,2012,31,32.7061403508772,"Half Moon Bay High",94019
"30070",41,68890,4132817,9,2012,111,76,"Half Moon Bay High",94019
"30071",41,68890,4132817,10,2012,31,26.490243902439,"Half Moon Bay High",94019
"30072",41,68890,4132817,10,2012,111,62.8550295857988,"Half Moon Bay High",94019
"30073",41,68890,4132817,11,2012,31,27.1382488479263,"Half Moon Bay High",94019
"30074",41,68890,4132817,11,2012,111,67.2290502793296,"Half Moon Bay High",94019
"30075",41,68890,6043624,2,2012,31,38,"El Granada Elementary",94019
"30076",41,68890,6043624,2,2012,111,77,"El Granada Elementary",94019
"30077",41,68890,6043624,3,2012,31,19.5,"El Granada Elementary",94019
"30078",41,68890,6043624,3,2012,111,75.0845070422535,"El Granada Elementary",94019
"30079",41,68890,6043624,4,2012,31,57,"El Granada Elementary",94019
"30080",41,68890,6043624,4,2012,111,86,"El Granada Elementary",94019
"30081",41,68890,6043624,5,2012,31,41.3333333333333,"El Granada Elementary",94019
"30082",41,68890,6043624,5,2012,111,81.3333333333333,"El Granada Elementary",94019
"30083",41,68890,6043632,2,2012,31,43,"Farallone View Elementary",94037
"30084",41,68890,6043632,2,2012,111,78.5,"Farallone View Elementary",94037
"30085",41,68890,6043632,3,2012,31,25,"Farallone View Elementary",94037
"30086",41,68890,6043632,3,2012,111,73,"Farallone View Elementary",94037
"30087",41,68890,6043632,4,2012,31,40,"Farallone View Elementary",94037
"30088",41,68890,6043632,4,2012,111,80,"Farallone View Elementary",94037
"30089",41,68890,6043632,5,2012,31,33.6666666666667,"Farallone View Elementary",94037
"30090",41,68890,6043632,5,2012,111,80.6666666666667,"Farallone View Elementary",94037
"30091",41,68908,6043673,2,2012,111,96,"North Hillsborough",94010
"30092",41,68908,6043673,3,2012,111,94.5,"North Hillsborough",94010
"30093",41,68908,6043673,4,2012,111,99,"North Hillsborough",94010
"30094",41,68908,6043673,5,2012,111,96.99,"North Hillsborough",94010
"30095",41,68908,6043681,2,2012,111,89,"South Hillsborough",94010
"30096",41,68908,6043681,3,2012,111,87.5777777777778,"South Hillsborough",94010
"30097",41,68908,6043681,4,2012,111,97.010752688172,"South Hillsborough",94010
"30098",41,68908,6043681,5,2012,111,94.608,"South Hillsborough",94010
"30099",41,68908,6043699,2,2012,111,98.5,"West Hillsborough",94010
"30100",41,68908,6043699,3,2012,111,97.4561403508772,"West Hillsborough",94010
"30101",41,68908,6043699,4,2012,111,95.5,"West Hillsborough",94010
"30102",41,68908,6043699,5,2012,111,95.9695431472081,"West Hillsborough",94010
"30103",41,68908,6043707,6,2012,111,94.4913151364764,"Crocker Middle",94010
"30104",41,68908,6043707,7,2012,111,91.1304347826087,"Crocker Middle",94010
"30105",41,68908,6043707,8,2012,111,87.9469914040115,"Crocker Middle",94010
"30106",41,68916,6043806,2,2012,31,58,"Garden Village Elementary",94015
"30107",41,68916,6043806,2,2012,111,93.5,"Garden Village Elementary",94015
"30108",41,68916,6043806,3,2012,31,43.3870967741936,"Garden Village Elementary",94015
"30109",41,68916,6043806,3,2012,111,72.5,"Garden Village Elementary",94015
"30110",41,68916,6043806,4,2012,31,55,"Garden Village Elementary",94015
"30111",41,68916,6043806,4,2012,111,67.5,"Garden Village Elementary",94015
"30112",41,68916,6043806,5,2012,31,42,"Garden Village Elementary",94015
"30113",41,68916,6043806,5,2012,111,58.3333333333333,"Garden Village Elementary",94015
"30114",41,68916,6043905,2,2012,31,61,"Westlake Elementary",94015
"30115",41,68916,6043905,2,2012,111,63.5,"Westlake Elementary",94015
"30116",41,68916,6043905,3,2012,31,50,"Westlake Elementary",94015
"30117",41,68916,6043905,3,2012,111,74,"Westlake Elementary",94015
"30118",41,68916,6043905,4,2012,31,74.5,"Westlake Elementary",94015
"30119",41,68916,6043905,4,2012,111,85.5,"Westlake Elementary",94015
"30120",41,68916,6043905,5,2012,31,53.6666666666667,"Westlake Elementary",94015
"30121",41,68916,6043905,5,2012,111,71.6666666666667,"Westlake Elementary",94015
"30122",41,68916,6043905,6,2012,31,59.5,"Westlake Elementary",94015
"30123",41,68916,6043905,6,2012,111,82.5,"Westlake Elementary",94015
"30124",41,68916,6043913,2,2012,31,52,"Woodrow Wilson Elementary",94014
"30125",41,68916,6043913,2,2012,111,67.5,"Woodrow Wilson Elementary",94014
"30126",41,68916,6043913,3,2012,31,46.5,"Woodrow Wilson Elementary",94014
"30127",41,68916,6043913,3,2012,111,50,"Woodrow Wilson Elementary",94014
"30128",41,68916,6043913,4,2012,31,55.5,"Woodrow Wilson Elementary",94014
"30129",41,68916,6043913,4,2012,111,57.5,"Woodrow Wilson Elementary",94014
"30130",41,68916,6043913,5,2012,31,29.6666666666667,"Woodrow Wilson Elementary",94014
"30131",41,68916,6043913,5,2012,111,55.6666666666667,"Woodrow Wilson Elementary",94014
"30132",41,68916,6043913,6,2012,31,59,"Woodrow Wilson Elementary",94014
"30133",41,68924,4133393,9,2012,31,36.3162878787879,"Jefferson High",94014
"30134",41,68924,4133393,9,2012,111,41.0027173913044,"Jefferson High",94014
"30135",41,68924,4133393,10,2012,31,28.4189873417722,"Jefferson High",94014
"30136",41,68924,4133393,10,2012,111,36.0586466165414,"Jefferson High",94014
"30137",41,68924,4133393,11,2012,31,21.0475382003396,"Jefferson High",94014
"30138",41,68924,4133393,11,2012,111,25.5879732739421,"Jefferson High",94014
"30139",41,68924,4135075,9,2012,31,39.3921568627451,"Oceana High",94044
"30140",41,68924,4135075,9,2012,111,65.8425655976676,"Oceana High",94044
"30141",41,68924,4135075,10,2012,31,30.4766355140187,"Oceana High",94044
"30142",41,68924,4135075,10,2012,111,50.8640132669983,"Oceana High",94044
"30143",41,68924,4135075,11,2012,31,44.734693877551,"Oceana High",94044
"30144",41,68924,4135075,11,2012,111,45.3689839572192,"Oceana High",94044
"30145",41,68924,4137535,9,2012,31,34.6535947712418,"Terra Nova High",94044
"30146",41,68924,4137535,9,2012,111,60.5250379362671,"Terra Nova High",94044
"30147",41,68924,4137535,10,2012,31,37.4029304029304,"Terra Nova High",94044
"30148",41,68924,4137535,10,2012,111,52.3818181818182,"Terra Nova High",94044
"30149",41,68924,4137535,11,2012,31,43.3544303797468,"Terra Nova High",94044
"30150",41,68924,4137535,11,2012,111,53.9234088457389,"Terra Nova High",94044
"30151",41,68924,4137592,10,2012,111,4.21333333333333,"Thornton High",94014
"30152",41,68924,4137592,11,2012,31,4.03896103896104,"Thornton High",94014
"30153",41,68924,4137592,11,2012,111,12.202380952381,"Thornton High",94014
"30154",41,68924,4137790,9,2012,31,36.5621181262729,"Westmoor High",94015
"30155",41,68924,4137790,9,2012,111,54.5683544303797,"Westmoor High",94015
"30156",41,68924,4137790,10,2012,31,41.5235148514851,"Westmoor High",94015
"30157",41,68924,4137790,10,2012,111,58.5887778631822,"Westmoor High",94015
"30158",41,68924,4137790,11,2012,31,41.5969230769231,"Westmoor High",94015
"30159",41,68924,4137790,11,2012,111,49.6079766536965,"Westmoor High",94015
"30160",41,68932,105874,2,2012,111,81,"Ortega Elementary",94044
"30161",41,68932,105874,3,2012,31,66.5,"Ortega Elementary",94044
"30162",41,68932,105874,3,2012,111,68,"Ortega Elementary",94044
"30163",41,68932,105874,4,2012,31,65,"Ortega Elementary",94044
"30164",41,68932,105874,4,2012,111,79.5,"Ortega Elementary",94044
"30165",41,68932,105874,5,2012,31,79.0882352941177,"Ortega Elementary",94044
"30166",41,68932,105874,5,2012,111,81,"Ortega Elementary",94044
"30167",41,68932,4130126,6,2012,31,57.5,"Ingrid B. Lacy Middle",94044
"30168",41,68932,4130126,6,2012,111,67.989010989011,"Ingrid B. Lacy Middle",94044
"30169",41,68932,4130126,7,2012,31,47,"Ingrid B. Lacy Middle",94044
"30170",41,68932,4130126,7,2012,111,68.0779816513761,"Ingrid B. Lacy Middle",94044
"30171",41,68932,4130126,8,2012,31,53.8238341968912,"Ingrid B. Lacy Middle",94044
"30172",41,68932,4130126,8,2012,111,60.2745825602968,"Ingrid B. Lacy Middle",94044
"30173",41,68932,6043939,2,2012,111,86.5,"Cabrillo Elementary",94044
"30174",41,68932,6043939,3,2012,111,79,"Cabrillo Elementary",94044
"30175",41,68932,6043939,4,2012,111,86.4782608695652,"Cabrillo Elementary",94044
"30176",41,68932,6043939,5,2012,111,81,"Cabrillo Elementary",94044
"30177",41,68932,6043939,6,2012,111,79,"Cabrillo Elementary",94044
"30178",41,68932,6043939,7,2012,111,81,"Cabrillo Elementary",94044
"30179",41,68932,6043939,8,2012,111,79.9866666666667,"Cabrillo Elementary",94044
"30180",41,68932,6044044,2,2012,111,74,"Ocean Shore Elementary",94044
"30181",41,68932,6044044,3,2012,111,48.5,"Ocean Shore Elementary",94044
"30182",41,68932,6044044,4,2012,111,84,"Ocean Shore Elementary",94044
"30183",41,68932,6044044,5,2012,111,80.3333333333333,"Ocean Shore Elementary",94044
"30184",41,68932,6044044,6,2012,31,45.5,"Ocean Shore Elementary",94044
"30185",41,68932,6044044,6,2012,111,69,"Ocean Shore Elementary",94044
"30186",41,68932,6044044,7,2012,111,73.5833333333333,"Ocean Shore Elementary",94044
"30187",41,68932,6044044,8,2012,111,83.34375,"Ocean Shore Elementary",94044
"30188",41,68932,6044051,2,2012,111,72,"Vallemar Elementary",94044
"30189",41,68932,6044051,3,2012,111,78.5,"Vallemar Elementary",94044
"30190",41,68932,6044051,4,2012,31,63.5,"Vallemar Elementary",94044
"30191",41,68932,6044051,4,2012,111,82,"Vallemar Elementary",94044
"30192",41,68932,6044051,5,2012,31,66.6666666666667,"Vallemar Elementary",94044
"30193",41,68932,6044051,5,2012,111,82.3333333333333,"Vallemar Elementary",94044
"30194",41,68932,6044051,6,2012,31,59,"Vallemar Elementary",94044
"30195",41,68932,6044051,6,2012,111,71,"Vallemar Elementary",94044
"30196",41,68932,6044051,7,2012,31,37.5,"Vallemar Elementary",94044
"30197",41,68932,6044051,7,2012,111,76,"Vallemar Elementary",94044
"30198",41,68932,6044051,8,2012,111,70.5258215962441,"Vallemar Elementary",94044
"30199",41,68932,6044069,2,2012,31,63,"Sunset Ridge Elementary",94044
"30200",41,68932,6044069,2,2012,111,78.5,"Sunset Ridge Elementary",94044
"30201",41,68932,6044069,3,2012,31,57.5,"Sunset Ridge Elementary",94044
"30202",41,68932,6044069,3,2012,111,65.5,"Sunset Ridge Elementary",94044
"30203",41,68932,6044069,4,2012,31,68.5,"Sunset Ridge Elementary",94044
"30204",41,68932,6044069,4,2012,111,74.4639175257732,"Sunset Ridge Elementary",94044
"30205",41,68932,6044069,5,2012,31,64.705035971223,"Sunset Ridge Elementary",94044
"30206",41,68932,6044069,5,2012,111,83.956204379562,"Sunset Ridge Elementary",94044
"30207",41,68940,4135331,9,2012,31,19.6086956521739,"Pescadero High",94060
"30208",41,68940,4135331,10,2012,31,18.2295081967213,"Pescadero High",94060
"30209",41,68940,4135331,11,2012,111,85,"Pescadero High",94060
"30210",41,68940,6044077,5,2012,111,89,"La Honda Elementary",94020
"30211",41,68940,6044077,6,2012,31,22.21875,"La Honda Elementary",94020
"30212",41,68957,6044093,4,2012,111,95.4981949458484,"La Entrada Middle",94025
"30213",41,68957,6044093,5,2012,111,93.6611374407583,"La Entrada Middle",94025
"30214",41,68957,6044093,6,2012,111,92,"La Entrada Middle",94025
"30215",41,68957,6044093,7,2012,111,92.6168582375479,"La Entrada Middle",94025
"30216",41,68957,6044093,8,2012,111,95.4161073825503,"La Entrada Middle",94025
"30217",41,68957,6044127,2,2012,111,90.9940652818991,"Las Lomitas Elementary",94027
"30218",41,68957,6044127,3,2012,111,91.0559440559441,"Las Lomitas Elementary",94027
"30219",41,68965,6044135,2,2012,111,86,"Encinal Elementary",94027
"30220",41,68965,6044135,3,2012,111,87.5,"Encinal Elementary",94027
"30221",41,68965,6044135,4,2012,111,93.5033112582781,"Encinal Elementary",94027
"30222",41,68965,6044135,5,2012,111,87.3435114503817,"Encinal Elementary",94027
"30223",41,68965,6044150,6,2012,31,27.7241379310345,"Hillview Middle",94025
"30224",41,68965,6044150,6,2012,111,89.5,"Hillview Middle",94025
"30225",41,68965,6044150,7,2012,31,53,"Hillview Middle",94025
"30226",41,68965,6044150,7,2012,111,88.6070588235294,"Hillview Middle",94025
"30227",41,68965,6044150,8,2012,111,92.3122009569378,"Hillview Middle",94025
"30228",41,68965,6044168,2,2012,111,90.5,"Laurel Elementary",94027
"30229",41,68965,6044168,3,2012,111,73.5,"Laurel Elementary",94027
"30230",41,68965,6044176,2,2012,111,94.5,"Oak Knoll Elementary",94025
"30231",41,68965,6044176,3,2012,111,90.5,"Oak Knoll Elementary",94025
"30232",41,68965,6044176,4,2012,111,96,"Oak Knoll Elementary",94025
"30233",41,68965,6044176,5,2012,111,93.0055710306407,"Oak Knoll Elementary",94025
"30234",41,68973,6044200,2,2012,111,77.5,"Green Hills Elementary",94030
"30235",41,68973,6044200,3,2012,111,87.5,"Green Hills Elementary",94030
"30236",41,68973,6044200,4,2012,111,91,"Green Hills Elementary",94030
"30237",41,68973,6044200,5,2012,111,83.6714285714286,"Green Hills Elementary",94030
"30238",41,68973,6044226,2,2012,31,60.5,"Lomita Park Elementary",94066
"30239",41,68973,6044226,2,2012,111,88,"Lomita Park Elementary",94066
"30240",41,68973,6044226,3,2012,31,57.2857142857143,"Lomita Park Elementary",94066
"30241",41,68973,6044226,3,2012,111,80,"Lomita Park Elementary",94066
"30242",41,68973,6044226,4,2012,31,73.4875,"Lomita Park Elementary",94066
"30243",41,68973,6044226,4,2012,111,81.5,"Lomita Park Elementary",94066
"30244",41,68973,6044226,5,2012,31,56.3033707865169,"Lomita Park Elementary",94066
"30245",41,68973,6044234,2,2012,111,84,"Meadows Elementary",94030
"30246",41,68973,6044234,3,2012,111,85.5,"Meadows Elementary",94030
"30247",41,68973,6044234,4,2012,111,82,"Meadows Elementary",94030
"30248",41,68973,6044234,5,2012,111,86.3246753246753,"Meadows Elementary",94030
"30249",41,68973,6044259,2,2012,111,88.5,"Spring Valley Elementary",94030
"30250",41,68973,6044259,3,2012,31,50,"Spring Valley Elementary",94030
"30251",41,68973,6044259,3,2012,111,74.6867469879518,"Spring Valley Elementary",94030
"30252",41,68973,6044259,4,2012,111,78,"Spring Valley Elementary",94030
"30253",41,68973,6044259,5,2012,31,70.8823529411765,"Spring Valley Elementary",94030
"30254",41,68973,6044259,5,2012,111,82.6629213483146,"Spring Valley Elementary",94030
"30255",41,68973,6044267,6,2012,31,56.96875,"Taylor Middle",94030
"30256",41,68973,6044267,6,2012,111,79.5,"Taylor Middle",94030
"30257",41,68973,6044267,7,2012,31,64.5742574257426,"Taylor Middle",94030
"30258",41,68973,6044267,7,2012,111,84.1968680089485,"Taylor Middle",94030
"30259",41,68973,6044267,8,2012,31,67.875,"Taylor Middle",94030
"30260",41,68973,6044267,8,2012,111,87.3235638921454,"Taylor Middle",94030
"30261",41,68981,6044275,4,2012,111,92.006711409396,"Corte Madera",94028
"30262",41,68981,6044275,5,2012,111,95,"Corte Madera",94028
"30263",41,68981,6044275,6,2012,111,89.4427480916031,"Corte Madera",94028
"30264",41,68981,6044275,7,2012,111,86.958904109589,"Corte Madera",94028
"30265",41,68981,6044275,8,2012,111,84.5232974910394,"Corte Madera",94028
"30266",41,68981,6044283,2,2012,111,93,"Ormondale Elementary",94028
"30267",41,68981,6044283,3,2012,111,90.9651741293532,"Ormondale Elementary",94028
"30268",41,68999,6044309,2,2012,31,40,"Belle Haven Elementary",94025
"30269",41,68999,6044309,3,2012,31,30.9032258064516,"Belle Haven Elementary",94025
"30270",41,68999,6044309,4,2012,31,44,"Belle Haven Elementary",94025
"30271",41,68999,6044309,5,2012,31,36,"Belle Haven Elementary",94025
"30272",41,68999,6044309,6,2012,31,23,"Belle Haven Elementary",94025
"30273",41,68999,6044309,7,2012,31,36.9904761904762,"Belle Haven Elementary",94025
"30274",41,68999,6044309,8,2012,31,18.25,"Belle Haven Elementary",94025
"30275",41,68999,6044325,2,2012,31,71.5,"Costano Elementary",94303
"30276",41,68999,6044325,3,2012,31,55.5,"Costano Elementary",94303
"30277",41,68999,6044325,4,2012,31,79.447619047619,"Costano Elementary",94303
"30278",41,68999,6044325,5,2012,31,44.4875,"Costano Elementary",94303
"30279",41,68999,6044325,6,2012,31,29,"Costano Elementary",94303
"30280",41,68999,6044325,7,2012,31,28,"Costano Elementary",94303
"30281",41,68999,6044325,8,2012,31,49.2072538860104,"Costano Elementary",94303
"30282",41,69005,6044507,2,2012,31,50.5,"Hoover Elementary",94063
"30283",41,69005,6044507,3,2012,31,57.26,"Hoover Elementary",94063
"30284",41,69005,6044507,4,2012,31,47.0732984293194,"Hoover Elementary",94063
"30285",41,69005,6044507,5,2012,31,37.9299363057325,"Hoover Elementary",94063
"30286",41,69005,6044507,6,2012,31,36,"Hoover Elementary",94063
"30287",41,69005,6044507,7,2012,31,52.49375,"Hoover Elementary",94063
"30288",41,69005,6044507,8,2012,31,58.7954545454545,"Hoover Elementary",94063
"30289",41,69005,6044598,2,2012,31,44.5,"Taft Elementary",94063
"30290",41,69005,6044598,2,2012,111,67.5,"Taft Elementary",94063
"30291",41,69005,6044598,3,2012,31,59.2,"Taft Elementary",94063
"30292",41,69005,6044598,3,2012,111,64.8260869565217,"Taft Elementary",94063
"30293",41,69005,6044598,4,2012,31,64.5818181818182,"Taft Elementary",94063
"30294",41,69005,6044598,5,2012,31,49.3380281690141,"Taft Elementary",94063
"30295",41,69005,6102941,2,2012,31,50,"Orion Alternative",94063
"30296",41,69005,6102941,2,2012,111,94,"Orion Alternative",94063
"30297",41,69005,6102941,3,2012,111,75,"Orion Alternative",94063
"30298",41,69005,6102941,4,2012,111,63,"Orion Alternative",94063
"30299",41,69005,6102941,5,2012,111,94,"Orion Alternative",94063
"30300",41,69013,6044010,2,2012,111,92.5,"Portola Elementary",94066
"30301",41,69013,6044010,3,2012,111,71,"Portola Elementary",94066
"30302",41,69013,6044010,4,2012,31,82,"Portola Elementary",94066
"30303",41,69013,6044010,4,2012,111,92.5,"Portola Elementary",94066
"30304",41,69013,6044010,5,2012,111,88.6666666666667,"Portola Elementary",94066
"30305",41,69013,6044010,6,2012,111,86.9111111111111,"Portola Elementary",94066
"30306",41,69013,6044614,2,2012,31,66,"Belle Air Elementary",94066
"30307",41,69013,6044614,3,2012,31,63,"Belle Air Elementary",94066
"30308",41,69013,6044614,4,2012,31,63.5934065934066,"Belle Air Elementary",94066
"30309",41,69013,6044614,4,2012,111,87.5,"Belle Air Elementary",94066
"30310",41,69013,6044614,5,2012,31,48.7766990291262,"Belle Air Elementary",94066
"30311",41,69013,6044614,6,2012,31,50,"Belle Air Elementary",94066
"30312",41,69013,6044614,6,2012,111,66.5,"Belle Air Elementary",94066
"30313",41,69013,6044671,2,2012,111,70.5,"John Muir Elementary",94066
"30314",41,69013,6044671,3,2012,111,78,"John Muir Elementary",94066
"30315",41,69013,6044671,4,2012,111,82.0975609756098,"John Muir Elementary",94066
"30316",41,69013,6044671,5,2012,31,55,"John Muir Elementary",94066
"30317",41,69013,6044671,5,2012,111,83.6666666666667,"John Muir Elementary",94066
"30318",41,69013,6044671,6,2012,31,83,"John Muir Elementary",94066
"30319",41,69013,6044671,6,2012,111,91.5,"John Muir Elementary",94066
"30320",41,69013,6044697,7,2012,31,35.4766839378238,"Parkside Intermediate",94066
"30321",41,69013,6044697,7,2012,111,70.048,"Parkside Intermediate",94066
"30322",41,69013,6044697,8,2012,31,40.1897810218978,"Parkside Intermediate",94066
"30323",41,69013,6044697,8,2012,111,69.7803347280335,"Parkside Intermediate",94066
"30324",41,69013,6044705,2,2012,31,36,"Rollingwood Elementary",94066
"30325",41,69013,6044705,2,2012,111,57.5,"Rollingwood Elementary",94066
"30326",41,69013,6044705,3,2012,111,54.5,"Rollingwood Elementary",94066
"30327",41,69013,6044705,4,2012,31,59,"Rollingwood Elementary",94066
"30328",41,69013,6044705,4,2012,111,83,"Rollingwood Elementary",94066
"30329",41,69013,6044705,5,2012,31,47.96,"Rollingwood Elementary",94066
"30330",41,69013,6044705,5,2012,111,27,"Rollingwood Elementary",94066
"30331",41,69013,6044705,6,2012,111,75,"Rollingwood Elementary",94066
"30332",41,69021,6044721,2,2012,111,94,"Arundel Elementary",94070
"30333",41,69021,6044721,3,2012,111,88,"Arundel Elementary",94070
"30334",41,69021,6044721,4,2012,111,94.5,"Arundel Elementary",94070
"30335",41,69021,6044739,2,2012,111,76.5,"Brittan Acres Elementary",94070
"30336",41,69021,6044739,3,2012,111,78.5,"Brittan Acres Elementary",94070
"30337",41,69021,6044739,4,2012,111,84.5,"Brittan Acres Elementary",94070
"30338",41,69021,6044747,5,2012,31,40.5,"Central Middle",94070
"30339",41,69021,6044747,5,2012,111,76.6666666666667,"Central Middle",94070
"30340",41,69021,6044747,6,2012,111,77.5607142857143,"Central Middle",94070
"30341",41,69021,6044747,7,2012,111,82.0945945945946,"Central Middle",94070
"30342",41,69021,6044747,8,2012,31,27,"Central Middle",94070
"30343",41,69021,6044747,8,2012,111,83.6679389312977,"Central Middle",94070
"30344",41,69021,6044754,2,2012,111,83.5,"Heather Elementary",94070
"30345",41,69021,6044754,3,2012,111,86,"Heather Elementary",94070
"30346",41,69021,6044754,4,2012,111,96,"Heather Elementary",94070
"30347",41,69021,6044770,5,2012,111,87.3333333333333,"Tierra Linda Middle",94070
"30348",41,69021,6044770,6,2012,111,85.5,"Tierra Linda Middle",94070
"30349",41,69021,6044770,7,2012,111,86.6014760147602,"Tierra Linda Middle",94070
"30350",41,69021,6044770,8,2012,31,67.9705882352941,"Tierra Linda Middle",94070
"30351",41,69021,6044770,8,2012,111,89.1380417335474,"Tierra Linda Middle",94070
"30352",41,69021,6044788,2,2012,111,83.5,"White Oaks Elementary",94070
"30353",41,69021,6044788,3,2012,111,80.4405594405594,"White Oaks Elementary",94070
"30354",41,69021,6044788,4,2012,111,97,"White Oaks Elementary",94070
"30355",41,69039,6044796,6,2012,31,30,"Abbott Middle",94403
"30356",41,69039,6044796,6,2012,111,77.5294117647059,"Abbott Middle",94403
"30357",41,69039,6044796,7,2012,31,35.9371727748691,"Abbott Middle",94403
"30358",41,69039,6044796,7,2012,111,73.0918367346939,"Abbott Middle",94403
"30359",41,69039,6044796,8,2012,31,23.2764423076923,"Abbott Middle",94403
"30360",41,69039,6044796,8,2012,111,62.5467980295566,"Abbott Middle",94403
"30361",41,69039,6044812,2,2012,111,78.5,"Audubon Elementary",94404
"30362",41,69039,6044812,3,2012,111,79,"Audubon Elementary",94404
"30363",41,69039,6044812,4,2012,111,83,"Audubon Elementary",94404
"30364",41,69039,6044812,5,2012,111,76.3180327868852,"Audubon Elementary",94404
"30365",41,69039,6044838,2,2012,31,65.5,"Baywood Elementary",94402
"30366",41,69039,6044838,2,2012,111,92.5,"Baywood Elementary",94402
"30367",41,69039,6044838,3,2012,111,90,"Baywood Elementary",94402
"30368",41,69039,6044838,4,2012,31,56.5,"Baywood Elementary",94402
"30369",41,69039,6044838,4,2012,111,92.495867768595,"Baywood Elementary",94402
"30370",41,69039,6044838,5,2012,31,53,"Baywood Elementary",94402
"30371",41,69039,6044838,5,2012,111,95.6666666666667,"Baywood Elementary",94402
"30372",41,69039,6044846,2,2012,31,58.5,"Beresford Elementary",94403
"30373",41,69039,6044846,2,2012,111,84,"Beresford Elementary",94403
"30374",41,69039,6044846,3,2012,31,27,"Beresford Elementary",94403
"30375",41,69039,6044846,3,2012,111,80,"Beresford Elementary",94403
"30376",41,69039,6044846,4,2012,31,61,"Beresford Elementary",94403
"30377",41,69039,6044846,4,2012,111,98,"Beresford Elementary",94403
"30378",41,69039,6044853,6,2012,31,31.9744680851064,"Borel Middle",94402
"30379",41,69039,6044853,6,2012,111,79.9860724233983,"Borel Middle",94402
"30380",41,69039,6044853,7,2012,31,43.5645933014354,"Borel Middle",94402
"30381",41,69039,6044853,7,2012,111,79.7912087912088,"Borel Middle",94402
"30382",41,69039,6044853,8,2012,31,42.2988505747126,"Borel Middle",94402
"30383",41,69039,6044853,8,2012,111,77.09439124487,"Borel Middle",94402
"30384",41,69039,6044861,6,2012,31,37.2285714285714,"Bowditch Middle",94404
"30385",41,69039,6044861,6,2012,111,81,"Bowditch Middle",94404
"30386",41,69039,6044861,7,2012,31,54.5,"Bowditch Middle",94404
"30387",41,69039,6044861,7,2012,111,84.5253623188406,"Bowditch Middle",94404
"30388",41,69039,6044861,8,2012,31,72.3617021276596,"Bowditch Middle",94404
"30389",41,69039,6044861,8,2012,111,79.5765306122449,"Bowditch Middle",94404
"30390",41,69039,6044895,2,2012,111,89,"Foster City Elementary",94404
"30391",41,69039,6044895,3,2012,111,83,"Foster City Elementary",94404
"30392",41,69039,6044895,4,2012,111,93.4857142857143,"Foster City Elementary",94404
"30393",41,69039,6044895,5,2012,111,88.6666666666667,"Foster City Elementary",94404
"30394",41,69039,6044903,2,2012,31,33.5,"George Hall Elementary",94403
"30395",41,69039,6044903,2,2012,111,87.038961038961,"George Hall Elementary",94403
"30396",41,69039,6044903,3,2012,31,43.5,"George Hall Elementary",94403
"30397",41,69039,6044903,3,2012,111,79,"George Hall Elementary",94403
"30398",41,69039,6044903,4,2012,31,64.5,"George Hall Elementary",94403
"30399",41,69039,6044903,4,2012,111,87.5,"George Hall Elementary",94403
"30400",41,69039,6044903,5,2012,31,68.3333333333333,"George Hall Elementary",94403
"30401",41,69039,6044903,5,2012,111,88.3333333333333,"George Hall Elementary",94403
"30402",41,69039,6044911,2,2012,31,37,"Highlands Elementary",94402
"30403",41,69039,6044911,2,2012,111,80.5,"Highlands Elementary",94402
"30404",41,69039,6044911,3,2012,31,18.5,"Highlands Elementary",94402
"30405",41,69039,6044911,3,2012,111,80.489932885906,"Highlands Elementary",94402
"30406",41,69039,6044911,4,2012,31,23.5,"Highlands Elementary",94402
"30407",41,69039,6044911,4,2012,111,76.5,"Highlands Elementary",94402
"30408",41,69039,6044911,5,2012,31,47,"Highlands Elementary",94402
"30409",41,69039,6044911,5,2012,111,88,"Highlands Elementary",94402
"30410",41,69039,6044945,2,2012,31,36.5,"Laurel Elementary",94403
"30411",41,69039,6044945,2,2012,111,66.5,"Laurel Elementary",94403
"30412",41,69039,6044945,3,2012,31,36,"Laurel Elementary",94403
"30413",41,69039,6044945,3,2012,111,69.8965517241379,"Laurel Elementary",94403
"30414",41,69039,6044945,4,2012,31,55.5,"Laurel Elementary",94403
"30415",41,69039,6044945,4,2012,111,79.5,"Laurel Elementary",94403
"30416",41,69039,6044945,5,2012,31,54.3333333333333,"Laurel Elementary",94403
"30417",41,69039,6044945,5,2012,111,87,"Laurel Elementary",94403
"30418",41,69039,6044952,2,2012,31,34.5,"College Park Elementary",94401
"30419",41,69039,6044952,2,2012,111,87.5,"College Park Elementary",94401
"30420",41,69039,6044952,3,2012,31,20.5,"College Park Elementary",94401
"30421",41,69039,6044952,3,2012,111,92.5,"College Park Elementary",94401
"30422",41,69039,6044952,4,2012,31,43,"College Park Elementary",94401
"30423",41,69039,6044952,4,2012,111,97,"College Park Elementary",94401
"30424",41,69039,6044952,5,2012,31,26.3333333333333,"College Park Elementary",94401
"30425",41,69039,6044952,5,2012,111,100,"College Park Elementary",94401
"30426",41,69039,6044960,2,2012,31,56,"Meadow Heights Elementary",94403
"30427",41,69039,6044960,2,2012,111,93.5,"Meadow Heights Elementary",94403
"30428",41,69039,6044960,3,2012,31,65.5,"Meadow Heights Elementary",94403
"30429",41,69039,6044960,3,2012,111,84.5,"Meadow Heights Elementary",94403
"30430",41,69039,6044960,4,2012,31,68.5,"Meadow Heights Elementary",94403
"30431",41,69039,6044960,4,2012,111,82,"Meadow Heights Elementary",94403
"30432",41,69039,6044960,5,2012,111,92.6666666666667,"Meadow Heights Elementary",94403
"30433",41,69039,6045017,2,2012,31,53.5,"Sunnybrae Elementary",94402
"30434",41,69039,6045017,2,2012,111,81,"Sunnybrae Elementary",94402
"30435",41,69039,6045017,3,2012,31,32.5,"Sunnybrae Elementary",94402
"30436",41,69039,6045017,3,2012,111,64,"Sunnybrae Elementary",94402
"30437",41,69039,6045017,4,2012,31,55.5,"Sunnybrae Elementary",94402
"30438",41,69039,6045017,4,2012,111,70.5,"Sunnybrae Elementary",94402
"30439",41,69039,6045017,5,2012,31,49,"Sunnybrae Elementary",94402
"30440",41,69039,6045017,5,2012,111,73,"Sunnybrae Elementary",94402
"30441",41,69039,6112650,2,2012,111,91,"Brewer Island Elementary",94404
"30442",41,69039,6112650,3,2012,111,93.4884792626728,"Brewer Island Elementary",94404
"30443",41,69039,6112650,4,2012,111,93,"Brewer Island Elementary",94404
"30444",41,69039,6112650,5,2012,111,91.6666666666667,"Brewer Island Elementary",94404
"30445",41,69047,4130217,9,2012,31,44.2234042553191,"Aragon High",94402
"30446",41,69047,4130217,9,2012,111,72.5515463917526,"Aragon High",94402
"30447",41,69047,4130217,10,2012,31,33.7619047619048,"Aragon High",94402
"30448",41,69047,4130217,10,2012,111,67.9491749174917,"Aragon High",94402
"30449",41,69047,4130217,11,2012,31,33.1210191082803,"Aragon High",94402
"30450",41,69047,4130217,11,2012,111,66.8372093023256,"Aragon High",94402
"30451",41,69047,4130472,9,2012,31,38.3827160493827,"Burlingame High",94010
"30452",41,69047,4130472,9,2012,111,77.5521390374332,"Burlingame High",94010
"30453",41,69047,4130472,10,2012,31,40.244094488189,"Burlingame High",94010
"30454",41,69047,4130472,10,2012,111,72.752,"Burlingame High",94010
"30455",41,69047,4130472,11,2012,31,46.4893617021277,"Burlingame High",94010
"30456",41,69047,4130472,11,2012,111,61.0322869955157,"Burlingame High",94010
"30457",41,69047,4130738,9,2012,31,46.4927536231884,"Capuchino High",94066
"30458",41,69047,4130738,9,2012,111,63.1285140562249,"Capuchino High",94066
"30459",41,69047,4130738,10,2012,31,27.319512195122,"Capuchino High",94066
"30460",41,69047,4130738,10,2012,111,48.0893223819302,"Capuchino High",94066
"30461",41,69047,4130738,11,2012,31,34.3152173913044,"Capuchino High",94066
"30462",41,69047,4130738,11,2012,111,49.1189358372457,"Capuchino High",94066
"30463",41,69047,4133070,9,2012,31,39.1148325358852,"Hillsdale High",94403
"30464",41,69047,4133070,9,2012,111,71.8964539007092,"Hillsdale High",94403
"30465",41,69047,4133070,10,2012,31,34.8307210031348,"Hillsdale High",94403
"30466",41,69047,4133070,10,2012,111,63.7100248550124,"Hillsdale High",94403
"30467",41,69047,4133070,11,2012,31,20.695067264574,"Hillsdale High",94403
"30468",41,69047,4133070,11,2012,111,49.1974448315912,"Hillsdale High",94403
"30469",41,69047,4134557,9,2012,31,62.1965317919075,"Mills High",94030
"30470",41,69047,4134557,9,2012,111,80.6978723404255,"Mills High",94030
"30471",41,69047,4134557,10,2012,31,44.8638743455497,"Mills High",94030
"30472",41,69047,4134557,10,2012,111,68.7460545193687,"Mills High",94030
"30473",41,69047,4134557,11,2012,31,57.2857142857143,"Mills High",94030
"30474",41,69047,4134557,11,2012,111,66.9357976653696,"Mills High",94030
"30475",41,69047,4136370,9,2012,31,30.971098265896,"San Mateo High",94401
"30476",41,69047,4136370,9,2012,111,75.6752655538695,"San Mateo High",94401
"30477",41,69047,4136370,10,2012,31,22.953667953668,"San Mateo High",94401
"30478",41,69047,4136370,10,2012,111,63.9855465221319,"San Mateo High",94401
"30479",41,69047,4136370,11,2012,31,30.2135922330097,"San Mateo High",94401
"30480",41,69047,4136370,11,2012,111,64.03125,"San Mateo High",94401
"30481",41,69062,4130993,9,2012,31,43.0278745644599,"Carlmont High",94002
"30482",41,69062,4130993,9,2012,111,84.71975019516,"Carlmont High",94002
"30483",41,69062,4130993,10,2012,31,38.2976653696498,"Carlmont High",94002
"30484",41,69062,4130993,10,2012,111,79.1876580677795,"Carlmont High",94002
"30485",41,69062,4130993,11,2012,31,27.185873605948,"Carlmont High",94002
"30486",41,69062,4130993,11,2012,111,73.7299771167048,"Carlmont High",94002
"30487",41,69062,4133716,9,2012,31,28.4637404580153,"Menlo-Atherton High",94025
"30488",41,69062,4133716,9,2012,111,87.2767749699158,"Menlo-Atherton High",94025
"30489",41,69062,4133716,10,2012,31,22.5762711864407,"Menlo-Atherton High",94025
"30490",41,69062,4133716,10,2012,111,81.5377622377622,"Menlo-Atherton High",94025
"30491",41,69062,4133716,11,2012,31,23.5983050847458,"Menlo-Atherton High",94025
"30492",41,69062,4133716,11,2012,111,77.9224452554745,"Menlo-Atherton High",94025
"30493",41,69062,4136693,9,2012,31,30.4820512820513,"Sequoia High",94062
"30494",41,69062,4136693,9,2012,111,75.4097421203438,"Sequoia High",94062
"30495",41,69062,4136693,10,2012,31,34.9357798165138,"Sequoia High",94062
"30496",41,69062,4136693,10,2012,111,78.2310469314079,"Sequoia High",94062
"30497",41,69062,4136693,11,2012,31,30.3007614213198,"Sequoia High",94062
"30498",41,69062,4136693,11,2012,111,67.7443609022556,"Sequoia High",94062
"30499",41,69062,4138053,9,2012,31,29.9628040057225,"Woodside High",94062
"30500",41,69062,4138053,9,2012,111,63.3624772313297,"Woodside High",94062
"30501",41,69062,4138053,10,2012,31,27.0216494845361,"Woodside High",94062
"30502",41,69062,4138053,10,2012,111,59.5796019900498,"Woodside High",94062
"30503",41,69062,4138053,11,2012,31,21.7411575562701,"Woodside High",94062
"30504",41,69062,4138053,11,2012,111,56.4031668696711,"Woodside High",94062
"30505",41,69070,4132551,9,2012,31,49.2833876221498,"El Camino High",94080
"30506",41,69070,4132551,9,2012,111,65.1323741007194,"El Camino High",94080
"30507",41,69070,4132551,10,2012,31,37.8930581613508,"El Camino High",94080
"30508",41,69070,4132551,10,2012,111,53.482619240097,"El Camino High",94080
"30509",41,69070,4132551,11,2012,31,46.2587209302326,"El Camino High",94080
"30510",41,69070,4132551,11,2012,111,54.045652173913,"El Camino High",94080
"30511",41,69070,4137279,9,2012,31,33.7650485436893,"South San Francisco High",94080
"30512",41,69070,4137279,9,2012,111,56.6902485659656,"South San Francisco High",94080
"30513",41,69070,4137279,10,2012,31,35.4602385685885,"South San Francisco High",94080
"30514",41,69070,4137279,10,2012,111,55.6486761710794,"South San Francisco High",94080
"30515",41,69070,4137279,11,2012,31,27.906976744186,"South San Francisco High",94080
"30516",41,69070,4137279,11,2012,111,51.623748211731,"South San Francisco High",94080
"30517",41,69070,6045041,2,2012,31,58,"Buri Buri Elementary",94080
"30518",41,69070,6045041,2,2012,111,80.5,"Buri Buri Elementary",94080
"30519",41,69070,6045041,3,2012,31,76.6779661016949,"Buri Buri Elementary",94080
"30520",41,69070,6045041,3,2012,111,86.5,"Buri Buri Elementary",94080
"30521",41,69070,6045041,4,2012,31,86,"Buri Buri Elementary",94080
"30522",41,69070,6045041,4,2012,111,82.12,"Buri Buri Elementary",94080
"30523",41,69070,6045041,5,2012,31,67.0679611650485,"Buri Buri Elementary",94080
"30524",41,69070,6045041,5,2012,111,85.3333333333333,"Buri Buri Elementary",94080
"30525",41,69070,6045082,2,2012,31,48.5,"Los Cerritos Elementary",94080
"30526",41,69070,6045082,2,2012,111,73,"Los Cerritos Elementary",94080
"30527",41,69070,6045082,3,2012,31,55.3650793650794,"Los Cerritos Elementary",94080
"30528",41,69070,6045082,3,2012,111,83.5,"Los Cerritos Elementary",94080
"30529",41,69070,6045082,4,2012,31,73,"Los Cerritos Elementary",94080
"30530",41,69070,6045082,4,2012,111,93,"Los Cerritos Elementary",94080
"30531",41,69070,6045082,5,2012,31,42.4782608695652,"Los Cerritos Elementary",94080
"30532",41,69070,6045082,5,2012,111,55,"Los Cerritos Elementary",94080
"30533",41,69070,6045090,2,2012,31,54.5,"Martin Elementary",94080
"30534",41,69070,6045090,3,2012,31,63.5,"Martin Elementary",94080
"30535",41,69070,6045090,4,2012,31,70.4857142857143,"Martin Elementary",94080
"30536",41,69070,6045090,5,2012,31,67.4825174825175,"Martin Elementary",94080
"30537",41,69070,6045108,2,2012,31,77,"Monte Verde Elementary",94066
"30538",41,69070,6045108,2,2012,111,87,"Monte Verde Elementary",94066
"30539",41,69070,6045108,3,2012,31,54.5,"Monte Verde Elementary",94066
"30540",41,69070,6045108,3,2012,111,82.5646258503401,"Monte Verde Elementary",94066
"30541",41,69070,6045108,4,2012,31,75,"Monte Verde Elementary",94066
"30542",41,69070,6045108,4,2012,111,89.0504201680672,"Monte Verde Elementary",94066
"30543",41,69070,6045108,5,2012,31,67.5730337078652,"Monte Verde Elementary",94066
"30544",41,69070,6045108,5,2012,111,89.3163265306122,"Monte Verde Elementary",94066
"30545",41,69070,6045116,2,2012,31,64,"Ponderosa Elementary",94080
"30546",41,69070,6045116,2,2012,111,74,"Ponderosa Elementary",94080
"30547",41,69070,6045116,3,2012,31,75,"Ponderosa Elementary",94080
"30548",41,69070,6045116,3,2012,111,75,"Ponderosa Elementary",94080
"30549",41,69070,6045116,4,2012,31,64,"Ponderosa Elementary",94080
"30550",41,69070,6045116,4,2012,111,80.5060240963855,"Ponderosa Elementary",94080
"30551",41,69070,6045116,5,2012,31,61.6666666666667,"Ponderosa Elementary",94080
"30552",41,69070,6045116,5,2012,111,79.6911764705882,"Ponderosa Elementary",94080
"30553",41,69070,6045132,2,2012,31,44,"Skyline Elementary",94015
"30554",41,69070,6045132,2,2012,111,71,"Skyline Elementary",94015
"30555",41,69070,6045132,3,2012,31,66.5,"Skyline Elementary",94015
"30556",41,69070,6045132,3,2012,111,79.5,"Skyline Elementary",94015
"30557",41,69070,6045132,4,2012,31,71.5,"Skyline Elementary",94015
"30558",41,69070,6045132,4,2012,111,85.5,"Skyline Elementary",94015
"30559",41,69070,6045132,5,2012,31,65.6463414634146,"Skyline Elementary",94015
"30560",41,69070,6045132,5,2012,111,76.6703296703297,"Skyline Elementary",94015
"30561",41,69070,6045140,2,2012,31,56.9473684210526,"Spruce Elementary",94080
"30562",41,69070,6045140,2,2012,111,50,"Spruce Elementary",94080
"30563",41,69070,6045140,3,2012,31,52.5804195804196,"Spruce Elementary",94080
"30564",41,69070,6045140,3,2012,111,63,"Spruce Elementary",94080
"30565",41,69070,6045140,4,2012,31,56.0331125827815,"Spruce Elementary",94080
"30566",41,69070,6045140,4,2012,111,85.2682926829268,"Spruce Elementary",94080
"30567",41,69070,6045140,5,2012,31,68.765,"Spruce Elementary",94080
"30568",41,69070,6045140,5,2012,111,74.875,"Spruce Elementary",94080
"30569",41,69070,6045157,2,2012,31,61.5,"Sunshine Gardens Elementary",94080
"30570",41,69070,6045157,2,2012,111,79,"Sunshine Gardens Elementary",94080
"30571",41,69070,6045157,3,2012,31,70.5,"Sunshine Gardens Elementary",94080
"30572",41,69070,6045157,3,2012,111,84.5,"Sunshine Gardens Elementary",94080
"30573",41,69070,6045157,4,2012,31,62.046511627907,"Sunshine Gardens Elementary",94080
"30574",41,69070,6045157,4,2012,111,75,"Sunshine Gardens Elementary",94080
"30575",41,69070,6045157,5,2012,31,50.9489795918367,"Sunshine Gardens Elementary",94080
"30576",41,69070,6045157,5,2012,111,75.5161290322581,"Sunshine Gardens Elementary",94080
"30577",41,69070,6059976,6,2012,31,52.0244897959184,"Alta Loma Middle",94080
"30578",41,69070,6059976,6,2012,111,68.8398576512456,"Alta Loma Middle",94080
"30579",41,69070,6059976,7,2012,31,50.0176211453744,"Alta Loma Middle",94080
"30580",41,69070,6059976,7,2012,111,74.8486842105263,"Alta Loma Middle",94080
"30581",41,69070,6059976,8,2012,31,54.1063218390805,"Alta Loma Middle",94080
"30582",41,69070,6059976,8,2012,111,64.6186708860759,"Alta Loma Middle",94080
"30583",41,69070,6059984,6,2012,31,45.0066225165563,"Parkway Heights Middle",94080
"30584",41,69070,6059984,6,2012,111,60.5070422535211,"Parkway Heights Middle",94080
"30585",41,69070,6059984,7,2012,31,57.9387755102041,"Parkway Heights Middle",94080
"30586",41,69070,6059984,7,2012,111,56,"Parkway Heights Middle",94080
"30587",41,69070,6059984,8,2012,31,49.9857819905213,"Parkway Heights Middle",94080
"30588",41,69070,6059984,8,2012,111,71.9340659340659,"Parkway Heights Middle",94080
"30589",41,69070,6067128,6,2012,31,46.44,"Westborough Middle",94080
"30590",41,69070,6067128,6,2012,111,68.8939929328622,"Westborough Middle",94080
"30591",41,69070,6067128,7,2012,31,62.5737704918033,"Westborough Middle",94080
"30592",41,69070,6067128,7,2012,111,77.5637982195846,"Westborough Middle",94080
"30593",41,69070,6067128,8,2012,31,54.2362869198312,"Westborough Middle",94080
"30594",41,69070,6067128,8,2012,111,68.9059829059829,"Westborough Middle",94080
"30595",41,69070,6068282,2,2012,31,62.5,"Junipero Serra Elementary",94015
"30596",41,69070,6068282,2,2012,111,82,"Junipero Serra Elementary",94015
"30597",41,69070,6068282,3,2012,31,53.5,"Junipero Serra Elementary",94015
"30598",41,69070,6068282,3,2012,111,79,"Junipero Serra Elementary",94015
"30599",41,69070,6068282,4,2012,31,61,"Junipero Serra Elementary",94015
"30600",41,69070,6068282,4,2012,111,74,"Junipero Serra Elementary",94015
"30601",41,69070,6068282,5,2012,31,59.6666666666667,"Junipero Serra Elementary",94015
"30602",41,69070,6068282,5,2012,111,81.6666666666667,"Junipero Serra Elementary",94015
"30603",41,69088,6045165,2,2012,111,99,"Woodside Elementary",94062
"30604",41,69088,6045165,3,2012,111,94.5,"Woodside Elementary",94062
"30605",41,69088,6045165,4,2012,111,98,"Woodside Elementary",94062
"30606",41,69088,6045165,5,2012,111,95,"Woodside Elementary",94062
"30607",41,69088,6045165,6,2012,111,90.5,"Woodside Elementary",94062
"30608",41,69088,6045165,7,2012,111,100,"Woodside Elementary",94062
"30609",41,69088,6045165,8,2012,111,93.7641509433962,"Woodside Elementary",94062
"30610",41,76588,119503,9,2012,31,42.6929133858268,"Everest Public High",94063
"30611",41,76588,119503,9,2012,111,69.0360824742268,"Everest Public High",94063
"30612",41,76588,119503,10,2012,31,38.8777292576419,"Everest Public High",94063
"30613",41,76588,119503,10,2012,111,80,"Everest Public High",94063
"30614",41,76588,119503,11,2012,31,30.6373626373626,"Everest Public High",94063
"30615",41,76588,119503,11,2012,111,62.3811659192825,"Everest Public High",94063
"30616",42,69104,6045256,2,2012,111,65.5,"Ballard Elementary",93463
"30617",42,69104,6045256,3,2012,111,96.5,"Ballard Elementary",93463
"30618",42,69104,6045256,4,2012,111,91,"Ballard Elementary",93463
"30619",42,69104,6045256,5,2012,111,98,"Ballard Elementary",93463
"30620",42,69104,6045256,6,2012,111,96,"Ballard Elementary",93463
"30621",42,69112,124255,2,2012,111,54.5,"Trivium Charter",93454
"30622",42,69112,124255,3,2012,111,41.3928571428571,"Trivium Charter",93454
"30623",42,69112,124255,4,2012,31,50,"Trivium Charter",93454
"30624",42,69112,124255,4,2012,111,50,"Trivium Charter",93454
"30625",42,69112,124255,5,2012,111,61.3186813186813,"Trivium Charter",93454
"30626",42,69112,124255,6,2012,31,37.5,"Trivium Charter",93454
"30627",42,69112,124255,6,2012,111,35.5,"Trivium Charter",93454
"30628",42,69112,124255,7,2012,111,56.6216216216216,"Trivium Charter",93454
"30629",42,69112,124255,8,2012,111,64.3333333333333,"Trivium Charter",93454
"30630",42,69120,102863,2,2012,31,37,"Liberty Elementary",93458
"30631",42,69120,102863,3,2012,31,39,"Liberty Elementary",93458
"30632",42,69120,102863,4,2012,31,46,"Liberty Elementary",93458
"30633",42,69120,102863,5,2012,31,32.6666666666667,"Liberty Elementary",93458
"30634",42,69120,102863,6,2012,31,31,"Liberty Elementary",93458
"30635",42,69120,6045272,2,2012,31,48.5,"Bonita Elementary",93458
"30636",42,69120,6045272,3,2012,31,33,"Bonita Elementary",93458
"30637",42,69120,6045272,4,2012,31,45.5,"Bonita Elementary",93458
"30638",42,69120,6045272,5,2012,31,50.6666666666667,"Bonita Elementary",93458
"30639",42,69120,6045272,6,2012,31,39.5,"Bonita Elementary",93458
"30640",42,69120,6045967,2,2012,31,26,"Alvin Elementary",93454
"30641",42,69120,6045967,3,2012,31,51,"Alvin Elementary",93454
"30642",42,69120,6045967,4,2012,31,56,"Alvin Elementary",93454
"30643",42,69120,6045967,5,2012,31,25.3333333333333,"Alvin Elementary",93454
"30644",42,69120,6045967,6,2012,31,46.5,"Alvin Elementary",93454
"30645",42,69120,6046007,2,2012,31,39.9804878048781,"Fairlawn Elementary",93458
"30646",42,69120,6046007,3,2012,31,37.5,"Fairlawn Elementary",93458
"30647",42,69120,6046007,4,2012,31,48,"Fairlawn Elementary",93458
"30648",42,69120,6046007,5,2012,31,36.6548672566372,"Fairlawn Elementary",93458
"30649",42,69120,6046007,6,2012,31,39.9483870967742,"Fairlawn Elementary",93458
"30650",42,69120,6046031,2,2012,31,40,"Miller (Isaac) Elementary",93454
"30651",42,69120,6046031,3,2012,31,39,"Miller (Isaac) Elementary",93454
"30652",42,69120,6046031,4,2012,31,51.5,"Miller (Isaac) Elementary",93454
"30653",42,69120,6046031,5,2012,31,39,"Miller (Isaac) Elementary",93454
"30654",42,69120,6046031,6,2012,31,32,"Miller (Isaac) Elementary",93454
"30655",42,69120,6046049,2,2012,31,39.5,"Oakley (Calvin C.) Elementary",93458
"30656",42,69120,6046049,3,2012,31,29,"Oakley (Calvin C.) Elementary",93458
"30657",42,69120,6046049,4,2012,31,49.5,"Oakley (Calvin C.) Elementary",93458
"30658",42,69120,6046049,5,2012,31,38.6666666666667,"Oakley (Calvin C.) Elementary",93458
"30659",42,69120,6046049,6,2012,31,46,"Oakley (Calvin C.) Elementary",93458
"30660",42,69120,6046056,2,2012,31,45.5,"Rice (William) Elementary",93454
"30661",42,69120,6046056,3,2012,31,44,"Rice (William) Elementary",93454
"30662",42,69120,6046056,4,2012,31,51.5,"Rice (William) Elementary",93454
"30663",42,69120,6046056,5,2012,31,37.3333333333333,"Rice (William) Elementary",93454
"30664",42,69120,6046056,6,2012,31,40,"Rice (William) Elementary",93454
"30665",42,69120,6119820,7,2012,31,40,"Arellanes Junior High",93455
"30666",42,69120,6119820,8,2012,31,38.6041083099907,"Arellanes Junior High",93455
"30667",42,69138,6119804,2,2012,31,68.5,"Oak Valley Elementary",93427
"30668",42,69138,6119804,2,2012,111,95,"Oak Valley Elementary",93427
"30669",42,69138,6119804,3,2012,31,48.1333333333333,"Oak Valley Elementary",93427
"30670",42,69138,6119804,3,2012,111,78.5,"Oak Valley Elementary",93427
"30671",42,69138,6119804,4,2012,31,77.8148148148148,"Oak Valley Elementary",93427
"30672",42,69138,6119804,4,2012,111,88.5116279069767,"Oak Valley Elementary",93427
"30673",42,69138,6119804,5,2012,31,54.6666666666667,"Oak Valley Elementary",93427
"30674",42,69138,6119804,5,2012,111,82.3333333333333,"Oak Valley Elementary",93427
"30675",42,69146,4230587,9,2012,31,35.4448160535117,"Carpinteria Senior High",93013
"30676",42,69146,4230587,9,2012,111,57.6807511737089,"Carpinteria Senior High",93013
"30677",42,69146,4230587,10,2012,31,36.2229885057471,"Carpinteria Senior High",93013
"30678",42,69146,4230587,10,2012,111,50.6504854368932,"Carpinteria Senior High",93013
"30679",42,69146,4230587,11,2012,31,39.2266288951841,"Carpinteria Senior High",93013
"30680",42,69146,4230587,11,2012,111,54.2825112107623,"Carpinteria Senior High",93013
"30681",42,69146,6045298,2,2012,31,54,"Aliso Elementary",93013
"30682",42,69146,6045298,2,2012,111,83.5,"Aliso Elementary",93013
"30683",42,69146,6045298,3,2012,31,67.2359550561798,"Aliso Elementary",93013
"30684",42,69146,6045298,3,2012,111,96.5,"Aliso Elementary",93013
"30685",42,69146,6045298,4,2012,31,74.578313253012,"Aliso Elementary",93013
"30686",42,69146,6045298,4,2012,111,92,"Aliso Elementary",93013
"30687",42,69146,6045298,5,2012,31,73.6666666666667,"Aliso Elementary",93013
"30688",42,69146,6045298,5,2012,111,74.6666666666667,"Aliso Elementary",93013
"30689",42,69146,6045306,2,2012,31,46,"Canalino Elementary",93013
"30690",42,69146,6045306,2,2012,111,65.5,"Canalino Elementary",93013
"30691",42,69146,6045306,3,2012,31,38.156862745098,"Canalino Elementary",93013
"30692",42,69146,6045306,3,2012,111,74.7090909090909,"Canalino Elementary",93013
"30693",42,69146,6045306,4,2012,31,55.0352941176471,"Canalino Elementary",93013
"30694",42,69146,6045306,4,2012,111,77,"Canalino Elementary",93013
"30695",42,69146,6045306,5,2012,31,35.029197080292,"Canalino Elementary",93013
"30696",42,69146,6045306,5,2012,111,66.6666666666667,"Canalino Elementary",93013
"30697",42,69146,6045322,2,2012,111,82,"Summerland Elementary",93067
"30698",42,69146,6045322,5,2012,111,94,"Summerland Elementary",93067
"30699",42,69146,6060008,6,2012,31,39.0104166666667,"Carpinteria Middle",93013
"30700",42,69146,6060008,6,2012,111,63,"Carpinteria Middle",93013
"30701",42,69146,6060008,7,2012,31,48.9951690821256,"Carpinteria Middle",93013
"30702",42,69146,6060008,7,2012,111,76.4414414414414,"Carpinteria Middle",93013
"30703",42,69146,6060008,8,2012,31,41.1296296296296,"Carpinteria Middle",93013
"30704",42,69146,6060008,8,2012,111,57.9,"Carpinteria Middle",93013
"30705",42,69161,6045348,2,2012,111,94,"Cold Spring Elementary",93108
"30706",42,69161,6045348,3,2012,111,92.5,"Cold Spring Elementary",93108
"30707",42,69161,6045348,4,2012,111,97,"Cold Spring Elementary",93108
"30708",42,69161,6045348,5,2012,111,97.3333333333333,"Cold Spring Elementary",93108
"30709",42,69161,6045348,6,2012,111,87,"Cold Spring Elementary",93108
"30710",42,69179,6045371,2,2012,111,78.5,"Santa Ynez Elementary",93460
"30711",42,69179,6045371,3,2012,31,30.5,"Santa Ynez Elementary",93460
"30712",42,69179,6045371,4,2012,31,37.5,"Santa Ynez Elementary",93460
"30713",42,69179,6045371,5,2012,31,71,"Santa Ynez Elementary",93460
"30714",42,69179,6045371,5,2012,111,83.3333333333333,"Santa Ynez Elementary",93460
"30715",42,69179,6045371,6,2012,111,79,"Santa Ynez Elementary",93460
"30716",42,69179,6045371,7,2012,111,70,"Santa Ynez Elementary",93460
"30717",42,69179,6045371,8,2012,31,52,"Santa Ynez Elementary",93460
"30718",42,69179,6118434,2,2012,111,66.5,"Santa Ynez Valley Charter",93460
"30719",42,69179,6118434,3,2012,111,76.5,"Santa Ynez Valley Charter",93460
"30720",42,69179,6118434,4,2012,111,72,"Santa Ynez Valley Charter",93460
"30721",42,69179,6118434,5,2012,111,76.6666666666667,"Santa Ynez Valley Charter",93460
"30722",42,69179,6118434,6,2012,111,83,"Santa Ynez Valley Charter",93460
"30723",42,69179,6118434,7,2012,111,79.4545454545455,"Santa Ynez Valley Charter",93460
"30724",42,69179,6118434,8,2012,111,76.2631578947368,"Santa Ynez Valley Charter",93460
"30725",42,69195,6045405,2,2012,31,50.5,"El Camino Elementary",93111
"30726",42,69195,6045405,2,2012,111,87.5,"El Camino Elementary",93111
"30727",42,69195,6045405,3,2012,31,37,"El Camino Elementary",93111
"30728",42,69195,6045405,4,2012,31,68.5,"El Camino Elementary",93111
"30729",42,69195,6045405,5,2012,31,50,"El Camino Elementary",93111
"30730",42,69195,6045405,6,2012,31,55.1481481481481,"El Camino Elementary",93111
"30731",42,69195,6045421,2,2012,31,68.5,"Ellwood Elementary",93117
"30732",42,69195,6045421,2,2012,111,89,"Ellwood Elementary",93117
"30733",42,69195,6045421,3,2012,31,72.6329113924051,"Ellwood Elementary",93117
"30734",42,69195,6045421,3,2012,111,90,"Ellwood Elementary",93117
"30735",42,69195,6045421,4,2012,31,66.7777777777778,"Ellwood Elementary",93117
"30736",42,69195,6045421,4,2012,111,81.5633802816901,"Ellwood Elementary",93117
"30737",42,69195,6045421,5,2012,31,60.2842105263158,"Ellwood Elementary",93117
"30738",42,69195,6045421,5,2012,111,87.3333333333333,"Ellwood Elementary",93117
"30739",42,69195,6045421,6,2012,31,64.5,"Ellwood Elementary",93117
"30740",42,69195,6045421,6,2012,111,78.140625,"Ellwood Elementary",93117
"30741",42,69195,6045447,2,2012,111,93,"Foothill Elementary",93111
"30742",42,69195,6045447,3,2012,31,80.24,"Foothill Elementary",93111
"30743",42,69195,6045447,3,2012,111,82.0582524271845,"Foothill Elementary",93111
"30744",42,69195,6045447,4,2012,111,93.5,"Foothill Elementary",93111
"30745",42,69195,6045447,5,2012,111,87,"Foothill Elementary",93111
"30746",42,69195,6045447,6,2012,31,77,"Foothill Elementary",93111
"30747",42,69195,6045447,6,2012,111,77.0973451327434,"Foothill Elementary",93111
"30748",42,69195,6045462,2,2012,31,36,"Hollister Elementary",93111
"30749",42,69195,6045462,2,2012,111,78.5,"Hollister Elementary",93111
"30750",42,69195,6045462,3,2012,31,61,"Hollister Elementary",93111
"30751",42,69195,6045462,3,2012,111,79.5,"Hollister Elementary",93111
"30752",42,69195,6045462,4,2012,31,61.3225806451613,"Hollister Elementary",93111
"30753",42,69195,6045462,4,2012,111,97,"Hollister Elementary",93111
"30754",42,69195,6045462,5,2012,31,77.3333333333333,"Hollister Elementary",93111
"30755",42,69195,6045462,5,2012,111,92.35,"Hollister Elementary",93111
"30756",42,69195,6045462,6,2012,31,61,"Hollister Elementary",93111
"30757",42,69195,6045462,6,2012,111,76,"Hollister Elementary",93111
"30758",42,69195,6045470,2,2012,31,43,"Isla Vista Elementary",93117
"30759",42,69195,6045470,2,2012,111,95.5,"Isla Vista Elementary",93117
"30760",42,69195,6045470,3,2012,31,58.6222222222222,"Isla Vista Elementary",93117
"30761",42,69195,6045470,3,2012,111,94.5135135135135,"Isla Vista Elementary",93117
"30762",42,69195,6045470,5,2012,31,63.394495412844,"Isla Vista Elementary",93117
"30763",42,69195,6045470,6,2012,31,46.8333333333333,"Isla Vista Elementary",93117
"30764",42,69195,6045470,6,2012,111,79,"Isla Vista Elementary",93117
"30765",42,69195,6045488,2,2012,31,56.5,"Kellogg Elementary",93117
"30766",42,69195,6045488,2,2012,111,94,"Kellogg Elementary",93117
"30767",42,69195,6045488,3,2012,31,46.5,"Kellogg Elementary",93117
"30768",42,69195,6045488,3,2012,111,83.5,"Kellogg Elementary",93117
"30769",42,69195,6045488,4,2012,31,70,"Kellogg Elementary",93117
"30770",42,69195,6045488,4,2012,111,97,"Kellogg Elementary",93117
"30771",42,69195,6045488,5,2012,31,62.5813953488372,"Kellogg Elementary",93117
"30772",42,69195,6045488,5,2012,111,88.0173913043478,"Kellogg Elementary",93117
"30773",42,69195,6045488,6,2012,111,96,"Kellogg Elementary",93117
"30774",42,69195,6045496,2,2012,31,35.5,"La Patera Elementary",93117
"30775",42,69195,6045496,2,2012,111,72.5,"La Patera Elementary",93117
"30776",42,69195,6045496,3,2012,31,46.5,"La Patera Elementary",93117
"30777",42,69195,6045496,3,2012,111,84.5,"La Patera Elementary",93117
"30778",42,69195,6045496,4,2012,31,59.1176470588235,"La Patera Elementary",93117
"30779",42,69195,6045496,4,2012,111,75,"La Patera Elementary",93117
"30780",42,69195,6045496,5,2012,31,63.3333333333333,"La Patera Elementary",93117
"30781",42,69195,6045496,5,2012,111,79,"La Patera Elementary",93117
"30782",42,69195,6045496,6,2012,31,46.4375,"La Patera Elementary",93117
"30783",42,69195,6045496,6,2012,111,83,"La Patera Elementary",93117
"30784",42,69195,6045504,2,2012,111,94.5,"Mountain View Elementary",93111
"30785",42,69195,6045504,3,2012,111,90.5,"Mountain View Elementary",93111
"30786",42,69195,6045504,4,2012,111,97,"Mountain View Elementary",93111
"30787",42,69195,6045504,5,2012,111,92.6666666666667,"Mountain View Elementary",93111
"30788",42,69195,6045504,6,2012,111,92.4727272727273,"Mountain View Elementary",93111
"30789",42,69195,6067110,2,2012,31,34,"Brandon Elementary",93117
"30790",42,69195,6067110,2,2012,111,78,"Brandon Elementary",93117
"30791",42,69195,6067110,3,2012,31,45.972972972973,"Brandon Elementary",93117
"30792",42,69195,6067110,3,2012,111,72,"Brandon Elementary",93117
"30793",42,69195,6067110,4,2012,31,59,"Brandon Elementary",93117
"30794",42,69195,6067110,4,2012,111,91.5,"Brandon Elementary",93117
"30795",42,69195,6067110,5,2012,31,55.6142857142857,"Brandon Elementary",93117
"30796",42,69195,6067110,5,2012,111,90.7411764705882,"Brandon Elementary",93117
"30797",42,69195,6067110,6,2012,31,45.0196078431373,"Brandon Elementary",93117
"30798",42,69195,6067110,6,2012,111,86.8,"Brandon Elementary",93117
"30799",42,69211,6045538,2,2012,111,95,"Hope Elementary",93110
"30800",42,69211,6045538,3,2012,31,39.76,"Hope Elementary",93110
"30801",42,69211,6045538,3,2012,111,89.5,"Hope Elementary",93110
"30802",42,69211,6045538,4,2012,31,65.1739130434783,"Hope Elementary",93110
"30803",42,69211,6045538,4,2012,111,97.9607843137255,"Hope Elementary",93110
"30804",42,69211,6045538,5,2012,31,67,"Hope Elementary",93110
"30805",42,69211,6045538,5,2012,111,92.6911764705882,"Hope Elementary",93110
"30806",42,69211,6045538,6,2012,111,89.0481927710843,"Hope Elementary",93110
"30807",42,69211,6045546,2,2012,31,27,"Monte Vista Elementary",93110
"30808",42,69211,6045546,2,2012,111,88.5,"Monte Vista Elementary",93110
"30809",42,69211,6045546,3,2012,31,53.5,"Monte Vista Elementary",93110
"30810",42,69211,6045546,3,2012,111,88,"Monte Vista Elementary",93110
"30811",42,69211,6045546,4,2012,31,52.5,"Monte Vista Elementary",93110
"30812",42,69211,6045546,4,2012,111,79,"Monte Vista Elementary",93110
"30813",42,69211,6045546,5,2012,31,88,"Monte Vista Elementary",93110
"30814",42,69211,6045546,5,2012,111,90,"Monte Vista Elementary",93110
"30815",42,69211,6045546,6,2012,31,61.9310344827586,"Monte Vista Elementary",93110
"30816",42,69211,6045546,6,2012,111,92,"Monte Vista Elementary",93110
"30817",42,69211,6045553,2,2012,31,38,"Vieja Valley Elementary",93110
"30818",42,69211,6045553,2,2012,111,89.5,"Vieja Valley Elementary",93110
"30819",42,69211,6045553,3,2012,111,88.5844155844156,"Vieja Valley Elementary",93110
"30820",42,69211,6045553,4,2012,111,89.5,"Vieja Valley Elementary",93110
"30821",42,69211,6045553,5,2012,31,27,"Vieja Valley Elementary",93110
"30822",42,69211,6045553,5,2012,111,78.1868131868132,"Vieja Valley Elementary",93110
"30823",42,69211,6045553,6,2012,31,36,"Vieja Valley Elementary",93110
"30824",42,69211,6045553,6,2012,111,83.2261904761905,"Vieja Valley Elementary",93110
"30825",42,69245,6045710,2,2012,111,96,"Los Olivos Elementary",93441
"30826",42,69245,6045710,3,2012,111,75,"Los Olivos Elementary",93441
"30827",42,69245,6045710,4,2012,111,76,"Los Olivos Elementary",93441
"30828",42,69245,6045710,5,2012,111,81.3333333333333,"Los Olivos Elementary",93441
"30829",42,69245,6045710,6,2012,111,62.5,"Los Olivos Elementary",93441
"30830",42,69245,6045710,7,2012,111,86.5945945945946,"Los Olivos Elementary",93441
"30831",42,69245,6045710,8,2012,111,79.2465753424657,"Los Olivos Elementary",93441
"30832",42,69252,6045728,2,2012,111,85,"Montecito Union",93108
"30833",42,69252,6045728,3,2012,111,91.5,"Montecito Union",93108
"30834",42,69252,6045728,4,2012,111,96.5,"Montecito Union",93108
"30835",42,69252,6045728,5,2012,111,90.9350649350649,"Montecito Union",93108
"30836",42,69252,6045728,6,2012,111,96.0081300813008,"Montecito Union",93108
"30837",42,69260,116434,2,2012,111,67,"Orcutt Academy Charter",93455
"30838",42,69260,116434,3,2012,111,55,"Orcutt Academy Charter",93455
"30839",42,69260,116434,6,2012,111,44,"Orcutt Academy Charter",93455
"30840",42,69260,116434,9,2012,31,42.3565217391304,"Orcutt Academy Charter",93455
"30841",42,69260,116434,9,2012,111,65.9295774647887,"Orcutt Academy Charter",93455
"30842",42,69260,116434,10,2012,31,62.9711538461538,"Orcutt Academy Charter",93455
"30843",42,69260,116434,10,2012,111,64.5800865800866,"Orcutt Academy Charter",93455
"30844",42,69260,116434,11,2012,31,40.1545454545455,"Orcutt Academy Charter",93455
"30845",42,69260,116434,11,2012,111,55.1666666666667,"Orcutt Academy Charter",93455
"30846",42,69260,6045751,7,2012,31,44.0649350649351,"Lakeview Junior High",93455
"30847",42,69260,6045751,7,2012,111,58.2527075812274,"Lakeview Junior High",93455
"30848",42,69260,6045751,8,2012,31,49.7207207207207,"Lakeview Junior High",93455
"30849",42,69260,6045751,8,2012,111,66.7427184466019,"Lakeview Junior High",93455
"30850",42,69260,6045785,7,2012,31,52.0704225352113,"Orcutt Junior High",93455
"30851",42,69260,6045785,7,2012,111,72.5384615384615,"Orcutt Junior High",93455
"30852",42,69260,6045785,8,2012,31,51.3531598513011,"Orcutt Junior High",93455
"30853",42,69260,6045785,8,2012,111,71.0566666666667,"Orcutt Junior High",93455
"30854",42,69260,6045793,2,2012,31,36,"Patterson Road Elementary",93455
"30855",42,69260,6045793,2,2012,111,73,"Patterson Road Elementary",93455
"30856",42,69260,6045793,3,2012,31,43.5,"Patterson Road Elementary",93455
"30857",42,69260,6045793,3,2012,111,70,"Patterson Road Elementary",93455
"30858",42,69260,6045793,4,2012,31,69.5,"Patterson Road Elementary",93455
"30859",42,69260,6045793,4,2012,111,78,"Patterson Road Elementary",93455
"30860",42,69260,6045793,5,2012,31,45.5395683453237,"Patterson Road Elementary",93455
"30861",42,69260,6045793,5,2012,111,74.3333333333333,"Patterson Road Elementary",93455
"30862",42,69260,6045793,6,2012,31,35,"Patterson Road Elementary",93455
"30863",42,69260,6045793,6,2012,111,66,"Patterson Road Elementary",93455
"30864",42,69260,6045801,2,2012,31,48,"Pine Grove Elementary",93455
"30865",42,69260,6045801,2,2012,111,74,"Pine Grove Elementary",93455
"30866",42,69260,6045801,3,2012,31,38.5,"Pine Grove Elementary",93455
"30867",42,69260,6045801,3,2012,111,68.5,"Pine Grove Elementary",93455
"30868",42,69260,6045801,4,2012,31,44,"Pine Grove Elementary",93455
"30869",42,69260,6045801,4,2012,111,73,"Pine Grove Elementary",93455
"30870",42,69260,6045801,5,2012,31,37.3333333333333,"Pine Grove Elementary",93455
"30871",42,69260,6045801,5,2012,111,73.0506329113924,"Pine Grove Elementary",93455
"30872",42,69260,6045801,6,2012,31,45.5,"Pine Grove Elementary",93455
"30873",42,69260,6045801,6,2012,111,79.5,"Pine Grove Elementary",93455
"30874",42,69310,102285,9,2012,31,34.6335825968729,"Pioneer Valley High",93454
"30875",42,69310,102285,9,2012,111,49.9212962962963,"Pioneer Valley High",93454
"30876",42,69310,102285,10,2012,31,33.2471530999578,"Pioneer Valley High",93454
"30877",42,69310,102285,10,2012,111,42.3333333333333,"Pioneer Valley High",93454
"30878",42,69310,102285,11,2012,31,29.7961099932931,"Pioneer Valley High",93454
"30879",42,69310,102285,11,2012,111,45.6599099099099,"Pioneer Valley High",93454
"30880",42,69310,4231452,9,2012,31,4.38129496402878,"Delta High",93455
"30881",42,69310,4231452,10,2012,31,2.04587155963303,"Delta High",93455
"30882",42,69310,4231452,10,2012,111,0,"Delta High",93455
"30883",42,69310,4231452,11,2012,31,7.31843575418994,"Delta High",93455
"30884",42,69310,4231452,11,2012,111,14.9756097560976,"Delta High",93455
"30885",42,69310,4236030,9,2012,31,34.0638596491228,"Santa Maria High",93454
"30886",42,69310,4236030,9,2012,111,35.352380952381,"Santa Maria High",93454
"30887",42,69310,4236030,10,2012,31,26.2968168664738,"Santa Maria High",93454
"30888",42,69310,4236030,10,2012,111,34.6703703703704,"Santa Maria High",93454
"30889",42,69310,4236030,11,2012,31,27.6130346232179,"Santa Maria High",93454
"30890",42,69310,4236030,11,2012,111,36.2840236686391,"Santa Maria High",93454
"30891",42,69328,4236345,9,2012,31,36.7757847533632,"Santa Ynez Valley Union High",93460
"30892",42,69328,4236345,9,2012,111,63.4584905660377,"Santa Ynez Valley Union High",93460
"30893",42,69328,4236345,10,2012,31,50.9910447761194,"Santa Ynez Valley Union High",93460
"30894",42,69328,4236345,10,2012,111,70.5246636771301,"Santa Ynez Valley Union High",93460
"30895",42,69328,4236345,11,2012,31,25.8701923076923,"Santa Ynez Valley Union High",93460
"30896",42,69328,4236345,11,2012,111,57.0798722044728,"Santa Ynez Valley Union High",93460
"30897",42,69336,6046072,2,2012,31,57.5,"Solvang Elementary",93463
"30898",42,69336,6046072,2,2012,111,77,"Solvang Elementary",93463
"30899",42,69336,6046072,3,2012,31,56,"Solvang Elementary",93463
"30900",42,69336,6046072,3,2012,111,70,"Solvang Elementary",93463
"30901",42,69336,6046072,4,2012,31,63.9811320754717,"Solvang Elementary",93463
"30902",42,69336,6046072,4,2012,111,76.5,"Solvang Elementary",93463
"30903",42,69336,6046072,5,2012,31,57.3333333333333,"Solvang Elementary",93463
"30904",42,69336,6046072,5,2012,111,80.3333333333333,"Solvang Elementary",93463
"30905",42,69336,6046072,6,2012,31,26.5,"Solvang Elementary",93463
"30906",42,69336,6046072,6,2012,111,74,"Solvang Elementary",93463
"30907",42,69336,6046072,7,2012,31,41.5818181818182,"Solvang Elementary",93463
"30908",42,69336,6046072,7,2012,111,75.1764705882353,"Solvang Elementary",93463
"30909",42,69336,6046072,8,2012,31,51.9910714285714,"Solvang Elementary",93463
"30910",42,69336,6046072,8,2012,111,75.7222222222222,"Solvang Elementary",93463
"30911",42,75010,4231205,9,2012,31,16,"Cuyama Valley High",93254
"30912",42,75010,4231205,10,2012,31,37.4,"Cuyama Valley High",93254
"30913",42,75010,6045389,3,2012,31,28.5,"Cuyama Elementary",93254
"30914",42,75010,6045389,4,2012,31,56,"Cuyama Elementary",93254
"30915",42,75010,6045389,5,2012,31,39.6666666666667,"Cuyama Elementary",93254
"30916",42,75010,6045389,6,2012,31,19,"Cuyama Elementary",93254
"30917",42,75010,6045389,7,2012,31,23.5,"Cuyama Elementary",93254
"30918",42,75010,6045389,8,2012,31,35.3333333333333,"Cuyama Elementary",93254
"30919",42,76786,4231726,9,2012,31,31.9881656804734,"Dos Pueblos Senior High",93117
"30920",42,76786,4231726,9,2012,111,71.3088655862726,"Dos Pueblos Senior High",93117
"30921",42,76786,4231726,10,2012,31,32.3709981167608,"Dos Pueblos Senior High",93117
"30922",42,76786,4231726,10,2012,111,70.0690728064717,"Dos Pueblos Senior High",93117
"30923",42,76786,4231726,11,2012,31,35.0307692307692,"Dos Pueblos Senior High",93117
"30924",42,76786,4231726,11,2012,111,66.096256684492,"Dos Pueblos Senior High",93117
"30925",42,76786,4232690,11,2012,31,3.13157894736842,"La Cuesta Continuation High",93101
"30926",42,76786,4235230,9,2012,31,27.7345575959933,"San Marcos Senior High",93110
"30927",42,76786,4235230,9,2012,111,68.2122241086587,"San Marcos Senior High",93110
"30928",42,76786,4235230,10,2012,31,22.1070528967254,"San Marcos Senior High",93110
"30929",42,76786,4235230,10,2012,111,63.7369791666667,"San Marcos Senior High",93110
"30930",42,76786,4235230,11,2012,31,29.2785016286645,"San Marcos Senior High",93110
"30931",42,76786,4235230,11,2012,111,61.0410783055199,"San Marcos Senior High",93110
"30932",42,76786,4235727,9,2012,31,35.2302936630603,"Santa Barbara Senior High",93103
"30933",42,76786,4235727,9,2012,111,71.1609632446134,"Santa Barbara Senior High",93103
"30934",42,76786,4235727,10,2012,31,26.0404494382022,"Santa Barbara Senior High",93103
"30935",42,76786,4235727,10,2012,111,65.3297791317593,"Santa Barbara Senior High",93103
"30936",42,76786,4235727,11,2012,31,26.8236363636364,"Santa Barbara Senior High",93103
"30937",42,76786,4235727,11,2012,111,57.9549319727891,"Santa Barbara Senior High",93103
"30938",42,76786,6045819,2,2012,31,47.5,"Adams Elementary",93105
"30939",42,76786,6045819,2,2012,111,62,"Adams Elementary",93105
"30940",42,76786,6045819,3,2012,31,67,"Adams Elementary",93105
"30941",42,76786,6045819,3,2012,111,91.5,"Adams Elementary",93105
"30942",42,76786,6045819,4,2012,31,63,"Adams Elementary",93105
"30943",42,76786,6045819,4,2012,111,66.5,"Adams Elementary",93105
"30944",42,76786,6045819,5,2012,31,39.6754966887417,"Adams Elementary",93105
"30945",42,76786,6045819,5,2012,111,65.94,"Adams Elementary",93105
"30946",42,76786,6045819,6,2012,31,41.7741935483871,"Adams Elementary",93105
"30947",42,76786,6045819,6,2012,111,93.5,"Adams Elementary",93105
"30948",42,76786,6045827,2,2012,31,24.5,"Cleveland Elementary",93103
"30949",42,76786,6045827,3,2012,31,43.6666666666667,"Cleveland Elementary",93103
"30950",42,76786,6045827,4,2012,31,57.0291262135922,"Cleveland Elementary",93103
"30951",42,76786,6045827,5,2012,31,29.695652173913,"Cleveland Elementary",93103
"30952",42,76786,6045827,6,2012,31,38.5042735042735,"Cleveland Elementary",93103
"30953",42,76786,6045835,2,2012,31,35.5,"Franklin Elementary",93103
"30954",42,76786,6045835,3,2012,31,33.8,"Franklin Elementary",93103
"30955",42,76786,6045835,4,2012,31,73.712962962963,"Franklin Elementary",93103
"30956",42,76786,6045835,5,2012,31,53.0443037974684,"Franklin Elementary",93103
"30957",42,76786,6045835,6,2012,31,52.017094017094,"Franklin Elementary",93103
"30958",42,76786,6045884,2,2012,31,49.5,"McKinley Elementary",93109
"30959",42,76786,6045884,3,2012,31,55,"McKinley Elementary",93109
"30960",42,76786,6045884,4,2012,31,48.0381679389313,"McKinley Elementary",93109
"30961",42,76786,6045884,5,2012,31,62.1055900621118,"McKinley Elementary",93109
"30962",42,76786,6045884,6,2012,31,38,"McKinley Elementary",93109
"30963",42,76786,6045892,2,2012,31,35.5,"Monroe Elementary",93109
"30964",42,76786,6045892,2,2012,111,88,"Monroe Elementary",93109
"30965",42,76786,6045892,3,2012,31,35.5,"Monroe Elementary",93109
"30966",42,76786,6045892,3,2012,111,77.5,"Monroe Elementary",93109
"30967",42,76786,6045892,4,2012,31,48.9876543209877,"Monroe Elementary",93109
"30968",42,76786,6045892,4,2012,111,69,"Monroe Elementary",93109
"30969",42,76786,6045892,5,2012,31,36.6666666666667,"Monroe Elementary",93109
"30970",42,76786,6045892,5,2012,111,76.6666666666667,"Monroe Elementary",93109
"30971",42,76786,6045892,6,2012,31,50,"Monroe Elementary",93109
"30972",42,76786,6045892,6,2012,111,67.5,"Monroe Elementary",93109
"30973",42,76786,6045918,2,2012,31,40,"Peabody Charter",93105
"30974",42,76786,6045918,2,2012,111,88.5,"Peabody Charter",93105
"30975",42,76786,6045918,3,2012,31,45.5,"Peabody Charter",93105
"30976",42,76786,6045918,3,2012,111,85,"Peabody Charter",93105
"30977",42,76786,6045918,4,2012,31,63.0746268656716,"Peabody Charter",93105
"30978",42,76786,6045918,4,2012,111,91.5104895104895,"Peabody Charter",93105
"30979",42,76786,6045918,5,2012,31,55.1397058823529,"Peabody Charter",93105
"30980",42,76786,6045918,5,2012,111,83,"Peabody Charter",93105
"30981",42,76786,6045918,6,2012,31,59.6046511627907,"Peabody Charter",93105
"30982",42,76786,6045918,6,2012,111,93.5,"Peabody Charter",93105
"30983",42,76786,6045926,2,2012,31,49,"Roosevelt Elementary",93101
"30984",42,76786,6045926,2,2012,111,88,"Roosevelt Elementary",93101
"30985",42,76786,6045926,3,2012,31,53.5,"Roosevelt Elementary",93101
"30986",42,76786,6045926,3,2012,111,87.0752688172043,"Roosevelt Elementary",93101
"30987",42,76786,6045926,4,2012,31,71.5,"Roosevelt Elementary",93101
"30988",42,76786,6045926,4,2012,111,90,"Roosevelt Elementary",93101
"30989",42,76786,6045926,5,2012,31,56.2625,"Roosevelt Elementary",93101
"30990",42,76786,6045926,5,2012,111,88.3566878980892,"Roosevelt Elementary",93101
"30991",42,76786,6045926,6,2012,31,52.0724637681159,"Roosevelt Elementary",93101
"30992",42,76786,6045926,6,2012,111,77,"Roosevelt Elementary",93101
"30993",42,76786,6045934,2,2012,31,48,"Washington Elementary",93109
"30994",42,76786,6045934,2,2012,111,89,"Washington Elementary",93109
"30995",42,76786,6045934,3,2012,31,77.2727272727273,"Washington Elementary",93109
"30996",42,76786,6045934,3,2012,111,88,"Washington Elementary",93109
"30997",42,76786,6045934,4,2012,31,65.7428571428571,"Washington Elementary",93109
"30998",42,76786,6045934,4,2012,111,97,"Washington Elementary",93109
"30999",42,76786,6045934,5,2012,31,53.3333333333333,"Washington Elementary",93109
"31000",42,76786,6045934,5,2012,111,91.6666666666667,"Washington Elementary",93109
"31001",42,76786,6045934,6,2012,31,50,"Washington Elementary",93109
"31002",42,76786,6045934,6,2012,111,90.5,"Washington Elementary",93109
"31003",42,76786,6060032,7,2012,31,44.9964157706093,"Goleta Valley Junior High",93117
"31004",42,76786,6060032,7,2012,111,85.5953389830509,"Goleta Valley Junior High",93117
"31005",42,76786,6060032,8,2012,31,41.7538994800693,"Goleta Valley Junior High",93117
"31006",42,76786,6060032,8,2012,111,80.5072625698324,"Goleta Valley Junior High",93117
"31007",42,76786,6060040,7,2012,31,57.6501377410468,"La Cumbre Junior High",93101
"31008",42,76786,6060040,7,2012,111,68.2285714285714,"La Cumbre Junior High",93101
"31009",42,76786,6060040,8,2012,31,50.0076923076923,"La Cumbre Junior High",93101
"31010",42,76786,6060040,8,2012,111,82.4,"La Cumbre Junior High",93101
"31011",42,76786,6060057,7,2012,31,60.4986595174263,"Santa Barbara Junior High",93103
"31012",42,76786,6060057,7,2012,111,86.7134831460674,"Santa Barbara Junior High",93103
"31013",42,76786,6060057,8,2012,31,46.8574793875147,"Santa Barbara Junior High",93103
"31014",42,76786,6060057,8,2012,111,86.38,"Santa Barbara Junior High",93103
"31015",42,76786,6062095,7,2012,31,51.5622119815668,"La Colina Junior High",93110
"31016",42,76786,6062095,7,2012,111,84.4784946236559,"La Colina Junior High",93110
"31017",42,76786,6062095,8,2012,31,50.1691919191919,"La Colina Junior High",93110
"31018",42,76786,6062095,8,2012,111,82.7483606557377,"La Colina Junior High",93110
"31019",42,76786,6111603,2,2012,111,56.5,"Santa Barbara Charter",93117
"31020",42,76786,6111603,3,2012,111,66.3098591549296,"Santa Barbara Charter",93117
"31021",42,76786,6111603,4,2012,111,64.5,"Santa Barbara Charter",93117
"31022",42,76786,6111603,5,2012,111,65,"Santa Barbara Charter",93117
"31023",42,76786,6118202,2,2012,31,48,"Adelante Charter",93103
"31024",42,76786,6118202,3,2012,31,40,"Adelante Charter",93103
"31025",42,76786,6118202,4,2012,31,32.5,"Adelante Charter",93103
"31026",42,76786,6118202,5,2012,31,25,"Adelante Charter",93103
"31027",42,76786,6118202,6,2012,31,14,"Adelante Charter",93103
"31028",43,10439,106534,2,2012,111,98,"Bullis Charter",94022
"31029",43,10439,106534,3,2012,111,99,"Bullis Charter",94022
"31030",43,10439,106534,4,2012,111,100,"Bullis Charter",94022
"31031",43,10439,106534,5,2012,111,96.6666666666667,"Bullis Charter",94022
"31032",43,10439,106534,6,2012,111,97,"Bullis Charter",94022
"31033",43,10439,106534,7,2012,111,100,"Bullis Charter",94022
"31034",43,10439,106534,8,2012,111,97.752808988764,"Bullis Charter",94022
"31035",43,10439,111880,2,2012,111,78.5959595959596,"Discovery Charter",95117
"31036",43,10439,111880,3,2012,111,74.0752688172043,"Discovery Charter",95117
"31037",43,10439,111880,4,2012,111,87,"Discovery Charter",95117
"31038",43,10439,111880,5,2012,111,82.6153846153846,"Discovery Charter",95117
"31039",43,10439,111880,6,2012,111,79.5,"Discovery Charter",95117
"31040",43,10439,111880,7,2012,111,93.2222222222222,"Discovery Charter",95117
"31041",43,10439,111880,8,2012,111,90.7438596491228,"Discovery Charter",95117
"31042",43,69369,106633,5,2012,31,79.338078291815,"KIPP Heartwood Academy",95122
"31043",43,69369,106633,6,2012,31,73,"KIPP Heartwood Academy",95122
"31044",43,69369,106633,6,2012,111,94,"KIPP Heartwood Academy",95122
"31045",43,69369,106633,7,2012,31,86.2484848484848,"KIPP Heartwood Academy",95122
"31046",43,69369,106633,7,2012,111,82,"KIPP Heartwood Academy",95122
"31047",43,69369,106633,8,2012,31,76.9438943894389,"KIPP Heartwood Academy",95122
"31048",43,69369,106633,8,2012,111,89.8823529411765,"KIPP Heartwood Academy",95122
"31049",43,69369,107763,6,2012,31,61,"Renaissance Academy",95122
"31050",43,69369,107763,7,2012,31,69.5,"Renaissance Academy",95122
"31051",43,69369,107763,8,2012,31,75.4780058651026,"Renaissance Academy",95122
"31052",43,69369,6046213,2,2012,31,66.4892703862661,"Linda Vista Elementary",95127
"31053",43,69369,6046213,3,2012,31,60.6315789473684,"Linda Vista Elementary",95127
"31054",43,69369,6046213,4,2012,31,67.5,"Linda Vista Elementary",95127
"31055",43,69369,6046213,5,2012,31,63.6902985074627,"Linda Vista Elementary",95127
"31056",43,69369,6046221,2,2012,31,49.5,"Lyndale Elementary",95127
"31057",43,69369,6046221,3,2012,31,54.0924855491329,"Lyndale Elementary",95127
"31058",43,69369,6046221,4,2012,31,64.524861878453,"Lyndale Elementary",95127
"31059",43,69369,6046221,5,2012,31,39.7272727272727,"Lyndale Elementary",95127
"31060",43,69369,6046270,2,2012,31,57,"O. S. Hubbard Elementary",95122
"31061",43,69369,6046270,3,2012,31,54.5,"O. S. Hubbard Elementary",95122
"31062",43,69369,6046270,4,2012,31,54.034188034188,"O. S. Hubbard Elementary",95122
"31063",43,69369,6046270,5,2012,31,77.1960784313726,"O. S. Hubbard Elementary",95122
"31064",43,69369,6046304,2,2012,31,69.5,"San Antonio Elementary",95116
"31065",43,69369,6046304,3,2012,31,66.0980392156863,"San Antonio Elementary",95116
"31066",43,69369,6046304,4,2012,31,58.9875776397515,"San Antonio Elementary",95116
"31067",43,69369,6046304,5,2012,31,35.6824644549763,"San Antonio Elementary",95116
"31068",43,69369,6046312,2,2012,31,59.5,"Sylvia Cassell Elementary",95122
"31069",43,69369,6046312,3,2012,31,67.3986928104575,"Sylvia Cassell Elementary",95122
"31070",43,69369,6046312,4,2012,31,68,"Sylvia Cassell Elementary",95122
"31071",43,69369,6046312,5,2012,31,42.5901639344262,"Sylvia Cassell Elementary",95122
"31072",43,69369,6046320,2,2012,31,53,"Thomas P. Ryan Elementary",95127
"31073",43,69369,6046320,3,2012,31,54.1161290322581,"Thomas P. Ryan Elementary",95127
"31074",43,69369,6046320,4,2012,31,53.974358974359,"Thomas P. Ryan Elementary",95127
"31075",43,69369,6046320,5,2012,31,57.7231638418079,"Thomas P. Ryan Elementary",95127
"31076",43,69369,6046338,6,2012,31,53.5,"William Sheppard Middle",95133
"31077",43,69369,6046338,7,2012,31,45.4792122538293,"William Sheppard Middle",95133
"31078",43,69369,6046338,8,2012,31,49.2491978609626,"William Sheppard Middle",95133
"31079",43,69369,6089270,6,2012,31,40.9529411764706,"Ocala Middle",95148
"31080",43,69369,6089270,7,2012,31,52.9861495844875,"Ocala Middle",95148
"31081",43,69369,6089270,8,2012,31,43.3299363057325,"Ocala Middle",95148
"31082",43,69377,6046361,2,2012,31,53.5,"Laneview Elementary",95132
"31083",43,69377,6046361,2,2012,111,76.5,"Laneview Elementary",95132
"31084",43,69377,6046361,3,2012,31,58.5,"Laneview Elementary",95132
"31085",43,69377,6046361,3,2012,111,76.0588235294118,"Laneview Elementary",95132
"31086",43,69377,6046361,4,2012,31,64.5,"Laneview Elementary",95132
"31087",43,69377,6046361,4,2012,111,78,"Laneview Elementary",95132
"31088",43,69377,6046361,5,2012,31,61.616,"Laneview Elementary",95132
"31089",43,69377,6046361,5,2012,111,84.7293233082707,"Laneview Elementary",95132
"31090",43,69377,6046379,2,2012,31,63,"Noble Elementary",95132
"31091",43,69377,6046379,2,2012,111,79,"Noble Elementary",95132
"31092",43,69377,6046379,3,2012,31,63,"Noble Elementary",95132
"31093",43,69377,6046379,3,2012,111,78.5,"Noble Elementary",95132
"31094",43,69377,6046379,4,2012,31,66,"Noble Elementary",95132
"31095",43,69377,6046379,4,2012,111,89.5,"Noble Elementary",95132
"31096",43,69377,6046379,5,2012,31,62.5824175824176,"Noble Elementary",95132
"31097",43,69377,6046379,5,2012,111,79.7023255813953,"Noble Elementary",95132
"31098",43,69377,6046387,2,2012,31,79.5,"Northwood Elementary",95132
"31099",43,69377,6046387,2,2012,111,84,"Northwood Elementary",95132
"31100",43,69377,6046387,3,2012,31,64.1692307692308,"Northwood Elementary",95132
"31101",43,69377,6046387,3,2012,111,77,"Northwood Elementary",95132
"31102",43,69377,6046387,4,2012,31,81.5,"Northwood Elementary",95132
"31103",43,69377,6046387,4,2012,111,93.5,"Northwood Elementary",95132
"31104",43,69377,6046387,5,2012,31,67.9583333333333,"Northwood Elementary",95132
"31105",43,69377,6046387,5,2012,111,81.6904761904762,"Northwood Elementary",95132
"31106",43,69377,6046395,6,2012,31,44.398406374502,"Piedmont Middle",95132
"31107",43,69377,6046395,6,2012,111,56.9693486590038,"Piedmont Middle",95132
"31108",43,69377,6046395,7,2012,31,49.1191489361702,"Piedmont Middle",95132
"31109",43,69377,6046395,7,2012,111,62.9588477366255,"Piedmont Middle",95132
"31110",43,69377,6046395,8,2012,31,48.1797040169133,"Piedmont Middle",95132
"31111",43,69377,6046395,8,2012,111,62.2251655629139,"Piedmont Middle",95132
"31112",43,69377,6046403,2,2012,31,61.9130434782609,"Toyon Elementary",95127
"31113",43,69377,6046403,2,2012,111,79,"Toyon Elementary",95127
"31114",43,69377,6046403,4,2012,31,49.2830188679245,"Toyon Elementary",95127
"31115",43,69377,6046403,4,2012,111,86.1162790697674,"Toyon Elementary",95127
"31116",43,69377,6046403,5,2012,31,37.5733333333333,"Toyon Elementary",95127
"31117",43,69377,6046403,5,2012,111,59,"Toyon Elementary",95127
"31118",43,69377,6067177,2,2012,31,71,"Ruskin Elementary",95132
"31119",43,69377,6067177,2,2012,111,92.5,"Ruskin Elementary",95132
"31120",43,69377,6067177,3,2012,31,96.5,"Ruskin Elementary",95132
"31121",43,69377,6067177,3,2012,111,94.5,"Ruskin Elementary",95132
"31122",43,69377,6067177,4,2012,31,77,"Ruskin Elementary",95132
"31123",43,69377,6067177,4,2012,111,94,"Ruskin Elementary",95132
"31124",43,69377,6067177,5,2012,31,61,"Ruskin Elementary",95132
"31125",43,69377,6067177,5,2012,111,88.3333333333333,"Ruskin Elementary",95132
"31126",43,69377,6068928,6,2012,31,51.9815668202765,"Morrill Middle",95132
"31127",43,69377,6068928,6,2012,111,55.5,"Morrill Middle",95132
"31128",43,69377,6068928,7,2012,31,52.9773755656109,"Morrill Middle",95132
"31129",43,69377,6068928,7,2012,111,60.7942122186495,"Morrill Middle",95132
"31130",43,69377,6068928,8,2012,31,48.5092165898618,"Morrill Middle",95132
"31131",43,69377,6068928,8,2012,111,69.7764298093587,"Morrill Middle",95132
"31132",43,69377,6089288,2,2012,31,62,"Cherrywood Elementary",95132
"31133",43,69377,6089288,2,2012,111,73.9756097560976,"Cherrywood Elementary",95132
"31134",43,69377,6089288,3,2012,31,51.5,"Cherrywood Elementary",95132
"31135",43,69377,6089288,3,2012,111,82.1147540983606,"Cherrywood Elementary",95132
"31136",43,69377,6089288,4,2012,31,62.5,"Cherrywood Elementary",95132
"31137",43,69377,6089288,4,2012,111,81,"Cherrywood Elementary",95132
"31138",43,69377,6089288,5,2012,31,52.9886363636364,"Cherrywood Elementary",95132
"31139",43,69377,6089288,5,2012,111,77.6666666666667,"Cherrywood Elementary",95132
"31140",43,69377,6093033,6,2012,31,54.0233463035019,"Sierramont Middle",95132
"31141",43,69377,6093033,6,2012,111,78.0037105751392,"Sierramont Middle",95132
"31142",43,69377,6093033,7,2012,31,51.5769230769231,"Sierramont Middle",95132
"31143",43,69377,6093033,7,2012,111,75.7429906542056,"Sierramont Middle",95132
"31144",43,69377,6093033,8,2012,31,57.0024390243902,"Sierramont Middle",95132
"31145",43,69377,6093033,8,2012,111,79.1635150166852,"Sierramont Middle",95132
"31146",43,69377,6093041,2,2012,31,63,"Vinci Park Elementary",95131
"31147",43,69377,6093041,2,2012,111,80.5,"Vinci Park Elementary",95131
"31148",43,69377,6093041,3,2012,31,64,"Vinci Park Elementary",95131
"31149",43,69377,6093041,3,2012,111,78.5,"Vinci Park Elementary",95131
"31150",43,69377,6093041,4,2012,31,60,"Vinci Park Elementary",95131
"31151",43,69377,6093041,4,2012,111,81.5,"Vinci Park Elementary",95131
"31152",43,69377,6093041,5,2012,31,61.6294117647059,"Vinci Park Elementary",95131
"31153",43,69377,6093041,5,2012,111,78,"Vinci Park Elementary",95131
"31154",43,69377,6095335,2,2012,31,46.5,"Brooktree Elementary",95131
"31155",43,69377,6095335,2,2012,111,59.4945054945055,"Brooktree Elementary",95131
"31156",43,69377,6095335,3,2012,31,57.2978723404255,"Brooktree Elementary",95131
"31157",43,69377,6095335,3,2012,111,65.6585365853659,"Brooktree Elementary",95131
"31158",43,69377,6095335,4,2012,31,61,"Brooktree Elementary",95131
"31159",43,69377,6095335,4,2012,111,74,"Brooktree Elementary",95131
"31160",43,69377,6095335,5,2012,31,53.9438202247191,"Brooktree Elementary",95131
"31161",43,69377,6095335,5,2012,111,74.3333333333333,"Brooktree Elementary",95131
"31162",43,69377,6095343,2,2012,31,53,"Majestic Way Elementary",95132
"31163",43,69377,6095343,2,2012,111,88.5,"Majestic Way Elementary",95132
"31164",43,69377,6095343,3,2012,31,54.8219178082192,"Majestic Way Elementary",95132
"31165",43,69377,6095343,3,2012,111,81,"Majestic Way Elementary",95132
"31166",43,69377,6095343,4,2012,31,75.6341463414634,"Majestic Way Elementary",95132
"31167",43,69377,6095343,4,2012,111,85,"Majestic Way Elementary",95132
"31168",43,69377,6095343,5,2012,31,75,"Majestic Way Elementary",95132
"31169",43,69377,6095343,5,2012,111,89.3333333333333,"Majestic Way Elementary",95132
"31170",43,69377,6095350,2,2012,31,68,"Summerdale Elementary",95132
"31171",43,69377,6095350,2,2012,111,81,"Summerdale Elementary",95132
"31172",43,69377,6095350,3,2012,31,70.7692307692308,"Summerdale Elementary",95132
"31173",43,69377,6095350,3,2012,111,81.1411764705882,"Summerdale Elementary",95132
"31174",43,69377,6095350,4,2012,31,64.0689655172414,"Summerdale Elementary",95132
"31175",43,69377,6095350,4,2012,111,84.625,"Summerdale Elementary",95132
"31176",43,69377,6095350,5,2012,31,54.8648648648649,"Summerdale Elementary",95132
"31177",43,69377,6095350,5,2012,111,72.9640718562874,"Summerdale Elementary",95132
"31178",43,69385,6046411,2,2012,31,57.3404255319149,"Bagby Elementary",95124
"31179",43,69385,6046411,2,2012,111,89.5,"Bagby Elementary",95124
"31180",43,69385,6046411,3,2012,31,55.3469387755102,"Bagby Elementary",95124
"31181",43,69385,6046411,3,2012,111,82.0047846889952,"Bagby Elementary",95124
"31182",43,69385,6046411,4,2012,31,62.5,"Bagby Elementary",95124
"31183",43,69385,6046411,4,2012,111,85.0064516129032,"Bagby Elementary",95124
"31184",43,69385,6046411,5,2012,31,66.1864406779661,"Bagby Elementary",95124
"31185",43,69385,6046411,5,2012,111,90.98828125,"Bagby Elementary",95124
"31186",43,69385,6046445,2,2012,31,40,"Fammatre Elementary",95124
"31187",43,69385,6046445,2,2012,111,83,"Fammatre Elementary",95124
"31188",43,69385,6046445,3,2012,31,39,"Fammatre Elementary",95124
"31189",43,69385,6046445,3,2012,111,85.5,"Fammatre Elementary",95124
"31190",43,69385,6046445,4,2012,31,66.5,"Fammatre Elementary",95124
"31191",43,69385,6046445,4,2012,111,86,"Fammatre Elementary",95124
"31192",43,69385,6046445,5,2012,31,54.6666666666667,"Fammatre Elementary",95124
"31193",43,69385,6046445,5,2012,111,83.6666666666667,"Fammatre Elementary",95124
"31194",43,69385,6046452,2,2012,31,64,"Farnham Charter",95124
"31195",43,69385,6046452,2,2012,111,89,"Farnham Charter",95124
"31196",43,69385,6046452,3,2012,31,31.5,"Farnham Charter",95124
"31197",43,69385,6046452,3,2012,111,77.5284552845528,"Farnham Charter",95124
"31198",43,69385,6046452,4,2012,31,68.5789473684211,"Farnham Charter",95124
"31199",43,69385,6046452,4,2012,111,89.978102189781,"Farnham Charter",95124
"31200",43,69385,6046452,5,2012,31,69.1272727272727,"Farnham Charter",95124
"31201",43,69385,6046452,5,2012,111,85.3076923076923,"Farnham Charter",95124
"31202",43,69385,6046486,6,2012,31,48.5,"Price Charter Middle",95124
"31203",43,69385,6046486,6,2012,111,78.5132575757576,"Price Charter Middle",95124
"31204",43,69385,6046486,7,2012,31,53.112582781457,"Price Charter Middle",95124
"31205",43,69385,6046486,7,2012,111,82.9285714285714,"Price Charter Middle",95124
"31206",43,69385,6046486,8,2012,31,47.3135888501742,"Price Charter Middle",95124
"31207",43,69385,6046486,8,2012,111,73.6768472906404,"Price Charter Middle",95124
"31208",43,69385,6046494,2,2012,31,56.5,"Sartorette Charter",95124
"31209",43,69385,6046494,2,2012,111,86,"Sartorette Charter",95124
"31210",43,69385,6046494,3,2012,31,36.4146341463415,"Sartorette Charter",95124
"31211",43,69385,6046494,3,2012,111,81.9770992366412,"Sartorette Charter",95124
"31212",43,69385,6046494,4,2012,31,54.5,"Sartorette Charter",95124
"31213",43,69385,6046494,4,2012,111,90,"Sartorette Charter",95124
"31214",43,69385,6046494,5,2012,31,63.8448275862069,"Sartorette Charter",95124
"31215",43,69385,6046494,5,2012,111,77.68125,"Sartorette Charter",95124
"31216",43,69393,106005,2,2012,111,86.5773195876289,"Village",95008
"31217",43,69393,106005,3,2012,111,84.4578313253012,"Village",95008
"31218",43,69393,106005,4,2012,111,90,"Village",95008
"31219",43,69393,106005,5,2012,111,92,"Village",95008
"31220",43,69393,6046510,2,2012,31,51.5,"Blackford Elementary",95125
"31221",43,69393,6046510,2,2012,111,65,"Blackford Elementary",95125
"31222",43,69393,6046510,3,2012,31,38.858024691358,"Blackford Elementary",95125
"31223",43,69393,6046510,3,2012,111,70.2448979591837,"Blackford Elementary",95125
"31224",43,69393,6046510,4,2012,31,54.5,"Blackford Elementary",95125
"31225",43,69393,6046510,4,2012,111,80,"Blackford Elementary",95125
"31226",43,69393,6046536,2,2012,31,60,"Capri Elementary",95008
"31227",43,69393,6046536,2,2012,111,78,"Capri Elementary",95008
"31228",43,69393,6046536,3,2012,31,52.5,"Capri Elementary",95008
"31229",43,69393,6046536,3,2012,111,72,"Capri Elementary",95008
"31230",43,69393,6046536,4,2012,31,71,"Capri Elementary",95008
"31231",43,69393,6046536,4,2012,111,79.5,"Capri Elementary",95008
"31232",43,69393,6046536,5,2012,31,66.6666666666667,"Capri Elementary",95008
"31233",43,69393,6046536,5,2012,111,85,"Capri Elementary",95008
"31234",43,69393,6046544,2,2012,31,47.5,"Castlemont Elementary",95008
"31235",43,69393,6046544,2,2012,111,81.5,"Castlemont Elementary",95008
"31236",43,69393,6046544,3,2012,31,55.5,"Castlemont Elementary",95008
"31237",43,69393,6046544,3,2012,111,64.5,"Castlemont Elementary",95008
"31238",43,69393,6046544,4,2012,31,67.0173913043478,"Castlemont Elementary",95008
"31239",43,69393,6046544,4,2012,111,88.4313725490196,"Castlemont Elementary",95008
"31240",43,69393,6046544,5,2012,31,70.0805369127517,"Castlemont Elementary",95008
"31241",43,69393,6046544,5,2012,111,91,"Castlemont Elementary",95008
"31242",43,69393,6046577,2,2012,111,94.5,"Forest Hill Elementary",95130
"31243",43,69393,6046577,3,2012,31,50,"Forest Hill Elementary",95130
"31244",43,69393,6046577,3,2012,111,82,"Forest Hill Elementary",95130
"31245",43,69393,6046577,4,2012,31,67.5,"Forest Hill Elementary",95130
"31246",43,69393,6046577,4,2012,111,94.5,"Forest Hill Elementary",95130
"31247",43,69393,6046577,5,2012,111,93.3333333333333,"Forest Hill Elementary",95130
"31248",43,69393,6046601,2,2012,31,47.5,"Lynhaven Elementary",95117
"31249",43,69393,6046601,2,2012,111,72.5,"Lynhaven Elementary",95117
"31250",43,69393,6046601,3,2012,31,50,"Lynhaven Elementary",95117
"31251",43,69393,6046601,3,2012,111,84.5,"Lynhaven Elementary",95117
"31252",43,69393,6046601,4,2012,31,44.9012345679012,"Lynhaven Elementary",95117
"31253",43,69393,6046601,4,2012,111,68.9818181818182,"Lynhaven Elementary",95117
"31254",43,69393,6046601,5,2012,31,42.018691588785,"Lynhaven Elementary",95117
"31255",43,69393,6046601,5,2012,111,58.3333333333333,"Lynhaven Elementary",95117
"31256",43,69393,6046619,2,2012,111,91,"Marshall Lane Elementary",95070
"31257",43,69393,6046619,3,2012,111,90.5235602094241,"Marshall Lane Elementary",95070
"31258",43,69393,6046619,4,2012,111,90,"Marshall Lane Elementary",95070
"31259",43,69393,6046619,5,2012,111,93.3260869565217,"Marshall Lane Elementary",95070
"31260",43,69393,6046627,5,2012,31,60.3509615384615,"Monroe Middle",95128
"31261",43,69393,6046627,5,2012,111,84,"Monroe Middle",95128
"31262",43,69393,6046627,6,2012,31,53.5217391304348,"Monroe Middle",95128
"31263",43,69393,6046627,6,2012,111,77.0047846889952,"Monroe Middle",95128
"31264",43,69393,6046627,7,2012,31,43,"Monroe Middle",95128
"31265",43,69393,6046627,7,2012,111,66.3318584070797,"Monroe Middle",95128
"31266",43,69393,6046627,8,2012,31,36.6943765281174,"Monroe Middle",95128
"31267",43,69393,6046627,8,2012,111,68.3914807302231,"Monroe Middle",95128
"31268",43,69393,6046668,5,2012,31,52.6,"Rolling Hills Middle",95030
"31269",43,69393,6046668,5,2012,111,89,"Rolling Hills Middle",95030
"31270",43,69393,6046668,6,2012,31,58.5,"Rolling Hills Middle",95030
"31271",43,69393,6046668,6,2012,111,82,"Rolling Hills Middle",95030
"31272",43,69393,6046668,7,2012,31,53.56,"Rolling Hills Middle",95030
"31273",43,69393,6046668,7,2012,111,87.3884892086331,"Rolling Hills Middle",95030
"31274",43,69393,6046668,8,2012,31,50.9318181818182,"Rolling Hills Middle",95030
"31275",43,69393,6046668,8,2012,111,77.5108005082592,"Rolling Hills Middle",95030
"31276",43,69393,6046692,2,2012,31,53,"Sherman Oaks Elementary",95128
"31277",43,69393,6046692,2,2012,111,93,"Sherman Oaks Elementary",95128
"31278",43,69393,6046692,3,2012,31,43.89,"Sherman Oaks Elementary",95128
"31279",43,69393,6046692,3,2012,111,89.5,"Sherman Oaks Elementary",95128
"31280",43,69393,6046692,4,2012,31,66.5684210526316,"Sherman Oaks Elementary",95128
"31281",43,69393,6046692,4,2012,111,100,"Sherman Oaks Elementary",95128
"31282",43,69393,6046692,5,2012,31,60.6666666666667,"Sherman Oaks Elementary",95128
"31283",43,69393,6046692,5,2012,111,84.6666666666667,"Sherman Oaks Elementary",95128
"31284",43,69393,6046692,6,2012,31,72,"Sherman Oaks Elementary",95128
"31285",43,69401,4330239,9,2012,111,60.2013651877133,"Leigh High",95124
"31286",43,69401,4330239,10,2012,31,52.6666666666667,"Leigh High",95124
"31287",43,69401,4330239,10,2012,111,58.6386728875065,"Leigh High",95124
"31288",43,69401,4330239,11,2012,31,39.5,"Leigh High",95124
"31289",43,69401,4330239,11,2012,111,55.3951149425287,"Leigh High",95124
"31290",43,69401,4330866,9,2012,31,34.4489795918367,"Branham High",95118
"31291",43,69401,4330866,9,2012,111,61.6899810964083,"Branham High",95118
"31292",43,69401,4330866,10,2012,31,31.4710743801653,"Branham High",95118
"31293",43,69401,4330866,10,2012,111,52.26735395189,"Branham High",95118
"31294",43,69401,4330866,11,2012,31,37.8571428571429,"Branham High",95118
"31295",43,69401,4330866,11,2012,111,49.2204806687565,"Branham High",95118
"31296",43,69401,4331955,9,2012,31,21.9785714285714,"Del Mar High",95128
"31297",43,69401,4331955,9,2012,111,31.3875968992248,"Del Mar High",95128
"31298",43,69401,4331955,10,2012,31,17.8156028368794,"Del Mar High",95128
"31299",43,69401,4331955,10,2012,111,41.013875123885,"Del Mar High",95128
"31300",43,69401,4331955,11,2012,31,19.9469026548673,"Del Mar High",95128
"31301",43,69401,4331955,11,2012,111,39.2258566978193,"Del Mar High",95128
"31302",43,69401,4336137,9,2012,31,25.1894736842105,"Prospect High",95070
"31303",43,69401,4336137,9,2012,111,63.6159420289855,"Prospect High",95070
"31304",43,69401,4336137,10,2012,31,30.568306010929,"Prospect High",95070
"31305",43,69401,4336137,10,2012,111,60.3228200371057,"Prospect High",95070
"31306",43,69401,4336137,11,2012,31,17.7301204819277,"Prospect High",95070
"31307",43,69401,4336137,11,2012,111,60.7902813299233,"Prospect High",95070
"31308",43,69401,4338505,9,2012,31,26.012987012987,"Westmont High",95008
"31309",43,69401,4338505,9,2012,111,54.5977859778598,"Westmont High",95008
"31310",43,69401,4338505,10,2012,31,16.006329113924,"Westmont High",95008
"31311",43,69401,4338505,10,2012,111,59.4577702702703,"Westmont High",95008
"31312",43,69401,4338505,11,2012,31,27.8591549295775,"Westmont High",95008
"31313",43,69401,4338505,11,2012,111,51.5050597976081,"Westmont High",95008
"31314",43,69419,108126,6,2012,111,95.4993026499303,"Sam H. Lawson Middle",95014
"31315",43,69419,108126,7,2012,111,94.8204283360791,"Sam H. Lawson Middle",95014
"31316",43,69419,108126,8,2012,31,93,"Sam H. Lawson Middle",95014
"31317",43,69419,108126,8,2012,111,93.9010903426791,"Sam H. Lawson Middle",95014
"31318",43,69419,6046718,2,2012,111,96.4979079497908,"C. B. Eaton Elementary",95014
"31319",43,69419,6046718,3,2012,111,92.5,"C. B. Eaton Elementary",95014
"31320",43,69419,6046718,4,2012,111,96.5,"C. B. Eaton Elementary",95014
"31321",43,69419,6046718,5,2012,111,91.6666666666667,"C. B. Eaton Elementary",95014
"31322",43,69419,6046767,6,2012,31,67.9333333333333,"Cupertino Middle",94087
"31323",43,69419,6046767,6,2012,111,90.5019404915912,"Cupertino Middle",94087
"31324",43,69419,6046767,7,2012,31,51.6363636363636,"Cupertino Middle",94087
"31325",43,69419,6046767,7,2012,111,91.5316091954023,"Cupertino Middle",94087
"31326",43,69419,6046767,8,2012,31,48.2650602409639,"Cupertino Middle",94087
"31327",43,69419,6046767,8,2012,111,84.9641909814324,"Cupertino Middle",94087
"31328",43,69419,6046841,2,2012,111,97.5,"Garden Gate Elementary",95014
"31329",43,69419,6046841,3,2012,111,93,"Garden Gate Elementary",95014
"31330",43,69419,6046841,4,2012,111,96,"Garden Gate Elementary",95014
"31331",43,69419,6046841,5,2012,111,98.3333333333333,"Garden Gate Elementary",95014
"31332",43,69419,6046981,2,2012,111,96,"Montclaire Elementary",94024
"31333",43,69419,6046981,3,2012,111,87,"Montclaire Elementary",94024
"31334",43,69419,6046981,4,2012,111,95.5,"Montclaire Elementary",94024
"31335",43,69419,6046981,5,2012,111,97,"Montclaire Elementary",94024
"31336",43,69419,6047039,2,2012,111,97.5,"Murdock-Portal Elementary",95129
"31337",43,69419,6047039,3,2012,111,97,"Murdock-Portal Elementary",95129
"31338",43,69419,6047039,4,2012,111,99.5,"Murdock-Portal Elementary",95129
"31339",43,69419,6047039,5,2012,111,99.6666666666667,"Murdock-Portal Elementary",95129
"31340",43,69419,6047088,2,2012,111,97,"Stevens Creek Elementary",95014
"31341",43,69419,6047088,3,2012,111,90,"Stevens Creek Elementary",95014
"31342",43,69419,6047088,4,2012,111,98,"Stevens Creek Elementary",95014
"31343",43,69419,6047088,5,2012,111,96.3316062176166,"Stevens Creek Elementary",95014
"31344",43,69419,6047104,2,2012,111,87.5,"West Valley Elementary",94087
"31345",43,69419,6047104,3,2012,111,90,"West Valley Elementary",94087
"31346",43,69419,6047104,4,2012,111,96.0093023255814,"West Valley Elementary",94087
"31347",43,69419,6047104,5,2012,111,95.9968944099379,"West Valley Elementary",94087
"31348",43,69419,6067185,2,2012,111,91.5,"Blue Hills Elementary",95070
"31349",43,69419,6067185,3,2012,111,90.9731543624161,"Blue Hills Elementary",95070
"31350",43,69419,6067185,4,2012,111,95,"Blue Hills Elementary",95070
"31351",43,69419,6067185,5,2012,111,95,"Blue Hills Elementary",95070
"31352",43,69427,116889,9,2012,31,79.4285714285714,"KIPP San Jose Collegiate",95133
"31353",43,69427,116889,9,2012,111,67,"KIPP San Jose Collegiate",95133
"31354",43,69427,116889,10,2012,31,68.473544973545,"KIPP San Jose Collegiate",95133
"31355",43,69427,116889,10,2012,111,80.8095238095238,"KIPP San Jose Collegiate",95133
"31356",43,69427,116889,11,2012,31,72.8272727272727,"KIPP San Jose Collegiate",95133
"31357",43,69427,116889,11,2012,111,80.3181818181818,"KIPP San Jose Collegiate",95133
"31358",43,69427,4330015,9,2012,31,28.9291084854995,"Yerba Buena High",95122
"31359",43,69427,4330015,9,2012,111,42.3868421052632,"Yerba Buena High",95122
"31360",43,69427,4330015,10,2012,31,25.8180088776157,"Yerba Buena High",95122
"31361",43,69427,4330015,10,2012,111,34.9812030075188,"Yerba Buena High",95122
"31362",43,69427,4330015,11,2012,31,26.3789808917197,"Yerba Buena High",95122
"31363",43,69427,4330015,11,2012,111,31.8854625550661,"Yerba Buena High",95122
"31364",43,69427,4330023,9,2012,31,29.7826086956522,"Santa Teresa High",95123
"31365",43,69427,4330023,9,2012,111,51.9337217771304,"Santa Teresa High",95123
"31366",43,69427,4330023,10,2012,31,32.9240506329114,"Santa Teresa High",95123
"31367",43,69427,4330023,10,2012,111,51.3429855217174,"Santa Teresa High",95123
"31368",43,69427,4330023,11,2012,31,28.8582677165354,"Santa Teresa High",95123
"31369",43,69427,4330023,11,2012,111,43.6622778143515,"Santa Teresa High",95123
"31370",43,69427,4330031,9,2012,31,38.3605442176871,"Independence High",95133
"31371",43,69427,4330031,9,2012,111,49.7633726201269,"Independence High",95133
"31372",43,69427,4330031,10,2012,31,39.3805268109125,"Independence High",95133
"31373",43,69427,4330031,10,2012,111,55.2091072498502,"Independence High",95133
"31374",43,69427,4330031,11,2012,31,38.6755813953488,"Independence High",95133
"31375",43,69427,4330031,11,2012,111,50.6745098039216,"Independence High",95133
"31376",43,69427,4330361,11,2012,31,8.55384615384615,"Apollo High",95122
"31377",43,69427,4330361,11,2012,111,26.75,"Apollo High",95122
"31378",43,69427,4332318,11,2012,31,9.07011070110701,"Foothill High",95127
"31379",43,69427,4332318,11,2012,111,6.46464646464646,"Foothill High",95127
"31380",43,69427,4334900,9,2012,31,31.8494382022472,"Mt. Pleasant High",95127
"31381",43,69427,4334900,9,2012,111,37.6267942583732,"Mt. Pleasant High",95127
"31382",43,69427,4334900,10,2012,31,31.1631054131054,"Mt. Pleasant High",95127
"31383",43,69427,4334900,10,2012,111,45.5138632162662,"Mt. Pleasant High",95127
"31384",43,69427,4334900,11,2012,31,28.4205508474576,"Mt. Pleasant High",95127
"31385",43,69427,4334900,11,2012,111,34.8934010152284,"Mt. Pleasant High",95127
"31386",43,69427,4335204,9,2012,31,25.5044814340589,"Oak Grove High",95123
"31387",43,69427,4335204,9,2012,111,38.0029112081514,"Oak Grove High",95123
"31388",43,69427,4335204,10,2012,31,22.0932025227751,"Oak Grove High",95123
"31389",43,69427,4335204,10,2012,111,43.9953917050691,"Oak Grove High",95123
"31390",43,69427,4335204,11,2012,31,28.5466135458167,"Oak Grove High",95123
"31391",43,69427,4335204,11,2012,111,40.3397058823529,"Oak Grove High",95123
"31392",43,69427,4335907,9,2012,31,50.426267281106,"Piedmont Hills High",95132
"31393",43,69427,4335907,9,2012,111,64.1987951807229,"Piedmont Hills High",95132
"31394",43,69427,4335907,10,2012,31,43.6371681415929,"Piedmont Hills High",95132
"31395",43,69427,4335907,10,2012,111,60.6113467656416,"Piedmont Hills High",95132
"31396",43,69427,4335907,11,2012,31,47.6417197452229,"Piedmont Hills High",95132
"31397",43,69427,4335907,11,2012,111,59.7536982248521,"Piedmont Hills High",95132
"31398",43,69427,4337903,9,2012,31,42.07125,"Silver Creek High",95121
"31399",43,69427,4337903,9,2012,111,58.8100686498856,"Silver Creek High",95121
"31400",43,69427,4337903,10,2012,31,44.5836653386454,"Silver Creek High",95121
"31401",43,69427,4337903,10,2012,111,54.0144267274108,"Silver Creek High",95121
"31402",43,69427,4337903,11,2012,31,38.7824620573356,"Silver Creek High",95121
"31403",43,69427,4337903,11,2012,111,48.9950495049505,"Silver Creek High",95121
"31404",43,69435,102616,2,2012,31,64,"Carolyn A. Clark Elementary",95148
"31405",43,69435,102616,2,2012,111,89.5,"Carolyn A. Clark Elementary",95148
"31406",43,69435,102616,3,2012,111,89,"Carolyn A. Clark Elementary",95148
"31407",43,69435,102616,4,2012,111,95.5,"Carolyn A. Clark Elementary",95148
"31408",43,69435,102616,5,2012,111,94,"Carolyn A. Clark Elementary",95148
"31409",43,69435,102616,6,2012,31,53.5,"Carolyn A. Clark Elementary",95148
"31410",43,69435,102616,6,2012,111,87,"Carolyn A. Clark Elementary",95148
"31411",43,69435,6047120,2,2012,31,72.5,"Cadwallader Elementary",95121
"31412",43,69435,6047120,2,2012,111,89,"Cadwallader Elementary",95121
"31413",43,69435,6047120,3,2012,31,76.3137254901961,"Cadwallader Elementary",95121
"31414",43,69435,6047120,3,2012,111,84.5,"Cadwallader Elementary",95121
"31415",43,69435,6047120,4,2012,31,68.5,"Cadwallader Elementary",95121
"31416",43,69435,6047120,4,2012,111,81.5,"Cadwallader Elementary",95121
"31417",43,69435,6047120,5,2012,31,85.659793814433,"Cadwallader Elementary",95121
"31418",43,69435,6047120,5,2012,111,88.6666666666667,"Cadwallader Elementary",95121
"31419",43,69435,6047120,6,2012,31,43.5,"Cadwallader Elementary",95121
"31420",43,69435,6047120,6,2012,111,66.5,"Cadwallader Elementary",95121
"31421",43,69435,6047138,2,2012,111,91,"Evergreen Elementary",95135
"31422",43,69435,6047138,3,2012,31,82,"Evergreen Elementary",95135
"31423",43,69435,6047138,3,2012,111,94.5117370892019,"Evergreen Elementary",95135
"31424",43,69435,6047138,4,2012,111,90.5,"Evergreen Elementary",95135
"31425",43,69435,6047138,5,2012,111,94.6666666666667,"Evergreen Elementary",95135
"31426",43,69435,6047138,6,2012,31,82,"Evergreen Elementary",95135
"31427",43,69435,6047138,6,2012,111,85.5,"Evergreen Elementary",95135
"31428",43,69435,6047146,2,2012,31,76,"Holly Oak Elementary",95148
"31429",43,69435,6047146,2,2012,111,92,"Holly Oak Elementary",95148
"31430",43,69435,6047146,3,2012,31,59.5,"Holly Oak Elementary",95148
"31431",43,69435,6047146,3,2012,111,73,"Holly Oak Elementary",95148
"31432",43,69435,6047146,4,2012,31,72.5,"Holly Oak Elementary",95148
"31433",43,69435,6047146,4,2012,111,71.5,"Holly Oak Elementary",95148
"31434",43,69435,6047146,5,2012,31,59.36875,"Holly Oak Elementary",95148
"31435",43,69435,6047146,5,2012,111,75.6666666666667,"Holly Oak Elementary",95148
"31436",43,69435,6047146,6,2012,31,56,"Holly Oak Elementary",95148
"31437",43,69435,6047146,6,2012,111,73.5,"Holly Oak Elementary",95148
"31438",43,69435,6047179,7,2012,31,68.3048327137546,"Quimby Oak Middle",95148
"31439",43,69435,6047179,7,2012,111,86.6666666666667,"Quimby Oak Middle",95148
"31440",43,69435,6047179,8,2012,31,63.6254125412541,"Quimby Oak Middle",95148
"31441",43,69435,6047179,8,2012,111,78.090387374462,"Quimby Oak Middle",95148
"31442",43,69435,6067193,2,2012,31,36,"Cedar Grove Elementary",95148
"31443",43,69435,6067193,2,2012,111,62.5,"Cedar Grove Elementary",95148
"31444",43,69435,6067193,3,2012,31,61,"Cedar Grove Elementary",95148
"31445",43,69435,6067193,3,2012,111,76.0620689655172,"Cedar Grove Elementary",95148
"31446",43,69435,6067193,4,2012,31,49,"Cedar Grove Elementary",95148
"31447",43,69435,6067193,4,2012,111,70.015037593985,"Cedar Grove Elementary",95148
"31448",43,69435,6067193,5,2012,31,61,"Cedar Grove Elementary",95148
"31449",43,69435,6067193,5,2012,111,78,"Cedar Grove Elementary",95148
"31450",43,69435,6067193,6,2012,31,50.9354838709677,"Cedar Grove Elementary",95148
"31451",43,69435,6067193,6,2012,111,76.9716312056738,"Cedar Grove Elementary",95148
"31452",43,69435,6071534,2,2012,31,33,"Laurelwood Elementary",95121
"31453",43,69435,6071534,2,2012,111,80.5,"Laurelwood Elementary",95121
"31454",43,69435,6071534,3,2012,31,56.5,"Laurelwood Elementary",95121
"31455",43,69435,6071534,3,2012,111,73.1041666666667,"Laurelwood Elementary",95121
"31456",43,69435,6071534,4,2012,31,58.5,"Laurelwood Elementary",95121
"31457",43,69435,6071534,4,2012,111,92.010989010989,"Laurelwood Elementary",95121
"31458",43,69435,6071534,5,2012,31,71.6086956521739,"Laurelwood Elementary",95121
"31459",43,69435,6071534,5,2012,111,85.3333333333333,"Laurelwood Elementary",95121
"31460",43,69435,6071534,6,2012,31,71.88,"Laurelwood Elementary",95121
"31461",43,69435,6071534,6,2012,111,89,"Laurelwood Elementary",95121
"31462",43,69435,6102081,2,2012,31,59,"Norwood Creek Elementary",95148
"31463",43,69435,6102081,2,2012,111,92,"Norwood Creek Elementary",95148
"31464",43,69435,6102081,3,2012,31,69.5,"Norwood Creek Elementary",95148
"31465",43,69435,6102081,3,2012,111,88.5,"Norwood Creek Elementary",95148
"31466",43,69435,6102081,4,2012,31,65.5,"Norwood Creek Elementary",95148
"31467",43,69435,6102081,4,2012,111,78.5,"Norwood Creek Elementary",95148
"31468",43,69435,6102081,5,2012,31,65.3333333333333,"Norwood Creek Elementary",95148
"31469",43,69435,6102081,5,2012,111,90,"Norwood Creek Elementary",95148
"31470",43,69435,6102081,6,2012,31,60.9285714285714,"Norwood Creek Elementary",95148
"31471",43,69435,6102081,6,2012,111,69.9738562091503,"Norwood Creek Elementary",95148
"31472",43,69435,6105787,2,2012,31,78,"Millbrook Elementary",95148
"31473",43,69435,6105787,2,2012,111,85,"Millbrook Elementary",95148
"31474",43,69435,6105787,3,2012,31,64.6344086021505,"Millbrook Elementary",95148
"31475",43,69435,6105787,3,2012,111,81,"Millbrook Elementary",95148
"31476",43,69435,6105787,4,2012,31,68.925,"Millbrook Elementary",95148
"31477",43,69435,6105787,4,2012,111,82.4867256637168,"Millbrook Elementary",95148
"31478",43,69435,6105787,5,2012,31,63.0075187969925,"Millbrook Elementary",95148
"31479",43,69435,6105787,5,2012,111,78.3333333333333,"Millbrook Elementary",95148
"31480",43,69435,6105787,6,2012,31,53.9357798165138,"Millbrook Elementary",95148
"31481",43,69435,6105787,6,2012,111,78.5,"Millbrook Elementary",95148
"31482",43,69435,6107593,2,2012,31,58.5,"Dove Hill Elementary",95121
"31483",43,69435,6107593,2,2012,111,78,"Dove Hill Elementary",95121
"31484",43,69435,6107593,3,2012,31,42.5,"Dove Hill Elementary",95121
"31485",43,69435,6107593,3,2012,111,77,"Dove Hill Elementary",95121
"31486",43,69435,6107593,4,2012,31,69.5,"Dove Hill Elementary",95121
"31487",43,69435,6107593,4,2012,111,84,"Dove Hill Elementary",95121
"31488",43,69435,6107593,5,2012,31,57,"Dove Hill Elementary",95121
"31489",43,69435,6107593,5,2012,111,87,"Dove Hill Elementary",95121
"31490",43,69435,6107593,6,2012,31,55.5,"Dove Hill Elementary",95121
"31491",43,69435,6107593,6,2012,111,74.5,"Dove Hill Elementary",95121
"31492",43,69435,6110159,7,2012,31,69.0756302521008,"Chaboya Middle",95135
"31493",43,69435,6110159,7,2012,111,90.1565995525727,"Chaboya Middle",95135
"31494",43,69435,6110159,8,2012,31,58.921146953405,"Chaboya Middle",95135
"31495",43,69435,6110159,8,2012,111,88.651867893882,"Chaboya Middle",95135
"31496",43,69435,6111942,2,2012,111,90.5,"Silver Oak Elementary",95138
"31497",43,69435,6111942,3,2012,111,92,"Silver Oak Elementary",95138
"31498",43,69435,6111942,4,2012,111,92.9957805907173,"Silver Oak Elementary",95138
"31499",43,69435,6111942,5,2012,111,97.3333333333333,"Silver Oak Elementary",95138
"31500",43,69435,6111942,6,2012,111,96,"Silver Oak Elementary",95138
"31501",43,69435,6115851,2,2012,111,95,"Tom Matsumoto Elementary",95135
"31502",43,69435,6115851,3,2012,111,98.5020746887967,"Tom Matsumoto Elementary",95135
"31503",43,69435,6115851,4,2012,111,98.5,"Tom Matsumoto Elementary",95135
"31504",43,69435,6115851,5,2012,111,98,"Tom Matsumoto Elementary",95135
"31505",43,69435,6115851,6,2012,111,96,"Tom Matsumoto Elementary",95135
"31506",43,69450,108696,2,2012,31,78.5,"Ramblewood Elementary",95121
"31507",43,69450,108696,2,2012,111,95,"Ramblewood Elementary",95121
"31508",43,69450,108696,3,2012,31,60,"Ramblewood Elementary",95121
"31509",43,69450,108696,3,2012,111,62.7714285714286,"Ramblewood Elementary",95121
"31510",43,69450,108696,4,2012,31,74.609756097561,"Ramblewood Elementary",95121
"31511",43,69450,108696,4,2012,111,84.5,"Ramblewood Elementary",95121
"31512",43,69450,108696,5,2012,31,59.6666666666667,"Ramblewood Elementary",95121
"31513",43,69450,108696,5,2012,111,85.3258426966292,"Ramblewood Elementary",95121
"31514",43,69450,108696,6,2012,31,74.1351351351351,"Ramblewood Elementary",95121
"31515",43,69450,108696,6,2012,111,82.5142857142857,"Ramblewood Elementary",95121
"31516",43,69450,123299,2,2012,31,76,"Rocketship Mosaic Elementary",95122
"31517",43,69450,123299,2,2012,111,79.5,"Rocketship Mosaic Elementary",95122
"31518",43,69450,123299,3,2012,31,68.5,"Rocketship Mosaic Elementary",95122
"31519",43,69450,123299,3,2012,111,80.5,"Rocketship Mosaic Elementary",95122
"31520",43,69450,6047195,2,2012,31,68,"Franklin Elementary",95111
"31521",43,69450,6047195,2,2012,111,77.5,"Franklin Elementary",95111
"31522",43,69450,6047195,3,2012,31,68.5,"Franklin Elementary",95111
"31523",43,69450,6047195,3,2012,111,88,"Franklin Elementary",95111
"31524",43,69450,6047195,4,2012,31,79.5,"Franklin Elementary",95111
"31525",43,69450,6047195,4,2012,111,96,"Franklin Elementary",95111
"31526",43,69450,6047195,5,2012,31,57.6666666666667,"Franklin Elementary",95111
"31527",43,69450,6047195,5,2012,111,68.6666666666667,"Franklin Elementary",95111
"31528",43,69450,6047195,6,2012,31,40.5,"Franklin Elementary",95111
"31529",43,69450,6047195,6,2012,111,78.5,"Franklin Elementary",95111
"31530",43,69450,6047229,7,2012,31,41.73046875,"Bridges Academy",95122
"31531",43,69450,6047229,7,2012,111,63.0526315789474,"Bridges Academy",95122
"31532",43,69450,6047229,8,2012,31,41.1547169811321,"Bridges Academy",95122
"31533",43,69450,6047229,8,2012,111,61.7428571428571,"Bridges Academy",95122
"31534",43,69450,6047245,2,2012,31,39.5,"McKinley Elementary",95116
"31535",43,69450,6047245,3,2012,31,42.2957746478873,"McKinley Elementary",95116
"31536",43,69450,6047245,4,2012,31,52.0869565217391,"McKinley Elementary",95116
"31537",43,69450,6047245,5,2012,31,38.4494949494949,"McKinley Elementary",95116
"31538",43,69450,6047245,6,2012,31,36.9523809523809,"McKinley Elementary",95116
"31539",43,69450,6047252,2,2012,31,64,"Santee Elementary",95122
"31540",43,69450,6047252,3,2012,31,23.1090909090909,"Santee Elementary",95122
"31541",43,69450,6047252,4,2012,31,40,"Santee Elementary",95122
"31542",43,69450,6047252,5,2012,31,25.9397590361446,"Santee Elementary",95122
"31543",43,69450,6047252,6,2012,31,33,"Santee Elementary",95122
"31544",43,69450,6047278,7,2012,31,30.2938461538462,"Sylvandale Middle",95111
"31545",43,69450,6047278,7,2012,111,45.027027027027,"Sylvandale Middle",95111
"31546",43,69450,6047278,8,2012,31,35.6802884615385,"Sylvandale Middle",95111
"31547",43,69450,6047278,8,2012,111,55.0890410958904,"Sylvandale Middle",95111
"31548",43,69450,6071542,2,2012,31,68,"Stonegate Elementary",95121
"31549",43,69450,6071542,2,2012,111,80,"Stonegate Elementary",95121
"31550",43,69450,6071542,3,2012,31,69.5,"Stonegate Elementary",95121
"31551",43,69450,6071542,3,2012,111,72.5,"Stonegate Elementary",95121
"31552",43,69450,6071542,4,2012,31,57.9824561403509,"Stonegate Elementary",95121
"31553",43,69450,6071542,4,2012,111,84,"Stonegate Elementary",95121
"31554",43,69450,6071542,5,2012,31,72.6911764705882,"Stonegate Elementary",95121
"31555",43,69450,6071542,5,2012,111,94,"Stonegate Elementary",95121
"31556",43,69450,6071542,6,2012,31,50,"Stonegate Elementary",95121
"31557",43,69450,6071542,6,2012,111,73,"Stonegate Elementary",95121
"31558",43,69450,6109433,2,2012,31,53,"Jeanne R. Meadows Elementary",95122
"31559",43,69450,6109433,2,2012,111,86,"Jeanne R. Meadows Elementary",95122
"31560",43,69450,6109433,3,2012,31,45.8,"Jeanne R. Meadows Elementary",95122
"31561",43,69450,6109433,3,2012,111,65,"Jeanne R. Meadows Elementary",95122
"31562",43,69450,6109433,4,2012,31,56.5093167701863,"Jeanne R. Meadows Elementary",95122
"31563",43,69450,6109433,4,2012,111,59.5,"Jeanne R. Meadows Elementary",95122
"31564",43,69450,6109433,5,2012,31,58.3592233009709,"Jeanne R. Meadows Elementary",95122
"31565",43,69450,6109433,5,2012,111,84,"Jeanne R. Meadows Elementary",95122
"31566",43,69450,6109433,6,2012,31,60.5,"Jeanne R. Meadows Elementary",95122
"31567",43,69450,6109433,6,2012,111,75,"Jeanne R. Meadows Elementary",95122
"31568",43,69450,6109433,7,2012,31,15,"Jeanne R. Meadows Elementary",95122
"31569",43,69450,6109433,8,2012,31,15.6385542168675,"Jeanne R. Meadows Elementary",95122
"31570",43,69468,4331799,9,2012,31,48.6050420168067,"Cupertino High",95014
"31571",43,69468,4331799,9,2012,111,82.7771863117871,"Cupertino High",95014
"31572",43,69468,4331799,10,2012,31,55.2666666666667,"Cupertino High",95014
"31573",43,69468,4331799,10,2012,111,79.9632056451613,"Cupertino High",95014
"31574",43,69468,4331799,11,2012,31,44.6256983240223,"Cupertino High",95014
"31575",43,69468,4331799,11,2012,111,76.6888577435179,"Cupertino High",95014
"31576",43,69468,4332474,9,2012,31,27.2746913580247,"Fremont High",94087
"31577",43,69468,4332474,9,2012,111,65.0461956521739,"Fremont High",94087
"31578",43,69468,4332474,10,2012,31,30.4123376623377,"Fremont High",94087
"31579",43,69468,4332474,10,2012,111,67.1640979147779,"Fremont High",94087
"31580",43,69468,4332474,11,2012,31,26.5611111111111,"Fremont High",94087
"31581",43,69468,4332474,11,2012,111,60.420581655481,"Fremont High",94087
"31582",43,69468,4333316,9,2012,31,37.976,"Homestead High",95014
"31583",43,69468,4333316,9,2012,111,83.5395973154362,"Homestead High",95014
"31584",43,69468,4333316,10,2012,31,38.3260504201681,"Homestead High",95014
"31585",43,69468,4333316,10,2012,111,73.4639927073838,"Homestead High",95014
"31586",43,69468,4333316,11,2012,31,42.8307692307692,"Homestead High",95014
"31587",43,69468,4333316,11,2012,111,75.3912812333865,"Homestead High",95014
"31588",43,69468,4334421,9,2012,31,73.0892857142857,"Lynbrook High",95129
"31589",43,69468,4334421,9,2012,111,92.1480904130943,"Lynbrook High",95129
"31590",43,69468,4334421,10,2012,31,65.7073170731707,"Lynbrook High",95129
"31591",43,69468,4334421,10,2012,111,89.1336872586873,"Lynbrook High",95129
"31592",43,69468,4334421,11,2012,31,48.6,"Lynbrook High",95129
"31593",43,69468,4334421,11,2012,111,84.4552529182879,"Lynbrook High",95129
"31594",43,69468,4334462,9,2012,31,60,"Monta Vista High",95014
"31595",43,69468,4334462,9,2012,111,92.209982788296,"Monta Vista High",95014
"31596",43,69468,4334462,10,2012,31,61.0694444444444,"Monta Vista High",95014
"31597",43,69468,4334462,10,2012,111,91.0608785887236,"Monta Vista High",95014
"31598",43,69468,4334462,11,2012,31,66.0377358490566,"Monta Vista High",95014
"31599",43,69468,4334462,11,2012,111,85.6624525916561,"Monta Vista High",95014
"31600",43,69484,100990,6,2012,31,50.9936305732484,"Solorsano Middle",95020
"31601",43,69484,100990,6,2012,111,79.5,"Solorsano Middle",95020
"31602",43,69484,100990,7,2012,31,54.950495049505,"Solorsano Middle",95020
"31603",43,69484,100990,7,2012,111,81.0119402985075,"Solorsano Middle",95020
"31604",43,69484,100990,8,2012,31,50.6182336182336,"Solorsano Middle",95020
"31605",43,69484,100990,8,2012,111,75.2822902796272,"Solorsano Middle",95020
"31606",43,69484,118380,9,2012,31,42.8116666666667,"Christopher High",95020
"31607",43,69484,118380,9,2012,111,63.9458689458689,"Christopher High",95020
"31608",43,69484,118380,10,2012,31,36.4636627906977,"Christopher High",95020
"31609",43,69484,118380,10,2012,111,61.9269269269269,"Christopher High",95020
"31610",43,69484,118380,11,2012,31,40.6438356164384,"Christopher High",95020
"31611",43,69484,118380,11,2012,111,53.3676056338028,"Christopher High",95020
"31612",43,69484,4332839,9,2012,31,34.3680672268908,"Gilroy High",95020
"31613",43,69484,4332839,9,2012,111,59.984375,"Gilroy High",95020
"31614",43,69484,4332839,10,2012,31,29.5787878787879,"Gilroy High",95020
"31615",43,69484,4332839,10,2012,111,53.1053435114504,"Gilroy High",95020
"31616",43,69484,4332839,11,2012,31,32.4459259259259,"Gilroy High",95020
"31617",43,69484,4332839,11,2012,111,49.0571428571429,"Gilroy High",95020
"31618",43,69484,4334850,10,2012,31,0,"Mt. Madonna High",95020
"31619",43,69484,4334850,11,2012,31,12.5492957746479,"Mt. Madonna High",95020
"31620",43,69484,4334850,11,2012,111,17.4042553191489,"Mt. Madonna High",95020
"31621",43,69484,6047294,2,2012,31,59.5,"El Roble Elementary",95020
"31622",43,69484,6047294,2,2012,111,86,"El Roble Elementary",95020
"31623",43,69484,6047294,3,2012,31,48.3684210526316,"El Roble Elementary",95020
"31624",43,69484,6047294,3,2012,111,51.5,"El Roble Elementary",95020
"31625",43,69484,6047294,4,2012,31,55,"El Roble Elementary",95020
"31626",43,69484,6047294,4,2012,111,72.468085106383,"El Roble Elementary",95020
"31627",43,69484,6047294,5,2012,31,46.6987951807229,"El Roble Elementary",95020
"31628",43,69484,6047294,5,2012,111,72.6666666666667,"El Roble Elementary",95020
"31629",43,69484,6047302,3,2012,31,52.124183006536,"Eliot Elementary",95020
"31630",43,69484,6047302,4,2012,31,62.2185430463576,"Eliot Elementary",95020
"31631",43,69484,6047302,5,2012,31,52.3723849372385,"Eliot Elementary",95020
"31632",43,69484,6047310,2,2012,31,56.5,"Glen View Elementary",95020
"31633",43,69484,6047310,2,2012,111,71,"Glen View Elementary",95020
"31634",43,69484,6047310,3,2012,31,65.2760736196319,"Glen View Elementary",95020
"31635",43,69484,6047310,3,2012,111,82,"Glen View Elementary",95020
"31636",43,69484,6047310,4,2012,31,58,"Glen View Elementary",95020
"31637",43,69484,6047310,5,2012,31,42.3333333333333,"Glen View Elementary",95020
"31638",43,69484,6047310,5,2012,111,39.304347826087,"Glen View Elementary",95020
"31639",43,69484,6047328,2,2012,31,73,"Las Animas Elementary",95020
"31640",43,69484,6047328,2,2012,111,88,"Las Animas Elementary",95020
"31641",43,69484,6047328,3,2012,31,53,"Las Animas Elementary",95020
"31642",43,69484,6047328,3,2012,111,81.5,"Las Animas Elementary",95020
"31643",43,69484,6047328,4,2012,31,61.9338842975207,"Las Animas Elementary",95020
"31644",43,69484,6047328,4,2012,111,85.5,"Las Animas Elementary",95020
"31645",43,69484,6047328,5,2012,31,52.6666666666667,"Las Animas Elementary",95020
"31646",43,69484,6047328,5,2012,111,88.6666666666667,"Las Animas Elementary",95020
"31647",43,69484,6047336,2,2012,31,34.5,"Rucker Elementary",95020
"31648",43,69484,6047336,2,2012,111,60.5,"Rucker Elementary",95020
"31649",43,69484,6047336,3,2012,31,39,"Rucker Elementary",95020
"31650",43,69484,6047336,3,2012,111,82,"Rucker Elementary",95020
"31651",43,69484,6047336,4,2012,31,50,"Rucker Elementary",95020
"31652",43,69484,6047336,4,2012,111,82,"Rucker Elementary",95020
"31653",43,69484,6047336,5,2012,31,46.6666666666667,"Rucker Elementary",95020
"31654",43,69484,6047336,5,2012,111,88.3333333333333,"Rucker Elementary",95020
"31655",43,69484,6098214,6,2012,31,49.0236686390533,"South Valley Middle",95020
"31656",43,69484,6098214,6,2012,111,74.5,"South Valley Middle",95020
"31657",43,69484,6098214,7,2012,31,46.487106017192,"South Valley Middle",95020
"31658",43,69484,6098214,7,2012,111,65.2380952380952,"South Valley Middle",95020
"31659",43,69484,6098214,8,2012,31,38.178947368421,"South Valley Middle",95020
"31660",43,69484,6098214,8,2012,111,52.685393258427,"South Valley Middle",95020
"31661",43,69484,6106991,2,2012,31,58,"Rod Kelley Elementary",95020
"31662",43,69484,6106991,2,2012,111,75.5,"Rod Kelley Elementary",95020
"31663",43,69484,6106991,3,2012,31,51.5,"Rod Kelley Elementary",95020
"31664",43,69484,6106991,3,2012,111,74.9027777777778,"Rod Kelley Elementary",95020
"31665",43,69484,6106991,4,2012,31,67.6304347826087,"Rod Kelley Elementary",95020
"31666",43,69484,6106991,4,2012,111,84,"Rod Kelley Elementary",95020
"31667",43,69484,6106991,5,2012,31,70.4170212765957,"Rod Kelley Elementary",95020
"31668",43,69484,6106991,5,2012,111,82.3333333333333,"Rod Kelley Elementary",95020
"31669",43,69484,6111785,6,2012,31,44.5131195335277,"Brownell Middle",95020
"31670",43,69484,6111785,6,2012,111,79,"Brownell Middle",95020
"31671",43,69484,6111785,7,2012,31,50.5338345864662,"Brownell Middle",95020
"31672",43,69484,6111785,7,2012,111,81.1538461538462,"Brownell Middle",95020
"31673",43,69484,6111785,8,2012,31,41.9029535864979,"Brownell Middle",95020
"31674",43,69484,6111785,8,2012,111,66.9228650137741,"Brownell Middle",95020
"31675",43,69492,6047351,2,2012,111,96.5,"Lakeside Elementary",95033
"31676",43,69492,6047351,3,2012,111,79.5,"Lakeside Elementary",95033
"31677",43,69492,6047351,4,2012,111,100,"Lakeside Elementary",95033
"31678",43,69492,6047351,5,2012,111,97.3333333333333,"Lakeside Elementary",95033
"31679",43,69500,6047369,2,2012,111,81.9896907216495,"Loma Prieta Elementary",95033
"31680",43,69500,6047369,3,2012,111,86,"Loma Prieta Elementary",95033
"31681",43,69500,6047369,4,2012,111,86.5,"Loma Prieta Elementary",95033
"31682",43,69500,6047369,5,2012,111,84.6666666666667,"Loma Prieta Elementary",95033
"31683",43,69518,6047377,2,2012,111,96,"Almond Elementary",94022
"31684",43,69518,6047377,3,2012,111,91.5,"Almond Elementary",94022
"31685",43,69518,6047377,4,2012,111,95,"Almond Elementary",94022
"31686",43,69518,6047377,5,2012,111,94.6666666666667,"Almond Elementary",94022
"31687",43,69518,6047377,6,2012,111,95.0075187969925,"Almond Elementary",94022
"31688",43,69518,6047401,2,2012,111,97,"Covington Elementary",94024
"31689",43,69518,6047401,3,2012,111,99,"Covington Elementary",94024
"31690",43,69518,6047401,4,2012,111,96.5,"Covington Elementary",94024
"31691",43,69518,6047401,5,2012,111,94.3333333333333,"Covington Elementary",94024
"31692",43,69518,6047401,6,2012,111,96,"Covington Elementary",94024
"31693",43,69518,6047450,2,2012,111,92.5,"Loyola Elementary",94024
"31694",43,69518,6047450,3,2012,111,90.5302013422819,"Loyola Elementary",94024
"31695",43,69518,6047450,4,2012,111,94.5081967213115,"Loyola Elementary",94024
"31696",43,69518,6047450,5,2012,111,96.9876543209877,"Loyola Elementary",94024
"31697",43,69518,6047450,6,2012,111,91,"Loyola Elementary",94024
"31698",43,69518,6047468,2,2012,111,93.5,"Oak Avenue Elementary",94024
"31699",43,69518,6047468,3,2012,111,97,"Oak Avenue Elementary",94024
"31700",43,69518,6047468,4,2012,111,99.5,"Oak Avenue Elementary",94024
"31701",43,69518,6047468,5,2012,111,98,"Oak Avenue Elementary",94024
"31702",43,69518,6047468,6,2012,111,95.5,"Oak Avenue Elementary",94024
"31703",43,69526,6047518,2,2012,111,84.5,"Blossom Hill Elementary",95032
"31704",43,69526,6047518,3,2012,111,84.5,"Blossom Hill Elementary",95032
"31705",43,69526,6047518,4,2012,111,99,"Blossom Hill Elementary",95032
"31706",43,69526,6047518,5,2012,111,95.6564417177914,"Blossom Hill Elementary",95032
"31707",43,69526,6047526,2,2012,111,86,"Daves Avenue Elementary",95030
"31708",43,69526,6047526,3,2012,111,79.5,"Daves Avenue Elementary",95030
"31709",43,69526,6047526,4,2012,111,81.5,"Daves Avenue Elementary",95030
"31710",43,69526,6047526,5,2012,111,89.9815384615385,"Daves Avenue Elementary",95030
"31711",43,69526,6047542,2,2012,111,83.9895287958115,"Louise Van Meter Elementary",95032
"31712",43,69526,6047542,3,2012,111,86.5083333333333,"Louise Van Meter Elementary",95032
"31713",43,69526,6047542,4,2012,111,96.98,"Louise Van Meter Elementary",95032
"31714",43,69526,6047542,5,2012,111,93.3378378378378,"Louise Van Meter Elementary",95032
"31715",43,69534,4334371,9,2012,31,47.3333333333333,"Los Gatos High",95030
"31716",43,69534,4334371,9,2012,111,81.4997160704145,"Los Gatos High",95030
"31717",43,69534,4334371,10,2012,111,72.9201706276661,"Los Gatos High",95030
"31718",43,69534,4334371,11,2012,31,60.5,"Los Gatos High",95030
"31719",43,69534,4334371,11,2012,111,69.7685185185185,"Los Gatos High",95030
"31720",43,69534,4337762,9,2012,111,86.6688432835821,"Saratoga High",95070
"31721",43,69534,4337762,10,2012,111,84.1522511848341,"Saratoga High",95070
"31722",43,69534,4337762,11,2012,111,82.1583333333333,"Saratoga High",95070
"31723",43,69542,6047575,2,2012,31,40.5,"Luther Burbank Elementary",95128
"31724",43,69542,6047575,3,2012,31,52.5,"Luther Burbank Elementary",95128
"31725",43,69542,6047575,4,2012,31,70,"Luther Burbank Elementary",95128
"31726",43,69542,6047575,5,2012,31,45.3333333333333,"Luther Burbank Elementary",95128
"31727",43,69542,6047575,6,2012,31,56.5,"Luther Burbank Elementary",95128
"31728",43,69542,6047575,7,2012,31,43,"Luther Burbank Elementary",95128
"31729",43,69542,6047575,8,2012,31,48.6180904522613,"Luther Burbank Elementary",95128
"31730",43,69575,6047740,2,2012,31,60,"Country Lane Elementary",95129
"31731",43,69575,6047740,2,2012,111,90.5,"Country Lane Elementary",95129
"31732",43,69575,6047740,3,2012,111,88.5,"Country Lane Elementary",95129
"31733",43,69575,6047740,4,2012,31,87.0967741935484,"Country Lane Elementary",95129
"31734",43,69575,6047740,4,2012,111,98.5026737967914,"Country Lane Elementary",95129
"31735",43,69575,6047740,5,2012,111,91.3304721030043,"Country Lane Elementary",95129
"31736",43,69575,6047765,2,2012,31,44.5,"Easterbrook Discovery",95129
"31737",43,69575,6047765,2,2012,111,76.5,"Easterbrook Discovery",95129
"31738",43,69575,6047765,3,2012,31,24.030303030303,"Easterbrook Discovery",95129
"31739",43,69575,6047765,3,2012,111,77.5,"Easterbrook Discovery",95129
"31740",43,69575,6047765,4,2012,31,48.6363636363636,"Easterbrook Discovery",95129
"31741",43,69575,6047765,4,2012,111,81.9801324503311,"Easterbrook Discovery",95129
"31742",43,69575,6047765,5,2012,31,61.3333333333333,"Easterbrook Discovery",95129
"31743",43,69575,6047765,5,2012,111,79.9943820224719,"Easterbrook Discovery",95129
"31744",43,69575,6047765,6,2012,31,44.0175438596491,"Easterbrook Discovery",95129
"31745",43,69575,6047765,6,2012,111,92,"Easterbrook Discovery",95129
"31746",43,69575,6047765,7,2012,31,45.0645161290323,"Easterbrook Discovery",95129
"31747",43,69575,6047765,7,2012,111,79.7857142857143,"Easterbrook Discovery",95129
"31748",43,69575,6047765,8,2012,31,62.5,"Easterbrook Discovery",95129
"31749",43,69575,6047765,8,2012,111,83.6396761133603,"Easterbrook Discovery",95129
"31750",43,69575,6047781,6,2012,31,56.9302325581395,"Moreland Middle",95130
"31751",43,69575,6047781,6,2012,111,85.5,"Moreland Middle",95130
"31752",43,69575,6047781,7,2012,31,50.8947368421053,"Moreland Middle",95130
"31753",43,69575,6047781,7,2012,111,86.7313019390582,"Moreland Middle",95130
"31754",43,69575,6047781,8,2012,31,46.1966173361522,"Moreland Middle",95130
"31755",43,69575,6047781,8,2012,111,82.0121621621622,"Moreland Middle",95130
"31756",43,69575,6047799,2,2012,31,64,"George C. Payne Elementary",95130
"31757",43,69575,6047799,2,2012,111,94,"George C. Payne Elementary",95130
"31758",43,69575,6047799,3,2012,31,63.5,"George C. Payne Elementary",95130
"31759",43,69575,6047799,3,2012,111,83.5,"George C. Payne Elementary",95130
"31760",43,69575,6047799,4,2012,31,50,"George C. Payne Elementary",95130
"31761",43,69575,6047799,4,2012,111,90,"George C. Payne Elementary",95130
"31762",43,69575,6047799,5,2012,31,47.6238532110092,"George C. Payne Elementary",95130
"31763",43,69575,6047799,5,2012,111,82.7563025210084,"George C. Payne Elementary",95130
"31764",43,69575,6047807,2,2012,31,75,"Gussie M. Baker Elementary",95130
"31765",43,69575,6047807,2,2012,111,91.5,"Gussie M. Baker Elementary",95130
"31766",43,69575,6047807,3,2012,31,61,"Gussie M. Baker Elementary",95130
"31767",43,69575,6047807,3,2012,111,86.5284974093264,"Gussie M. Baker Elementary",95130
"31768",43,69575,6047807,4,2012,31,63,"Gussie M. Baker Elementary",95130
"31769",43,69575,6047807,4,2012,111,95,"Gussie M. Baker Elementary",95130
"31770",43,69575,6047807,5,2012,31,71.6666666666667,"Gussie M. Baker Elementary",95130
"31771",43,69575,6047807,5,2012,111,90.9876033057851,"Gussie M. Baker Elementary",95130
"31772",43,69575,6047831,2,2012,31,54.421768707483,"Leroy Anderson Elementary",95117
"31773",43,69575,6047831,2,2012,111,72,"Leroy Anderson Elementary",95117
"31774",43,69575,6047831,3,2012,31,65.8595041322314,"Leroy Anderson Elementary",95117
"31775",43,69575,6047831,4,2012,31,63.6363636363636,"Leroy Anderson Elementary",95117
"31776",43,69575,6047831,5,2012,31,44.4945652173913,"Leroy Anderson Elementary",95117
"31777",43,69583,102368,9,2012,31,21.8246153846154,"Ann Sobrato High",95037
"31778",43,69583,102368,9,2012,111,60.8265027322404,"Ann Sobrato High",95037
"31779",43,69583,102368,10,2012,31,32.9774436090226,"Ann Sobrato High",95037
"31780",43,69583,102368,10,2012,111,56.0955414012739,"Ann Sobrato High",95037
"31781",43,69583,102368,11,2012,31,31.5578947368421,"Ann Sobrato High",95037
"31782",43,69583,102368,11,2012,111,54.0849056603774,"Ann Sobrato High",95037
"31783",43,69583,4333951,9,2012,31,22.4921630094044,"Live Oak High",95037
"31784",43,69583,4333951,9,2012,111,51.2264808362369,"Live Oak High",95037
"31785",43,69583,4333951,10,2012,31,30.451197053407,"Live Oak High",95037
"31786",43,69583,4333951,10,2012,111,58.4110169491525,"Live Oak High",95037
"31787",43,69583,4333951,11,2012,31,24.5780141843972,"Live Oak High",95037
"31788",43,69583,4333951,11,2012,111,58.2614942528736,"Live Oak High",95037
"31789",43,69583,6047914,2,2012,31,45,"Nordstrom Elementary",95037
"31790",43,69583,6047914,2,2012,111,93,"Nordstrom Elementary",95037
"31791",43,69583,6047914,3,2012,111,85.5,"Nordstrom Elementary",95037
"31792",43,69583,6047914,4,2012,31,74.4705882352941,"Nordstrom Elementary",95037
"31793",43,69583,6047914,4,2012,111,91,"Nordstrom Elementary",95037
"31794",43,69583,6047914,5,2012,31,50,"Nordstrom Elementary",95037
"31795",43,69583,6047914,5,2012,111,81.3333333333333,"Nordstrom Elementary",95037
"31796",43,69583,6047914,6,2012,31,50,"Nordstrom Elementary",95037
"31797",43,69583,6047914,6,2012,111,91,"Nordstrom Elementary",95037
"31798",43,69583,6095392,2,2012,31,32,"Los Paseos Elementary",95139
"31799",43,69583,6095392,2,2012,111,77.5,"Los Paseos Elementary",95139
"31800",43,69583,6095392,3,2012,31,59.5,"Los Paseos Elementary",95139
"31801",43,69583,6095392,3,2012,111,71,"Los Paseos Elementary",95139
"31802",43,69583,6095392,4,2012,31,45.6666666666667,"Los Paseos Elementary",95139
"31803",43,69583,6095392,4,2012,111,80,"Los Paseos Elementary",95139
"31804",43,69583,6095392,5,2012,31,47.9622641509434,"Los Paseos Elementary",95139
"31805",43,69583,6095392,5,2012,111,79.3333333333333,"Los Paseos Elementary",95139
"31806",43,69583,6095392,6,2012,31,27,"Los Paseos Elementary",95139
"31807",43,69583,6095392,6,2012,111,72.5,"Los Paseos Elementary",95139
"31808",43,69583,6118376,3,2012,31,38.7076923076923,"Barrett Elementary",95037
"31809",43,69583,6118376,3,2012,111,62,"Barrett Elementary",95037
"31810",43,69583,6118376,4,2012,31,41.16,"Barrett Elementary",95037
"31811",43,69583,6118376,4,2012,111,79.5051546391753,"Barrett Elementary",95037
"31812",43,69583,6118376,5,2012,31,30.4154929577465,"Barrett Elementary",95037
"31813",43,69583,6118376,5,2012,111,70,"Barrett Elementary",95037
"31814",43,69583,6118376,6,2012,31,29,"Barrett Elementary",95037
"31815",43,69583,6118376,6,2012,111,67,"Barrett Elementary",95037
"31816",43,69583,6118541,2,2012,111,64,"Charter School of Morgan Hill",95037
"31817",43,69583,6118541,3,2012,111,81.5217391304348,"Charter School of Morgan Hill",95037
"31818",43,69583,6118541,4,2012,111,82.7837837837838,"Charter School of Morgan Hill",95037
"31819",43,69583,6118541,5,2012,111,87.2885906040269,"Charter School of Morgan Hill",95037
"31820",43,69583,6118541,6,2012,111,84.5,"Charter School of Morgan Hill",95037
"31821",43,69583,6118541,7,2012,111,88.5,"Charter School of Morgan Hill",95037
"31822",43,69583,6118541,8,2012,111,77.705069124424,"Charter School of Morgan Hill",95037
"31823",43,69591,6049464,2,2012,111,91,"Stevenson Elementary",94043
"31824",43,69591,6049464,3,2012,111,82.0958904109589,"Stevenson Elementary",94043
"31825",43,69591,6049464,4,2012,111,83.7297297297297,"Stevenson Elementary",94043
"31826",43,69591,6049464,5,2012,111,89.6666666666667,"Stevenson Elementary",94043
"31827",43,69591,6049472,6,2012,31,50.9759036144578,"Crittenden Middle",94043
"31828",43,69591,6049472,6,2012,111,73.9420289855072,"Crittenden Middle",94043
"31829",43,69591,6049472,7,2012,31,56.1371681415929,"Crittenden Middle",94043
"31830",43,69591,6049472,7,2012,111,69.8294573643411,"Crittenden Middle",94043
"31831",43,69591,6049472,8,2012,31,43.010775862069,"Crittenden Middle",94043
"31832",43,69591,6049472,8,2012,111,76.7484662576687,"Crittenden Middle",94043
"31833",43,69591,6049514,2,2012,31,50.5,"Theuerkauf Elementary",94043
"31834",43,69591,6049514,2,2012,111,59,"Theuerkauf Elementary",94043
"31835",43,69591,6049514,3,2012,31,65.5,"Theuerkauf Elementary",94043
"31836",43,69591,6049514,3,2012,111,84,"Theuerkauf Elementary",94043
"31837",43,69591,6049514,4,2012,31,53.5,"Theuerkauf Elementary",94043
"31838",43,69591,6049514,4,2012,111,68,"Theuerkauf Elementary",94043
"31839",43,69591,6049514,5,2012,31,48.9640718562874,"Theuerkauf Elementary",94043
"31840",43,69591,6049514,5,2012,111,64.1964285714286,"Theuerkauf Elementary",94043
"31841",43,69609,4334116,9,2012,31,58.9949748743719,"Los Altos High",94022
"31842",43,69609,4334116,9,2012,111,87.4090909090909,"Los Altos High",94022
"31843",43,69609,4334116,10,2012,31,38.0128755364807,"Los Altos High",94022
"31844",43,69609,4334116,10,2012,111,77.8717504332756,"Los Altos High",94022
"31845",43,69609,4334116,11,2012,31,35.5076923076923,"Los Altos High",94022
"31846",43,69609,4334116,11,2012,111,75.9621578099839,"Los Altos High",94022
"31847",43,69609,4334728,9,2012,31,24.7821782178218,"Mountain View High",94040
"31848",43,69609,4334728,9,2012,111,72.5219378427788,"Mountain View High",94040
"31849",43,69609,4334728,10,2012,31,37.0490196078431,"Mountain View High",94040
"31850",43,69609,4334728,10,2012,111,74.3616095704187,"Mountain View High",94040
"31851",43,69609,4334728,11,2012,31,33.0194174757282,"Mountain View High",94040
"31852",43,69609,4334728,11,2012,111,73.1250965250965,"Mountain View High",94040
"31853",43,69617,6048045,2,2012,31,50,"Ida Jew Academies",95148
"31854",43,69617,6048045,2,2012,111,60,"Ida Jew Academies",95148
"31855",43,69617,6048045,3,2012,31,53.1686746987952,"Ida Jew Academies",95148
"31856",43,69617,6048045,3,2012,111,62.5,"Ida Jew Academies",95148
"31857",43,69617,6048045,4,2012,31,72,"Ida Jew Academies",95148
"31858",43,69617,6048045,4,2012,111,86.5,"Ida Jew Academies",95148
"31859",43,69617,6048045,5,2012,31,61.8082191780822,"Ida Jew Academies",95148
"31860",43,69617,6048045,5,2012,111,83.6666666666667,"Ida Jew Academies",95148
"31861",43,69617,6048045,6,2012,31,67,"Ida Jew Academies",95148
"31862",43,69617,6048045,6,2012,111,88,"Ida Jew Academies",95148
"31863",43,69617,6048045,7,2012,31,51.5,"Ida Jew Academies",95148
"31864",43,69617,6048045,7,2012,111,83,"Ida Jew Academies",95148
"31865",43,69617,6048060,2,2012,31,66.5,"Mt. Pleasant Elementary",95127
"31866",43,69617,6048060,3,2012,31,18,"Mt. Pleasant Elementary",95127
"31867",43,69617,6048060,4,2012,31,59.505376344086,"Mt. Pleasant Elementary",95127
"31868",43,69617,6048060,4,2012,111,54,"Mt. Pleasant Elementary",95127
"31869",43,69617,6048060,5,2012,31,41.0295857988166,"Mt. Pleasant Elementary",95127
"31870",43,69617,6067227,2,2012,31,67.5,"Valle Vista Elementary",95148
"31871",43,69617,6067227,2,2012,111,87,"Valle Vista Elementary",95148
"31872",43,69617,6067227,3,2012,31,36,"Valle Vista Elementary",95148
"31873",43,69617,6067227,3,2012,111,66,"Valle Vista Elementary",95148
"31874",43,69617,6067227,4,2012,31,50.6421052631579,"Valle Vista Elementary",95148
"31875",43,69617,6067227,4,2012,111,77.5,"Valle Vista Elementary",95148
"31876",43,69617,6067227,5,2012,31,50.5810810810811,"Valle Vista Elementary",95148
"31877",43,69617,6067227,5,2012,111,77.3333333333333,"Valle Vista Elementary",95148
"31878",43,69625,6048086,2,2012,31,47.5,"Anderson (Alex) Elementary",95123
"31879",43,69625,6048086,2,2012,111,78,"Anderson (Alex) Elementary",95123
"31880",43,69625,6048086,3,2012,31,55.5,"Anderson (Alex) Elementary",95123
"31881",43,69625,6048086,3,2012,111,56,"Anderson (Alex) Elementary",95123
"31882",43,69625,6048086,4,2012,31,52.0684931506849,"Anderson (Alex) Elementary",95123
"31883",43,69625,6048086,4,2012,111,72,"Anderson (Alex) Elementary",95123
"31884",43,69625,6048086,5,2012,31,58,"Anderson (Alex) Elementary",95123
"31885",43,69625,6048086,5,2012,111,80,"Anderson (Alex) Elementary",95123
"31886",43,69625,6048086,6,2012,31,45.4303797468354,"Anderson (Alex) Elementary",95123
"31887",43,69625,6048086,6,2012,111,70.5,"Anderson (Alex) Elementary",95123
"31888",43,69625,6048102,2,2012,31,45.5,"Christopher Elementary",95111
"31889",43,69625,6048102,3,2012,31,54.8842105263158,"Christopher Elementary",95111
"31890",43,69625,6048102,4,2012,31,63.5,"Christopher Elementary",95111
"31891",43,69625,6048102,5,2012,31,40,"Christopher Elementary",95111
"31892",43,69625,6048102,6,2012,31,70.4949494949495,"Christopher Elementary",95111
"31893",43,69625,6048102,7,2012,31,39.5,"Christopher Elementary",95111
"31894",43,69625,6048110,2,2012,31,60.5,"Frost (Earl) Elementary",95123
"31895",43,69625,6048110,2,2012,111,79,"Frost (Earl) Elementary",95123
"31896",43,69625,6048110,3,2012,31,28,"Frost (Earl) Elementary",95123
"31897",43,69625,6048110,3,2012,111,63.5,"Frost (Earl) Elementary",95123
"31898",43,69625,6048110,4,2012,31,55,"Frost (Earl) Elementary",95123
"31899",43,69625,6048110,4,2012,111,72.8765432098765,"Frost (Earl) Elementary",95123
"31900",43,69625,6048110,5,2012,31,48,"Frost (Earl) Elementary",95123
"31901",43,69625,6048110,5,2012,111,81.2761194029851,"Frost (Earl) Elementary",95123
"31902",43,69625,6048110,6,2012,31,46,"Frost (Earl) Elementary",95123
"31903",43,69625,6048110,6,2012,111,66.3055555555556,"Frost (Earl) Elementary",95123
"31904",43,69625,6048110,7,2012,111,73,"Frost (Earl) Elementary",95123
"31905",43,69625,6048128,2,2012,31,38.9622641509434,"Edenvale Elementary",95111
"31906",43,69625,6048128,3,2012,31,39.5804195804196,"Edenvale Elementary",95111
"31907",43,69625,6048128,4,2012,31,61.504,"Edenvale Elementary",95111
"31908",43,69625,6048128,5,2012,31,43.3333333333333,"Edenvale Elementary",95111
"31909",43,69625,6048128,6,2012,31,36.5,"Edenvale Elementary",95111
"31910",43,69625,6048177,2,2012,31,43.5,"Stipe (Samuel) Elementary",95111
"31911",43,69625,6048177,3,2012,31,47.78125,"Stipe (Samuel) Elementary",95111
"31912",43,69625,6048177,3,2012,111,87.1818181818182,"Stipe (Samuel) Elementary",95111
"31913",43,69625,6048177,4,2012,31,58.025641025641,"Stipe (Samuel) Elementary",95111
"31914",43,69625,6048177,5,2012,31,26.4671532846715,"Stipe (Samuel) Elementary",95111
"31915",43,69625,6048177,5,2012,111,48.3333333333333,"Stipe (Samuel) Elementary",95111
"31916",43,69625,6048177,6,2012,31,32.9491525423729,"Stipe (Samuel) Elementary",95111
"31917",43,69625,6048177,6,2012,111,48.3548387096774,"Stipe (Samuel) Elementary",95111
"31918",43,69625,6067243,2,2012,31,76.9587628865979,"Santa Teresa Elementary",95119
"31919",43,69625,6067243,2,2012,111,85.5,"Santa Teresa Elementary",95119
"31920",43,69625,6067243,3,2012,31,69,"Santa Teresa Elementary",95119
"31921",43,69625,6067243,3,2012,111,79,"Santa Teresa Elementary",95119
"31922",43,69625,6067243,4,2012,31,63,"Santa Teresa Elementary",95119
"31923",43,69625,6067243,4,2012,111,89.5,"Santa Teresa Elementary",95119
"31924",43,69625,6067243,5,2012,31,68,"Santa Teresa Elementary",95119
"31925",43,69625,6067243,5,2012,111,78,"Santa Teresa Elementary",95119
"31926",43,69625,6067243,6,2012,31,70.5,"Santa Teresa Elementary",95119
"31927",43,69625,6067243,6,2012,111,82,"Santa Teresa Elementary",95119
"31928",43,69625,6068167,5,2012,111,87.3333333333333,"Herman (Leonard) Intermediate",95123
"31929",43,69625,6068167,6,2012,31,36,"Herman (Leonard) Intermediate",95123
"31930",43,69625,6068167,6,2012,111,85,"Herman (Leonard) Intermediate",95123
"31931",43,69625,6068167,7,2012,31,43.0338983050847,"Herman (Leonard) Intermediate",95123
"31932",43,69625,6068167,7,2012,111,71.7889182058047,"Herman (Leonard) Intermediate",95123
"31933",43,69625,6068167,8,2012,31,41.9281345565749,"Herman (Leonard) Intermediate",95123
"31934",43,69625,6068167,8,2012,111,68.1819184123484,"Herman (Leonard) Intermediate",95123
"31935",43,69625,6072144,2,2012,31,70,"Sakamoto Elementary",95123
"31936",43,69625,6072144,2,2012,111,83.5,"Sakamoto Elementary",95123
"31937",43,69625,6072144,3,2012,31,66.5,"Sakamoto Elementary",95123
"31938",43,69625,6072144,3,2012,111,84.5,"Sakamoto Elementary",95123
"31939",43,69625,6072144,4,2012,31,70,"Sakamoto Elementary",95123
"31940",43,69625,6072144,4,2012,111,90.5,"Sakamoto Elementary",95123
"31941",43,69625,6072144,5,2012,31,46.3333333333333,"Sakamoto Elementary",95123
"31942",43,69625,6072144,5,2012,111,74.2932330827068,"Sakamoto Elementary",95123
"31943",43,69625,6072151,2,2012,31,52.5,"Del Roble Elementary",95123
"31944",43,69625,6072151,2,2012,111,81.5,"Del Roble Elementary",95123
"31945",43,69625,6072151,3,2012,31,44.5,"Del Roble Elementary",95123
"31946",43,69625,6072151,3,2012,111,56,"Del Roble Elementary",95123
"31947",43,69625,6072151,4,2012,31,49.0222222222222,"Del Roble Elementary",95123
"31948",43,69625,6072151,4,2012,111,51.5,"Del Roble Elementary",95123
"31949",43,69625,6072151,5,2012,31,31.0769230769231,"Del Roble Elementary",95123
"31950",43,69625,6072151,5,2012,111,47.6666666666667,"Del Roble Elementary",95123
"31951",43,69625,6072151,6,2012,31,34.5142857142857,"Del Roble Elementary",95123
"31952",43,69625,6072151,6,2012,111,81,"Del Roble Elementary",95123
"31953",43,69625,6072177,7,2012,31,46.956204379562,"Bernal Intermediate",95119
"31954",43,69625,6072177,7,2012,111,82.1448412698413,"Bernal Intermediate",95119
"31955",43,69625,6072177,8,2012,31,55.9410745233969,"Bernal Intermediate",95119
"31956",43,69625,6072177,8,2012,111,73.9640077821012,"Bernal Intermediate",95119
"31957",43,69625,6088306,2,2012,31,57,"Oak Ridge Elementary",95123
"31958",43,69625,6088306,2,2012,111,77,"Oak Ridge Elementary",95123
"31959",43,69625,6088306,3,2012,31,70.5,"Oak Ridge Elementary",95123
"31960",43,69625,6088306,3,2012,111,72,"Oak Ridge Elementary",95123
"31961",43,69625,6088306,4,2012,31,67.1836734693878,"Oak Ridge Elementary",95123
"31962",43,69625,6088306,4,2012,111,80,"Oak Ridge Elementary",95123
"31963",43,69625,6088306,5,2012,31,45.328125,"Oak Ridge Elementary",95123
"31964",43,69625,6088306,5,2012,111,80,"Oak Ridge Elementary",95123
"31965",43,69625,6088306,6,2012,31,44,"Oak Ridge Elementary",95123
"31966",43,69625,6088306,6,2012,111,68,"Oak Ridge Elementary",95123
"31967",43,69625,6093066,2,2012,31,66,"Parkview Elementary",95136
"31968",43,69625,6093066,2,2012,111,82,"Parkview Elementary",95136
"31969",43,69625,6093066,3,2012,31,49,"Parkview Elementary",95136
"31970",43,69625,6093066,3,2012,111,74.5,"Parkview Elementary",95136
"31971",43,69625,6093066,4,2012,31,64,"Parkview Elementary",95136
"31972",43,69625,6093066,4,2012,111,85,"Parkview Elementary",95136
"31973",43,69625,6093066,5,2012,31,35.2571428571429,"Parkview Elementary",95136
"31974",43,69625,6093066,5,2012,111,70,"Parkview Elementary",95136
"31975",43,69625,6093066,6,2012,31,49.5,"Parkview Elementary",95136
"31976",43,69625,6093066,6,2012,111,70.5,"Parkview Elementary",95136
"31977",43,69625,6095400,2,2012,31,46,"Baldwin (Julia) Elementary",95119
"31978",43,69625,6095400,2,2012,111,64,"Baldwin (Julia) Elementary",95119
"31979",43,69625,6095400,3,2012,31,59.641975308642,"Baldwin (Julia) Elementary",95119
"31980",43,69625,6095400,3,2012,111,77.5,"Baldwin (Julia) Elementary",95119
"31981",43,69625,6095400,4,2012,31,76.5,"Baldwin (Julia) Elementary",95119
"31982",43,69625,6095400,4,2012,111,86.5111111111111,"Baldwin (Julia) Elementary",95119
"31983",43,69625,6095400,5,2012,31,25.9423076923077,"Baldwin (Julia) Elementary",95119
"31984",43,69625,6095400,5,2012,111,56.6666666666667,"Baldwin (Julia) Elementary",95119
"31985",43,69625,6095400,6,2012,31,46.6,"Baldwin (Julia) Elementary",95119
"31986",43,69625,6095400,6,2012,111,64,"Baldwin (Julia) Elementary",95119
"31987",43,69625,6097430,2,2012,31,50,"Taylor (Bertha) Elementary",95123
"31988",43,69625,6097430,2,2012,111,89,"Taylor (Bertha) Elementary",95123
"31989",43,69625,6097430,3,2012,31,45.5652173913044,"Taylor (Bertha) Elementary",95123
"31990",43,69625,6097430,3,2012,111,83.5223880597015,"Taylor (Bertha) Elementary",95123
"31991",43,69625,6097430,4,2012,31,56.4782608695652,"Taylor (Bertha) Elementary",95123
"31992",43,69625,6097430,4,2012,111,87.9808917197452,"Taylor (Bertha) Elementary",95123
"31993",43,69625,6097430,5,2012,31,45.3333333333333,"Taylor (Bertha) Elementary",95123
"31994",43,69625,6097430,5,2012,111,76.3333333333333,"Taylor (Bertha) Elementary",95123
"31995",43,69625,6097430,6,2012,31,47,"Taylor (Bertha) Elementary",95123
"31996",43,69625,6097430,6,2012,111,79.5,"Taylor (Bertha) Elementary",95123
"31997",43,69625,6099451,2,2012,31,59.5,"Hayes Elementary",95136
"31998",43,69625,6099451,2,2012,111,84,"Hayes Elementary",95136
"31999",43,69625,6099451,3,2012,31,49.4210526315789,"Hayes Elementary",95136
"32000",43,69625,6099451,3,2012,111,76.5353535353535,"Hayes Elementary",95136
"32001",43,69625,6099451,4,2012,31,66.8904109589041,"Hayes Elementary",95136
"32002",43,69625,6099451,4,2012,111,73.5,"Hayes Elementary",95136
"32003",43,69625,6099451,5,2012,31,47.96,"Hayes Elementary",95136
"32004",43,69625,6099451,5,2012,111,75.6475409836066,"Hayes Elementary",95136
"32005",43,69625,6099451,6,2012,31,49.0980392156863,"Hayes Elementary",95136
"32006",43,69625,6099451,6,2012,111,76.5714285714286,"Hayes Elementary",95136
"32007",43,69625,6116081,2,2012,31,59,"Ledesma (Rita) Elementary",95138
"32008",43,69625,6116081,2,2012,111,91,"Ledesma (Rita) Elementary",95138
"32009",43,69625,6116081,3,2012,31,57,"Ledesma (Rita) Elementary",95138
"32010",43,69625,6116081,3,2012,111,84,"Ledesma (Rita) Elementary",95138
"32011",43,69625,6116081,4,2012,31,66,"Ledesma (Rita) Elementary",95138
"32012",43,69625,6116081,4,2012,111,91,"Ledesma (Rita) Elementary",95138
"32013",43,69625,6116081,5,2012,31,29.6,"Ledesma (Rita) Elementary",95138
"32014",43,69625,6116081,5,2012,111,74.3333333333333,"Ledesma (Rita) Elementary",95138
"32015",43,69625,6116081,6,2012,31,44,"Ledesma (Rita) Elementary",95138
"32016",43,69625,6116081,6,2012,111,77,"Ledesma (Rita) Elementary",95138
"32017",43,69633,6048185,2,2012,111,78.4861878453039,"Orchard Elementary",95131
"32018",43,69633,6048185,3,2012,111,55.5,"Orchard Elementary",95131
"32019",43,69633,6048185,4,2012,31,68,"Orchard Elementary",95131
"32020",43,69633,6048185,4,2012,111,58.5,"Orchard Elementary",95131
"32021",43,69633,6048185,5,2012,111,46.6666666666667,"Orchard Elementary",95131
"32022",43,69633,6048185,6,2012,111,50.0503144654088,"Orchard Elementary",95131
"32023",43,69633,6048185,7,2012,31,42,"Orchard Elementary",95131
"32024",43,69633,6048185,7,2012,111,63.5,"Orchard Elementary",95131
"32025",43,69633,6048185,8,2012,111,56.6584507042254,"Orchard Elementary",95131
"32026",43,69641,4335782,9,2012,31,32.5485436893204,"Palo Alto High",94301
"32027",43,69641,4335782,9,2012,111,86.0029446407538,"Palo Alto High",94301
"32028",43,69641,4335782,10,2012,31,34.5428571428571,"Palo Alto High",94301
"32029",43,69641,4335782,10,2012,111,84.8702633269107,"Palo Alto High",94301
"32030",43,69641,4335782,11,2012,31,28.6714285714286,"Palo Alto High",94301
"32031",43,69641,4335782,11,2012,111,80.3974719101124,"Palo Alto High",94301
"32032",43,69641,6048193,2,2012,31,50,"Addison Elementary",94301
"32033",43,69641,6048193,2,2012,111,94.4869565217391,"Addison Elementary",94301
"32034",43,69641,6048193,3,2012,111,82.0740740740741,"Addison Elementary",94301
"32035",43,69641,6048193,4,2012,111,100,"Addison Elementary",94301
"32036",43,69641,6048193,5,2012,111,95.6666666666667,"Addison Elementary",94301
"32037",43,69641,6048235,2,2012,111,87,"El Carmelo Elementary",94306
"32038",43,69641,6048235,3,2012,111,84,"El Carmelo Elementary",94306
"32039",43,69641,6048235,4,2012,111,98.5121951219512,"El Carmelo Elementary",94306
"32040",43,69641,6048235,5,2012,111,96,"El Carmelo Elementary",94306
"32041",43,69641,6048243,2,2012,111,85.5,"Ohlone Elementary",94303
"32042",43,69641,6048243,3,2012,111,81,"Ohlone Elementary",94303
"32043",43,69641,6048243,4,2012,111,86,"Ohlone Elementary",94303
"32044",43,69641,6048243,5,2012,111,89.0195121951219,"Ohlone Elementary",94303
"32045",43,69641,6048250,2,2012,31,71,"Escondido Elementary",94305
"32046",43,69641,6048250,2,2012,111,94.5,"Escondido Elementary",94305
"32047",43,69641,6048250,3,2012,31,55,"Escondido Elementary",94305
"32048",43,69641,6048250,3,2012,111,91.5,"Escondido Elementary",94305
"32049",43,69641,6048250,4,2012,31,82.6521739130435,"Escondido Elementary",94305
"32050",43,69641,6048250,4,2012,111,94.986577181208,"Escondido Elementary",94305
"32051",43,69641,6048250,5,2012,111,91.646511627907,"Escondido Elementary",94305
"32052",43,69641,6048268,2,2012,111,94,"Fairmeadow Elementary",94306
"32053",43,69641,6048268,3,2012,111,89,"Fairmeadow Elementary",94306
"32054",43,69641,6048268,4,2012,111,91,"Fairmeadow Elementary",94306
"32055",43,69641,6048268,5,2012,111,90.3333333333333,"Fairmeadow Elementary",94306
"32056",43,69641,6048292,2,2012,111,93,"Duveneck Elementary",94303
"32057",43,69641,6048292,3,2012,111,92.4971428571429,"Duveneck Elementary",94303
"32058",43,69641,6048292,4,2012,111,96,"Duveneck Elementary",94303
"32059",43,69641,6048292,5,2012,111,98.3345454545454,"Duveneck Elementary",94303
"32060",43,69641,6048359,2,2012,111,95,"Palo Verde Elementary",94303
"32061",43,69641,6048359,3,2012,111,82.5,"Palo Verde Elementary",94303
"32062",43,69641,6048359,4,2012,111,98.0074074074074,"Palo Verde Elementary",94303
"32063",43,69641,6048359,5,2012,111,95.3333333333333,"Palo Verde Elementary",94303
"32064",43,69641,6115562,2,2012,31,45.5,"Barron Park Elementary",94306
"32065",43,69641,6115562,2,2012,111,87,"Barron Park Elementary",94306
"32066",43,69641,6115562,3,2012,31,36.5,"Barron Park Elementary",94306
"32067",43,69641,6115562,3,2012,111,73.5,"Barron Park Elementary",94306
"32068",43,69641,6115562,4,2012,31,66.4074074074074,"Barron Park Elementary",94306
"32069",43,69641,6115562,4,2012,111,90,"Barron Park Elementary",94306
"32070",43,69641,6115562,5,2012,31,52.4626865671642,"Barron Park Elementary",94306
"32071",43,69641,6115562,5,2012,111,93,"Barron Park Elementary",94306
"32072",43,69666,124065,6,2012,31,18.5,"Sunrise Middle",95116
"32073",43,69666,124065,7,2012,31,25,"Sunrise Middle",95116
"32074",43,69666,124065,8,2012,31,14.75,"Sunrise Middle",95116
"32075",43,69666,4330080,9,2012,31,25.9473684210526,"Gunderson High",95136
"32076",43,69666,4330080,9,2012,111,52.3300330033003,"Gunderson High",95136
"32077",43,69666,4330080,10,2012,31,23.2530779753762,"Gunderson High",95136
"32078",43,69666,4330080,10,2012,111,44.6376306620209,"Gunderson High",95136
"32079",43,69666,4330080,11,2012,31,28.7960644007156,"Gunderson High",95136
"32080",43,69666,4330080,11,2012,111,39.2707692307692,"Gunderson High",95136
"32081",43,69666,4332110,11,2012,31,12.2222222222222,"Broadway High",95118
"32082",43,69666,4332110,11,2012,111,31,"Broadway High",95118
"32083",43,69666,4333522,9,2012,31,45.9101123595506,"Leland High",95120
"32084",43,69666,4333522,9,2012,111,84.3364806866953,"Leland High",95120
"32085",43,69666,4333522,10,2012,31,53.3172043010753,"Leland High",95120
"32086",43,69666,4333522,10,2012,111,75.8720078163166,"Leland High",95120
"32087",43,69666,4333522,11,2012,31,30.9230769230769,"Leland High",95120
"32088",43,69666,4333522,11,2012,111,78.8724637681159,"Leland High",95120
"32089",43,69666,4335949,9,2012,31,40.5549450549451,"Pioneer High",95118
"32090",43,69666,4335949,9,2012,111,67.6019070321812,"Pioneer High",95118
"32091",43,69666,4335949,10,2012,31,44.2870813397129,"Pioneer High",95118
"32092",43,69666,4335949,10,2012,111,68.4533045977011,"Pioneer High",95118
"32093",43,69666,4335949,11,2012,31,36.0172910662824,"Pioneer High",95118
"32094",43,69666,4335949,11,2012,111,62.9110535405872,"Pioneer High",95118
"32095",43,69666,4337200,9,2012,31,28.5551601423488,"San Jose High",95116
"32096",43,69666,4337200,9,2012,111,54.7058823529412,"San Jose High",95116
"32097",43,69666,4337200,10,2012,31,29.3907496012759,"San Jose High",95116
"32098",43,69666,4337200,10,2012,111,54.1635220125786,"San Jose High",95116
"32099",43,69666,4337200,11,2012,31,30.0771388499299,"San Jose High",95116
"32100",43,69666,4337200,11,2012,111,45.7062146892655,"San Jose High",95116
"32101",43,69666,4338950,9,2012,31,28.4178832116788,"Willow Glen High",95125
"32102",43,69666,4338950,9,2012,111,55.5749185667752,"Willow Glen High",95125
"32103",43,69666,4338950,10,2012,31,26.1715246636771,"Willow Glen High",95125
"32104",43,69666,4338950,10,2012,111,58.45,"Willow Glen High",95125
"32105",43,69666,4338950,11,2012,31,32.0595009596929,"Willow Glen High",95125
"32106",43,69666,4338950,11,2012,111,54.0471464019851,"Willow Glen High",95125
"32107",43,69666,6048417,2,2012,31,45.5,"Allen at Steinbeck",95123
"32108",43,69666,6048417,2,2012,111,65,"Allen at Steinbeck",95123
"32109",43,69666,6048417,3,2012,31,55.5,"Allen at Steinbeck",95123
"32110",43,69666,6048417,3,2012,111,64.5,"Allen at Steinbeck",95123
"32111",43,69666,6048417,4,2012,31,59,"Allen at Steinbeck",95123
"32112",43,69666,6048417,4,2012,111,79.5,"Allen at Steinbeck",95123
"32113",43,69666,6048417,5,2012,31,47.3333333333333,"Allen at Steinbeck",95123
"32114",43,69666,6048417,5,2012,111,71.6666666666667,"Allen at Steinbeck",95123
"32115",43,69666,6048417,6,2012,31,23.5,"Allen at Steinbeck",95123
"32116",43,69666,6048417,6,2012,111,56.5,"Allen at Steinbeck",95123
"32117",43,69666,6048417,7,2012,31,58,"Allen at Steinbeck",95123
"32118",43,69666,6048417,7,2012,111,63,"Allen at Steinbeck",95123
"32119",43,69666,6048417,8,2012,31,41.5,"Allen at Steinbeck",95123
"32120",43,69666,6048417,8,2012,111,50.25,"Allen at Steinbeck",95123
"32121",43,69666,6048425,2,2012,31,56.5,"Almaden Elementary",95118
"32122",43,69666,6048425,2,2012,111,66.5,"Almaden Elementary",95118
"32123",43,69666,6048425,3,2012,31,43.5,"Almaden Elementary",95118
"32124",43,69666,6048425,4,2012,31,49.625,"Almaden Elementary",95118
"32125",43,69666,6048425,4,2012,111,70,"Almaden Elementary",95118
"32126",43,69666,6048425,5,2012,31,43.3333333333333,"Almaden Elementary",95118
"32127",43,69666,6048474,2,2012,31,64,"Booksin Elementary",95125
"32128",43,69666,6048474,2,2012,111,82,"Booksin Elementary",95125
"32129",43,69666,6048474,3,2012,31,70.8148148148148,"Booksin Elementary",95125
"32130",43,69666,6048474,3,2012,111,80,"Booksin Elementary",95125
"32131",43,69666,6048474,4,2012,31,88.5,"Booksin Elementary",95125
"32132",43,69666,6048474,4,2012,111,99.4976076555024,"Booksin Elementary",95125
"32133",43,69666,6048474,5,2012,31,76,"Booksin Elementary",95125
"32134",43,69666,6048474,5,2012,111,93.3333333333333,"Booksin Elementary",95125
"32135",43,69666,6048490,2,2012,31,25.5,"Canoas Elementary",95125
"32136",43,69666,6048490,2,2012,111,64.5,"Canoas Elementary",95125
"32137",43,69666,6048490,3,2012,31,38.5,"Canoas Elementary",95125
"32138",43,69666,6048490,3,2012,111,91,"Canoas Elementary",95125
"32139",43,69666,6048490,4,2012,31,57.5,"Canoas Elementary",95125
"32140",43,69666,6048490,4,2012,111,86,"Canoas Elementary",95125
"32141",43,69666,6048490,5,2012,31,38.6441717791411,"Canoas Elementary",95125
"32142",43,69666,6048516,2,2012,31,26.5,"Empire Gardens Elementary",95112
"32143",43,69666,6048516,3,2012,31,21.4095238095238,"Empire Gardens Elementary",95112
"32144",43,69666,6048516,4,2012,31,45.5,"Empire Gardens Elementary",95112
"32145",43,69666,6048516,5,2012,31,26.3742331288344,"Empire Gardens Elementary",95112
"32146",43,69666,6048532,2,2012,31,29.9689440993789,"Gardner Elementary",95125
"32147",43,69666,6048532,2,2012,111,50,"Gardner Elementary",95125
"32148",43,69666,6048532,3,2012,31,43.5,"Gardner Elementary",95125
"32149",43,69666,6048532,3,2012,111,68.5,"Gardner Elementary",95125
"32150",43,69666,6048532,4,2012,31,51.5393939393939,"Gardner Elementary",95125
"32151",43,69666,6048532,4,2012,111,46,"Gardner Elementary",95125
"32152",43,69666,6048532,5,2012,31,35.4285714285714,"Gardner Elementary",95125
"32153",43,69666,6048532,5,2012,111,57.6666666666667,"Gardner Elementary",95125
"32154",43,69666,6048540,2,2012,31,37,"Grant Elementary",95112
"32155",43,69666,6048540,3,2012,31,41.5,"Grant Elementary",95112
"32156",43,69666,6048540,4,2012,31,62,"Grant Elementary",95112
"32157",43,69666,6048540,5,2012,31,33.3333333333333,"Grant Elementary",95112
"32158",43,69666,6048649,2,2012,31,56,"Lowell Elementary",95112
"32159",43,69666,6048649,3,2012,31,43.5,"Lowell Elementary",95112
"32160",43,69666,6048649,4,2012,31,64.3663366336634,"Lowell Elementary",95112
"32161",43,69666,6048649,5,2012,31,60.6666666666667,"Lowell Elementary",95112
"32162",43,69666,6048664,2,2012,31,53.5,"Reed Elementary",95118
"32163",43,69666,6048664,2,2012,111,80,"Reed Elementary",95118
"32164",43,69666,6048664,3,2012,31,29.5,"Reed Elementary",95118
"32165",43,69666,6048664,3,2012,111,73.8865979381443,"Reed Elementary",95118
"32166",43,69666,6048664,4,2012,31,51.6285714285714,"Reed Elementary",95118
"32167",43,69666,6048664,4,2012,111,86.5,"Reed Elementary",95118
"32168",43,69666,6048664,5,2012,31,40,"Reed Elementary",95118
"32169",43,69666,6048664,5,2012,111,83.6666666666667,"Reed Elementary",95118
"32170",43,69666,6048672,2,2012,31,46,"River Glen",95125
"32171",43,69666,6048672,2,2012,111,71.5,"River Glen",95125
"32172",43,69666,6048672,3,2012,31,47.5,"River Glen",95125
"32173",43,69666,6048672,3,2012,111,78,"River Glen",95125
"32174",43,69666,6048672,4,2012,31,65,"River Glen",95125
"32175",43,69666,6048672,4,2012,111,79.5,"River Glen",95125
"32176",43,69666,6048672,5,2012,31,51.6666666666667,"River Glen",95125
"32177",43,69666,6048672,5,2012,111,77.3333333333333,"River Glen",95125
"32178",43,69666,6048672,6,2012,31,50,"River Glen",95125
"32179",43,69666,6048672,6,2012,111,74,"River Glen",95125
"32180",43,69666,6048672,7,2012,31,58.5625,"River Glen",95125
"32181",43,69666,6048672,7,2012,111,93,"River Glen",95125
"32182",43,69666,6048672,8,2012,31,43.6448598130841,"River Glen",95125
"32183",43,69666,6048672,8,2012,111,71,"River Glen",95125
"32184",43,69666,6048680,2,2012,31,45.5,"Schallenberger Elementary",95125
"32185",43,69666,6048680,2,2012,111,73.5271317829457,"Schallenberger Elementary",95125
"32186",43,69666,6048680,3,2012,31,53.5,"Schallenberger Elementary",95125
"32187",43,69666,6048680,3,2012,111,80,"Schallenberger Elementary",95125
"32188",43,69666,6048680,4,2012,31,60.9295774647887,"Schallenberger Elementary",95125
"32189",43,69666,6048680,4,2012,111,76.4592592592593,"Schallenberger Elementary",95125
"32190",43,69666,6048680,5,2012,31,59.3333333333333,"Schallenberger Elementary",95125
"32191",43,69666,6048680,5,2012,111,77.3333333333333,"Schallenberger Elementary",95125
"32192",43,69666,6048706,2,2012,111,92.5020576131687,"Simonds Elementary",95120
"32193",43,69666,6048706,3,2012,111,91,"Simonds Elementary",95120
"32194",43,69666,6048706,4,2012,111,98,"Simonds Elementary",95120
"32195",43,69666,6048706,5,2012,111,92.9951219512195,"Simonds Elementary",95120
"32196",43,69666,6048714,2,2012,31,51,"Terrell Elementary",95136
"32197",43,69666,6048714,2,2012,111,80.5,"Terrell Elementary",95136
"32198",43,69666,6048714,3,2012,31,52.5,"Terrell Elementary",95136
"32199",43,69666,6048714,3,2012,111,64.8923076923077,"Terrell Elementary",95136
"32200",43,69666,6048714,4,2012,31,55,"Terrell Elementary",95136
"32201",43,69666,6048714,4,2012,111,80,"Terrell Elementary",95136
"32202",43,69666,6048714,5,2012,31,59.6666666666667,"Terrell Elementary",95136
"32203",43,69666,6048714,5,2012,111,66.6666666666667,"Terrell Elementary",95136
"32204",43,69666,6048748,2,2012,31,52.5,"Washington Elementary",95110
"32205",43,69666,6048748,3,2012,31,58,"Washington Elementary",95110
"32206",43,69666,6048748,4,2012,31,58.5,"Washington Elementary",95110
"32207",43,69666,6048748,5,2012,31,44.3333333333333,"Washington Elementary",95110
"32208",43,69666,6048755,2,2012,111,93,"Williams Elementary",95120
"32209",43,69666,6048755,3,2012,111,89.5,"Williams Elementary",95120
"32210",43,69666,6048755,4,2012,111,91.9966777408638,"Williams Elementary",95120
"32211",43,69666,6048755,5,2012,111,94,"Williams Elementary",95120
"32212",43,69666,6048763,2,2012,31,56.5,"Willow Glen Elementary",95125
"32213",43,69666,6048763,2,2012,111,84,"Willow Glen Elementary",95125
"32214",43,69666,6048763,3,2012,31,58,"Willow Glen Elementary",95125
"32215",43,69666,6048763,3,2012,111,86,"Willow Glen Elementary",95125
"32216",43,69666,6048763,4,2012,31,58,"Willow Glen Elementary",95125
"32217",43,69666,6048763,4,2012,111,90,"Willow Glen Elementary",95125
"32218",43,69666,6048763,5,2012,31,63,"Willow Glen Elementary",95125
"32219",43,69666,6048763,5,2012,111,92.3333333333333,"Willow Glen Elementary",95125
"32220",43,69666,6060107,6,2012,31,35.4766355140187,"Willow Glen Middle",95125
"32221",43,69666,6060107,6,2012,111,78,"Willow Glen Middle",95125
"32222",43,69666,6060107,7,2012,31,42.8715083798883,"Willow Glen Middle",95125
"32223",43,69666,6060107,7,2012,111,72.6923076923077,"Willow Glen Middle",95125
"32224",43,69666,6060107,8,2012,31,34.2906530089629,"Willow Glen Middle",95125
"32225",43,69666,6060107,8,2012,111,71.5649935649936,"Willow Glen Middle",95125
"32226",43,69666,6093074,2,2012,31,53.5,"Los Alamitos Elementary",95120
"32227",43,69666,6093074,2,2012,111,93,"Los Alamitos Elementary",95120
"32228",43,69666,6093074,3,2012,111,92,"Los Alamitos Elementary",95120
"32229",43,69666,6093074,4,2012,31,57,"Los Alamitos Elementary",95120
"32230",43,69666,6093074,4,2012,111,94.0173913043478,"Los Alamitos Elementary",95120
"32231",43,69666,6093074,5,2012,31,43,"Los Alamitos Elementary",95120
"32232",43,69666,6093074,5,2012,111,85.3333333333333,"Los Alamitos Elementary",95120
"32233",43,69666,6093082,2,2012,31,73,"Graystone Elementary",95120
"32234",43,69666,6093082,2,2012,111,96,"Graystone Elementary",95120
"32235",43,69666,6093082,3,2012,111,85.5,"Graystone Elementary",95120
"32236",43,69666,6093082,4,2012,111,89.5019920318725,"Graystone Elementary",95120
"32237",43,69666,6093082,5,2012,111,92.3227383863081,"Graystone Elementary",95120
"32238",43,69666,6095418,6,2012,31,35.4444444444444,"Castillero Middle",95120
"32239",43,69666,6095418,6,2012,111,76,"Castillero Middle",95120
"32240",43,69666,6095418,7,2012,31,40.53,"Castillero Middle",95120
"32241",43,69666,6095418,7,2012,111,87.0038461538462,"Castillero Middle",95120
"32242",43,69666,6095418,8,2012,31,30.8392036753446,"Castillero Middle",95120
"32243",43,69666,6095418,8,2012,111,70.4179841897233,"Castillero Middle",95120
"32244",43,69674,4330122,9,2012,31,39.2613827993255,"Santa Clara High",95051
"32245",43,69674,4330122,9,2012,111,56.5110821382008,"Santa Clara High",95051
"32246",43,69674,4330122,10,2012,31,36.2898009950249,"Santa Clara High",95051
"32247",43,69674,4330122,10,2012,111,53.5957820738137,"Santa Clara High",95051
"32248",43,69674,4330122,11,2012,31,33.8653846153846,"Santa Clara High",95051
"32249",43,69674,4330122,11,2012,111,51.1255707762557,"Santa Clara High",95051
"32250",43,69674,4330247,9,2012,31,7.18181818181818,"Wilson Alternative",95050
"32251",43,69674,4330247,10,2012,31,3.29896907216495,"Wilson Alternative",95050
"32252",43,69674,4330247,10,2012,111,21.2978723404255,"Wilson Alternative",95050
"32253",43,69674,6048797,2,2012,31,34,"Bowers Elementary",95051
"32254",43,69674,6048797,2,2012,111,69,"Bowers Elementary",95051
"32255",43,69674,6048797,3,2012,31,44.7611940298507,"Bowers Elementary",95051
"32256",43,69674,6048797,3,2012,111,68.1489361702128,"Bowers Elementary",95051
"32257",43,69674,6048797,4,2012,31,50,"Bowers Elementary",95051
"32258",43,69674,6048797,4,2012,111,66.5,"Bowers Elementary",95051
"32259",43,69674,6048797,5,2012,31,47.0224719101124,"Bowers Elementary",95051
"32260",43,69674,6048797,5,2012,111,81.7462686567164,"Bowers Elementary",95051
"32261",43,69674,6048805,2,2012,31,65,"Bracher Elementary",95051
"32262",43,69674,6048805,2,2012,111,82.5,"Bracher Elementary",95051
"32263",43,69674,6048805,3,2012,31,73,"Bracher Elementary",95051
"32264",43,69674,6048805,3,2012,111,84,"Bracher Elementary",95051
"32265",43,69674,6048805,4,2012,31,89.5,"Bracher Elementary",95051
"32266",43,69674,6048805,4,2012,111,90,"Bracher Elementary",95051
"32267",43,69674,6048805,5,2012,31,55.6666666666667,"Bracher Elementary",95051
"32268",43,69674,6048805,5,2012,111,84.3333333333333,"Bracher Elementary",95051
"32269",43,69674,6048813,2,2012,31,30.5,"Braly Elementary",94086
"32270",43,69674,6048813,2,2012,111,73.5,"Braly Elementary",94086
"32271",43,69674,6048813,3,2012,31,20,"Braly Elementary",94086
"32272",43,69674,6048813,3,2012,111,62.5,"Braly Elementary",94086
"32273",43,69674,6048813,4,2012,31,46.2432432432432,"Braly Elementary",94086
"32274",43,69674,6048813,4,2012,111,86,"Braly Elementary",94086
"32275",43,69674,6048813,5,2012,31,64.6666666666667,"Braly Elementary",94086
"32276",43,69674,6048813,5,2012,111,88.675,"Braly Elementary",94086
"32277",43,69674,6048821,2,2012,31,33.5,"Briarwood Elementary",95051
"32278",43,69674,6048821,2,2012,111,59,"Briarwood Elementary",95051
"32279",43,69674,6048821,3,2012,31,43.8356164383562,"Briarwood Elementary",95051
"32280",43,69674,6048821,3,2012,111,60.2641509433962,"Briarwood Elementary",95051
"32281",43,69674,6048821,4,2012,31,59.9454545454545,"Briarwood Elementary",95051
"32282",43,69674,6048821,4,2012,111,67.5135135135135,"Briarwood Elementary",95051
"32283",43,69674,6048821,5,2012,31,52.5981308411215,"Briarwood Elementary",95051
"32284",43,69674,6048821,5,2012,111,86.6666666666667,"Briarwood Elementary",95051
"32285",43,69674,6048904,2,2012,31,50,"Laurelwood Elementary",95051
"32286",43,69674,6048904,2,2012,111,89.5,"Laurelwood Elementary",95051
"32287",43,69674,6048904,3,2012,31,50,"Laurelwood Elementary",95051
"32288",43,69674,6048904,3,2012,111,87.5408805031446,"Laurelwood Elementary",95051
"32289",43,69674,6048904,4,2012,111,87.5,"Laurelwood Elementary",95051
"32290",43,69674,6048904,5,2012,31,66.6666666666667,"Laurelwood Elementary",95051
"32291",43,69674,6048904,5,2012,111,89,"Laurelwood Elementary",95051
"32292",43,69674,6048920,2,2012,111,98,"Millikin Elementary",95051
"32293",43,69674,6048920,3,2012,111,99,"Millikin Elementary",95051
"32294",43,69674,6048920,4,2012,111,98.991452991453,"Millikin Elementary",95051
"32295",43,69674,6048920,5,2012,111,100,"Millikin Elementary",95051
"32296",43,69674,6048938,2,2012,31,51,"Montague Elementary",95054
"32297",43,69674,6048938,2,2012,111,88,"Montague Elementary",95054
"32298",43,69674,6048938,3,2012,31,32.6730769230769,"Montague Elementary",95054
"32299",43,69674,6048938,3,2012,111,53,"Montague Elementary",95054
"32300",43,69674,6048938,4,2012,31,53.4153846153846,"Montague Elementary",95054
"32301",43,69674,6048938,4,2012,111,78.5,"Montague Elementary",95054
"32302",43,69674,6048938,5,2012,31,40.5945945945946,"Montague Elementary",95054
"32303",43,69674,6048938,5,2012,111,59.9636363636364,"Montague Elementary",95054
"32304",43,69674,6048987,2,2012,31,45,"Pomeroy Elementary",95051
"32305",43,69674,6048987,2,2012,111,61,"Pomeroy Elementary",95051
"32306",43,69674,6048987,3,2012,31,47,"Pomeroy Elementary",95051
"32307",43,69674,6048987,3,2012,111,72.5,"Pomeroy Elementary",95051
"32308",43,69674,6048987,4,2012,31,71.0645161290323,"Pomeroy Elementary",95051
"32309",43,69674,6048987,4,2012,111,81.5,"Pomeroy Elementary",95051
"32310",43,69674,6048987,5,2012,31,60.0265486725664,"Pomeroy Elementary",95051
"32311",43,69674,6048987,5,2012,111,83.3333333333333,"Pomeroy Elementary",95051
"32312",43,69674,6048995,2,2012,31,30,"Ponderosa Elementary",94086
"32313",43,69674,6048995,2,2012,111,82.5,"Ponderosa Elementary",94086
"32314",43,69674,6048995,3,2012,31,34.5,"Ponderosa Elementary",94086
"32315",43,69674,6048995,3,2012,111,77.0683760683761,"Ponderosa Elementary",94086
"32316",43,69674,6048995,4,2012,31,65.5,"Ponderosa Elementary",94086
"32317",43,69674,6048995,4,2012,111,88.019801980198,"Ponderosa Elementary",94086
"32318",43,69674,6048995,5,2012,31,71.6666666666667,"Ponderosa Elementary",94086
"32319",43,69674,6048995,5,2012,111,95,"Ponderosa Elementary",94086
"32320",43,69674,6049019,2,2012,31,41.9370629370629,"Scott Lane Elementary",95050
"32321",43,69674,6049019,3,2012,31,40.5,"Scott Lane Elementary",95050
"32322",43,69674,6049019,3,2012,111,64,"Scott Lane Elementary",95050
"32323",43,69674,6049019,4,2012,31,73.0598290598291,"Scott Lane Elementary",95050
"32324",43,69674,6049019,4,2012,111,81,"Scott Lane Elementary",95050
"32325",43,69674,6049019,5,2012,31,41,"Scott Lane Elementary",95050
"32326",43,69674,6049027,2,2012,111,83,"Sutter Elementary",95051
"32327",43,69674,6049027,3,2012,31,68.0322580645161,"Sutter Elementary",95051
"32328",43,69674,6049027,3,2012,111,88,"Sutter Elementary",95051
"32329",43,69674,6049027,4,2012,111,92.9397590361446,"Sutter Elementary",95051
"32330",43,69674,6049027,5,2012,31,55.9705882352941,"Sutter Elementary",95051
"32331",43,69674,6049027,5,2012,111,70,"Sutter Elementary",95051
"32332",43,69674,6049043,2,2012,31,43.5,"Westwood Elementary",95050
"32333",43,69674,6049043,2,2012,111,80,"Westwood Elementary",95050
"32334",43,69674,6049043,3,2012,31,57.5,"Westwood Elementary",95050
"32335",43,69674,6049043,3,2012,111,68,"Westwood Elementary",95050
"32336",43,69674,6049043,4,2012,31,60.0181818181818,"Westwood Elementary",95050
"32337",43,69674,6049043,4,2012,111,79.038961038961,"Westwood Elementary",95050
"32338",43,69674,6049043,5,2012,31,43.6702127659574,"Westwood Elementary",95050
"32339",43,69674,6049043,5,2012,111,68.2886597938144,"Westwood Elementary",95050
"32340",43,69674,6101752,6,2012,31,42.4805653710247,"Buchser Middle",95050
"32341",43,69674,6101752,6,2012,111,75.4512987012987,"Buchser Middle",95050
"32342",43,69674,6101752,7,2012,31,49.046511627907,"Buchser Middle",95050
"32343",43,69674,6101752,7,2012,111,67.4489795918367,"Buchser Middle",95050
"32344",43,69674,6101752,8,2012,31,45.9184060721063,"Buchser Middle",95050
"32345",43,69674,6101752,8,2012,111,74.7572815533981,"Buchser Middle",95050
"32346",43,69682,6049068,2,2012,111,90,"Argonaut Elementary",95070
"32347",43,69682,6049068,3,2012,111,92,"Argonaut Elementary",95070
"32348",43,69682,6049068,4,2012,111,95.5,"Argonaut Elementary",95070
"32349",43,69682,6049068,5,2012,111,98.6590909090909,"Argonaut Elementary",95070
"32350",43,69682,6049084,2,2012,111,77,"Foothill Elementary",95070
"32351",43,69682,6049084,3,2012,111,87,"Foothill Elementary",95070
"32352",43,69682,6049084,4,2012,111,95.5,"Foothill Elementary",95070
"32353",43,69682,6049084,5,2012,111,95.6572769953052,"Foothill Elementary",95070
"32354",43,69682,6049092,6,2012,111,93.5,"Redwood Middle",95070
"32355",43,69682,6049092,7,2012,111,93.6568265682657,"Redwood Middle",95070
"32356",43,69682,6049092,8,2012,111,93.8661679135495,"Redwood Middle",95070
"32357",43,69682,6049100,2,2012,111,88.5,"Saratoga Elementary",95070
"32358",43,69682,6049100,3,2012,111,84.6,"Saratoga Elementary",95070
"32359",43,69682,6049100,4,2012,111,98,"Saratoga Elementary",95070
"32360",43,69682,6049100,5,2012,111,96.3052208835341,"Saratoga Elementary",95070
"32361",43,69690,6049142,2,2012,31,58.5,"Bishop Elementary",94085
"32362",43,69690,6049142,2,2012,111,88.5,"Bishop Elementary",94085
"32363",43,69690,6049142,3,2012,31,50.5,"Bishop Elementary",94085
"32364",43,69690,6049142,3,2012,111,88,"Bishop Elementary",94085
"32365",43,69690,6049142,4,2012,31,51.5283018867925,"Bishop Elementary",94085
"32366",43,69690,6049142,4,2012,111,93,"Bishop Elementary",94085
"32367",43,69690,6049142,5,2012,31,41.3294797687861,"Bishop Elementary",94085
"32368",43,69690,6049142,5,2012,111,69,"Bishop Elementary",94085
"32369",43,69690,6049159,2,2012,31,27.4427480916031,"Vargas Elementary",94086
"32370",43,69690,6049159,2,2012,111,60,"Vargas Elementary",94086
"32371",43,69690,6049159,3,2012,31,42.5,"Vargas Elementary",94086
"32372",43,69690,6049159,3,2012,111,70.1914893617021,"Vargas Elementary",94086
"32373",43,69690,6049159,4,2012,31,51.5,"Vargas Elementary",94086
"32374",43,69690,6049159,4,2012,111,73.5,"Vargas Elementary",94086
"32375",43,69690,6049159,5,2012,31,35.6666666666667,"Vargas Elementary",94086
"32376",43,69690,6049159,5,2012,111,83.3333333333333,"Vargas Elementary",94086
"32377",43,69690,6049167,2,2012,31,52.5,"Cherry Chase Elementary",94087
"32378",43,69690,6049167,2,2012,111,95.5,"Cherry Chase Elementary",94087
"32379",43,69690,6049167,3,2012,111,93,"Cherry Chase Elementary",94087
"32380",43,69690,6049167,4,2012,111,86.9915254237288,"Cherry Chase Elementary",94087
"32381",43,69690,6049167,5,2012,31,51.7428571428571,"Cherry Chase Elementary",94087
"32382",43,69690,6049167,5,2012,111,88,"Cherry Chase Elementary",94087
"32383",43,69690,6049175,2,2012,31,44,"Cumberland Elementary",94087
"32384",43,69690,6049175,2,2012,111,89.9837837837838,"Cumberland Elementary",94087
"32385",43,69690,6049175,3,2012,111,90.5074626865672,"Cumberland Elementary",94087
"32386",43,69690,6049175,4,2012,31,57.4571428571429,"Cumberland Elementary",94087
"32387",43,69690,6049175,4,2012,111,94.5,"Cumberland Elementary",94087
"32388",43,69690,6049175,5,2012,31,71.6666666666667,"Cumberland Elementary",94087
"32389",43,69690,6049175,5,2012,111,94.3333333333333,"Cumberland Elementary",94087
"32390",43,69690,6049191,2,2012,31,61,"Ellis Elementary",94086
"32391",43,69690,6049191,2,2012,111,89.5,"Ellis Elementary",94086
"32392",43,69690,6049191,3,2012,31,48.15,"Ellis Elementary",94086
"32393",43,69690,6049191,3,2012,111,77.0588235294118,"Ellis Elementary",94086
"32394",43,69690,6049191,4,2012,31,52.0413223140496,"Ellis Elementary",94086
"32395",43,69690,6049191,4,2012,111,84.5304347826087,"Ellis Elementary",94086
"32396",43,69690,6049191,5,2012,31,62.6944444444444,"Ellis Elementary",94086
"32397",43,69690,6049191,5,2012,111,82.6666666666667,"Ellis Elementary",94086
"32398",43,69690,6049217,2,2012,31,65,"Fairwood Elementary",94089
"32399",43,69690,6049217,2,2012,111,76,"Fairwood Elementary",94089
"32400",43,69690,6049217,3,2012,31,57.5,"Fairwood Elementary",94089
"32401",43,69690,6049217,3,2012,111,76.6382978723404,"Fairwood Elementary",94089
"32402",43,69690,6049217,4,2012,31,45,"Fairwood Elementary",94089
"32403",43,69690,6049217,5,2012,31,59.6666666666667,"Fairwood Elementary",94089
"32404",43,69690,6049217,5,2012,111,77.6666666666667,"Fairwood Elementary",94089
"32405",43,69690,6049233,2,2012,31,40.5,"Lakewood Elementary",94089
"32406",43,69690,6049233,2,2012,111,73,"Lakewood Elementary",94089
"32407",43,69690,6049233,3,2012,31,28.9175257731959,"Lakewood Elementary",94089
"32408",43,69690,6049233,3,2012,111,75,"Lakewood Elementary",94089
"32409",43,69690,6049233,4,2012,31,52.5384615384615,"Lakewood Elementary",94089
"32410",43,69690,6049233,4,2012,111,88.5,"Lakewood Elementary",94089
"32411",43,69690,6049233,5,2012,31,50.6320754716981,"Lakewood Elementary",94089
"32412",43,69690,6049233,5,2012,111,85.6666666666667,"Lakewood Elementary",94089
"32413",43,69690,6049241,6,2012,31,29.4407294832827,"Columbia Middle",94085
"32414",43,69690,6049241,6,2012,111,57.0662251655629,"Columbia Middle",94085
"32415",43,69690,6049241,7,2012,31,38.7817679558011,"Columbia Middle",94085
"32416",43,69690,6049241,7,2012,111,62.6944444444444,"Columbia Middle",94085
"32417",43,69690,6049241,8,2012,31,36.0641791044776,"Columbia Middle",94085
"32418",43,69690,6049241,8,2012,111,62.7173913043478,"Columbia Middle",94085
"32419",43,69690,6049258,6,2012,31,39.4728033472803,"Sunnyvale Middle",94087
"32420",43,69690,6049258,6,2012,111,87,"Sunnyvale Middle",94087
"32421",43,69690,6049258,7,2012,31,40.1401869158879,"Sunnyvale Middle",94087
"32422",43,69690,6049258,7,2012,111,83.8972431077694,"Sunnyvale Middle",94087
"32423",43,69690,6049258,8,2012,31,39.6604651162791,"Sunnyvale Middle",94087
"32424",43,69690,6049258,8,2012,111,81.6638954869359,"Sunnyvale Middle",94087
"32425",43,69690,6049282,2,2012,31,49,"San Miguel Elementary",94085
"32426",43,69690,6049282,2,2012,111,75,"San Miguel Elementary",94085
"32427",43,69690,6049282,3,2012,31,47.352380952381,"San Miguel Elementary",94085
"32428",43,69690,6049282,3,2012,111,85,"San Miguel Elementary",94085
"32429",43,69690,6049282,4,2012,31,74.039603960396,"San Miguel Elementary",94085
"32430",43,69690,6049282,4,2012,111,78.5,"San Miguel Elementary",94085
"32431",43,69690,6049282,5,2012,31,45.0914285714286,"San Miguel Elementary",94085
"32432",43,69690,6049282,5,2012,111,73,"San Miguel Elementary",94085
"32433",43,69708,6049290,2,2012,111,90,"Alta Vista Elementary",95032
"32434",43,69708,6049290,3,2012,111,90.0109289617486,"Alta Vista Elementary",95032
"32435",43,69708,6049290,4,2012,111,96.0053475935829,"Alta Vista Elementary",95032
"32436",43,69708,6049290,5,2012,111,98.3294117647059,"Alta Vista Elementary",95032
"32437",43,69708,6049316,2,2012,111,82.5,"Carlton Elementary",95124
"32438",43,69708,6049316,3,2012,111,85.5,"Carlton Elementary",95124
"32439",43,69708,6049316,4,2012,111,90,"Carlton Elementary",95124
"32440",43,69708,6049316,5,2012,31,64,"Carlton Elementary",95124
"32441",43,69708,6049316,5,2012,111,94.336170212766,"Carlton Elementary",95124
"32442",43,69708,6049332,6,2012,31,55.5,"Dartmouth Middle",95118
"32443",43,69708,6049332,6,2012,111,87.5063291139241,"Dartmouth Middle",95118
"32444",43,69708,6049332,7,2012,31,65.4444444444444,"Dartmouth Middle",95118
"32445",43,69708,6049332,7,2012,111,86.7871287128713,"Dartmouth Middle",95118
"32446",43,69708,6049332,8,2012,31,62.6844919786096,"Dartmouth Middle",95118
"32447",43,69708,6049332,8,2012,111,88.5106951871658,"Dartmouth Middle",95118
"32448",43,69708,6049357,2,2012,111,89.5,"Guadalupe Elementary",95120
"32449",43,69708,6049357,3,2012,111,87.5,"Guadalupe Elementary",95120
"32450",43,69708,6049357,4,2012,111,95,"Guadalupe Elementary",95120
"32451",43,69708,6049357,5,2012,111,92,"Guadalupe Elementary",95120
"32452",43,69708,6049373,2,2012,31,48.5,"Lietz Elementary",95118
"32453",43,69708,6049373,2,2012,111,83.5,"Lietz Elementary",95118
"32454",43,69708,6049373,3,2012,31,45.5,"Lietz Elementary",95118
"32455",43,69708,6049373,3,2012,111,82,"Lietz Elementary",95118
"32456",43,69708,6049373,4,2012,31,79,"Lietz Elementary",95118
"32457",43,69708,6049373,4,2012,111,91.0285714285714,"Lietz Elementary",95118
"32458",43,69708,6049373,5,2012,31,42.5753424657534,"Lietz Elementary",95118
"32459",43,69708,6049373,5,2012,111,80.7,"Lietz Elementary",95118
"32460",43,69708,6049407,2,2012,31,58,"Noddin Elementary",95124
"32461",43,69708,6049407,2,2012,111,88.5,"Noddin Elementary",95124
"32462",43,69708,6049407,3,2012,31,53.5,"Noddin Elementary",95124
"32463",43,69708,6049407,3,2012,111,89.5,"Noddin Elementary",95124
"32464",43,69708,6049407,4,2012,111,94,"Noddin Elementary",95124
"32465",43,69708,6049407,5,2012,111,90.3358490566038,"Noddin Elementary",95124
"32466",43,69708,6049415,2,2012,31,76.5,"Oster Elementary",95124
"32467",43,69708,6049415,2,2012,111,88,"Oster Elementary",95124
"32468",43,69708,6049415,3,2012,31,60.5,"Oster Elementary",95124
"32469",43,69708,6049415,3,2012,111,86,"Oster Elementary",95124
"32470",43,69708,6049415,4,2012,31,83.5,"Oster Elementary",95124
"32471",43,69708,6049415,4,2012,111,94,"Oster Elementary",95124
"32472",43,69708,6049415,5,2012,31,62.1724137931034,"Oster Elementary",95124
"32473",43,69708,6049415,5,2012,111,87.7151515151515,"Oster Elementary",95124
"32474",43,69708,6049449,6,2012,31,73.5,"Union Middle",95124
"32475",43,69708,6049449,6,2012,111,88.5140562248996,"Union Middle",95124
"32476",43,69708,6049449,7,2012,31,60.780487804878,"Union Middle",95124
"32477",43,69708,6049449,7,2012,111,89.3791748526523,"Union Middle",95124
"32478",43,69708,6049449,8,2012,31,66.1208791208791,"Union Middle",95124
"32479",43,69708,6049449,8,2012,111,83.9511677282378,"Union Middle",95124
"32480",43,73387,4331039,11,2012,31,14,"Calaveras Hills",95035
"32481",43,73387,4331039,11,2012,111,18.0506329113924,"Calaveras Hills",95035
"32482",43,73387,4334470,9,2012,31,50.5330634278003,"Milpitas High",95035
"32483",43,73387,4334470,9,2012,111,68.1657018813314,"Milpitas High",95035
"32484",43,73387,4334470,10,2012,31,48.0275019098548,"Milpitas High",95035
"32485",43,73387,4334470,10,2012,111,66.5024325519682,"Milpitas High",95035
"32486",43,73387,4334470,11,2012,31,41.0085995085995,"Milpitas High",95035
"32487",43,73387,4334470,11,2012,111,60.1223684210526,"Milpitas High",95035
"32488",43,73387,6047609,2,2012,31,74,"Curtner Elementary",95035
"32489",43,73387,6047609,2,2012,111,89,"Curtner Elementary",95035
"32490",43,73387,6047609,3,2012,31,68,"Curtner Elementary",95035
"32491",43,73387,6047609,3,2012,111,86.5,"Curtner Elementary",95035
"32492",43,73387,6047609,4,2012,31,78.5,"Curtner Elementary",95035
"32493",43,73387,6047609,4,2012,111,92.4905660377358,"Curtner Elementary",95035
"32494",43,73387,6047609,5,2012,31,77.039603960396,"Curtner Elementary",95035
"32495",43,73387,6047609,5,2012,111,92.0789473684211,"Curtner Elementary",95035
"32496",43,73387,6047609,6,2012,31,67.5,"Curtner Elementary",95035
"32497",43,73387,6047609,6,2012,111,87.5,"Curtner Elementary",95035
"32498",43,73387,6047666,7,2012,31,61.061433447099,"Rancho Milpitas Middle",95035
"32499",43,73387,6047666,7,2012,111,83.2076923076923,"Rancho Milpitas Middle",95035
"32500",43,73387,6047666,8,2012,31,56.9508506616257,"Rancho Milpitas Middle",95035
"32501",43,73387,6047666,8,2012,111,80.1218637992831,"Rancho Milpitas Middle",95035
"32502",43,73387,6047682,7,2012,31,65.0252100840336,"Thomas Russell Middle",95035
"32503",43,73387,6047682,7,2012,111,85.0663716814159,"Thomas Russell Middle",95035
"32504",43,73387,6047682,8,2012,31,53.0229007633588,"Thomas Russell Middle",95035
"32505",43,73387,6047682,8,2012,111,79.5886075949367,"Thomas Russell Middle",95035
"32506",44,10447,4430146,10,2012,31,0,"Santa Cruz County Court",95060
"32507",44,10447,4430146,10,2012,111,4.5,"Santa Cruz County Court",95060
"32508",44,10447,4430146,11,2012,31,8,"Santa Cruz County Court",95060
"32509",44,10447,4430146,11,2012,111,5.55,"Santa Cruz County Court",95060
"32510",44,69732,6049563,2,2012,111,71,"Bonny Doon Elementary",95060
"32511",44,69732,6049563,3,2012,111,94,"Bonny Doon Elementary",95060
"32512",44,69732,6049563,4,2012,111,96.5,"Bonny Doon Elementary",95060
"32513",44,69732,6049563,5,2012,111,92,"Bonny Doon Elementary",95060
"32514",44,69757,6049571,2,2012,111,67,"Happy Valley Elementary",95065
"32515",44,69757,6049571,3,2012,111,100,"Happy Valley Elementary",95065
"32516",44,69757,6049571,4,2012,111,97,"Happy Valley Elementary",95065
"32517",44,69757,6049571,5,2012,111,87,"Happy Valley Elementary",95065
"32518",44,69757,6049571,6,2012,111,73,"Happy Valley Elementary",95065
"32519",44,69765,100388,2,2012,111,77,"Tierra Pacifica Charter",95062
"32520",44,69765,100388,4,2012,111,88,"Tierra Pacifica Charter",95062
"32521",44,69765,100388,5,2012,111,68.6666666666667,"Tierra Pacifica Charter",95062
"32522",44,69765,100388,7,2012,111,93,"Tierra Pacifica Charter",95062
"32523",44,69765,6049597,2,2012,31,54,"Green Acres Elementary",95062
"32524",44,69765,6049597,2,2012,111,81,"Green Acres Elementary",95062
"32525",44,69765,6049597,3,2012,31,49,"Green Acres Elementary",95062
"32526",44,69765,6049597,3,2012,111,77.5,"Green Acres Elementary",95062
"32527",44,69765,6049597,4,2012,31,68,"Green Acres Elementary",95062
"32528",44,69765,6049597,4,2012,111,88,"Green Acres Elementary",95062
"32529",44,69765,6049597,5,2012,31,46.3333333333333,"Green Acres Elementary",95062
"32530",44,69765,6049597,5,2012,111,81,"Green Acres Elementary",95062
"32531",44,69765,6049605,2,2012,31,53,"Live Oak Elementary",95062
"32532",44,69765,6049605,2,2012,111,71,"Live Oak Elementary",95062
"32533",44,69765,6049605,3,2012,31,40.3795620437956,"Live Oak Elementary",95062
"32534",44,69765,6049605,4,2012,31,57,"Live Oak Elementary",95062
"32535",44,69765,6049605,5,2012,31,70.3333333333333,"Live Oak Elementary",95062
"32536",44,69765,6113559,6,2012,31,44.5,"Shoreline Middle",95062
"32537",44,69765,6113559,6,2012,111,65,"Shoreline Middle",95062
"32538",44,69765,6113559,7,2012,31,39,"Shoreline Middle",95062
"32539",44,69765,6113559,7,2012,111,62,"Shoreline Middle",95062
"32540",44,69765,6113559,8,2012,31,46.755991285403,"Shoreline Middle",95062
"32541",44,69765,6113559,8,2012,111,67.6324786324786,"Shoreline Middle",95062
"32542",44,69765,6114102,2,2012,31,49,"Del Mar Elementary",95062
"32543",44,69765,6114102,2,2012,111,83.5,"Del Mar Elementary",95062
"32544",44,69765,6114102,3,2012,31,53,"Del Mar Elementary",95062
"32545",44,69765,6114102,3,2012,111,69,"Del Mar Elementary",95062
"32546",44,69765,6114102,4,2012,31,50,"Del Mar Elementary",95062
"32547",44,69765,6114102,4,2012,111,85,"Del Mar Elementary",95062
"32548",44,69765,6114102,5,2012,31,42.3333333333333,"Del Mar Elementary",95062
"32549",44,69765,6114102,5,2012,111,71.3333333333333,"Del Mar Elementary",95062
"32550",44,69773,6049613,2,2012,111,88,"Mountain Elementary",95073
"32551",44,69773,6049613,3,2012,111,87.5,"Mountain Elementary",95073
"32552",44,69773,6049613,4,2012,111,75.8484848484848,"Mountain Elementary",95073
"32553",44,69773,6049613,5,2012,111,75.9827586206897,"Mountain Elementary",95073
"32554",44,69773,6049613,6,2012,111,84.962962962963,"Mountain Elementary",95073
"32555",44,69781,6049621,4,2012,111,68.5,"Pacific Elementary",95017
"32556",44,69799,102665,2,2012,31,19.4285714285714,"Radcliff Elementary",95076
"32557",44,69799,102665,3,2012,31,32.198347107438,"Radcliff Elementary",95076
"32558",44,69799,102665,4,2012,31,44.0629370629371,"Radcliff Elementary",95076
"32559",44,69799,102665,5,2012,31,22.5818181818182,"Radcliff Elementary",95076
"32560",44,69799,102673,2,2012,31,32.5,"Landmark Elementary",95076
"32561",44,69799,102673,2,2012,111,53.5,"Landmark Elementary",95076
"32562",44,69799,102673,3,2012,31,30.5,"Landmark Elementary",95076
"32563",44,69799,102673,3,2012,111,40.08,"Landmark Elementary",95076
"32564",44,69799,102673,4,2012,31,36.1258741258741,"Landmark Elementary",95076
"32565",44,69799,102673,4,2012,111,62.8148148148148,"Landmark Elementary",95076
"32566",44,69799,102673,5,2012,31,40.3333333333333,"Landmark Elementary",95076
"32567",44,69799,102673,5,2012,111,48.8285714285714,"Landmark Elementary",95076
"32568",44,69799,105858,9,2012,31,19,"Pajaro Valley High",95076
"32569",44,69799,105858,9,2012,111,33.4426229508197,"Pajaro Valley High",95076
"32570",44,69799,105858,10,2012,31,29.492276695769,"Pajaro Valley High",95076
"32571",44,69799,105858,10,2012,111,38.8821138211382,"Pajaro Valley High",95076
"32572",44,69799,105858,11,2012,31,18.8547008547009,"Pajaro Valley High",95076
"32573",44,69799,105858,11,2012,111,28.989247311828,"Pajaro Valley High",95076
"32574",44,69799,4430203,11,2012,31,6.5,"New School Community Day",95076
"32575",44,69799,4430229,8,2012,111,84.2368421052632,"Pacific Coast Charter",95076
"32576",44,69799,4430229,9,2012,111,47,"Pacific Coast Charter",95076
"32577",44,69799,4430229,10,2012,31,8.80851063829787,"Pacific Coast Charter",95076
"32578",44,69799,4430229,10,2012,111,43.84,"Pacific Coast Charter",95076
"32579",44,69799,4430229,11,2012,31,15.92,"Pacific Coast Charter",95076
"32580",44,69799,4430229,11,2012,111,30,"Pacific Coast Charter",95076
"32581",44,69799,4430518,9,2012,31,37.4761904761905,"Aptos High",95003
"32582",44,69799,4430518,9,2012,111,64.210843373494,"Aptos High",95003
"32583",44,69799,4430518,10,2012,31,37.2837528604119,"Aptos High",95003
"32584",44,69799,4430518,10,2012,111,61.034118602762,"Aptos High",95003
"32585",44,69799,4430518,11,2012,31,39.9680365296804,"Aptos High",95003
"32586",44,69799,4430518,11,2012,111,62.733499377335,"Aptos High",95003
"32587",44,69799,4437901,9,2012,31,23.3638479441427,"Watsonville High",95076
"32588",44,69799,4437901,9,2012,111,39.4279475982533,"Watsonville High",95076
"32589",44,69799,4437901,10,2012,31,27.6569301260023,"Watsonville High",95076
"32590",44,69799,4437901,10,2012,111,35.1089743589744,"Watsonville High",95076
"32591",44,69799,4437901,11,2012,31,19.3958333333333,"Watsonville High",95076
"32592",44,69799,4437901,11,2012,111,29.3152542372881,"Watsonville High",95076
"32593",44,69799,6049639,2,2012,31,17,"Amesti Elementary",95076
"32594",44,69799,6049639,3,2012,31,24.569696969697,"Amesti Elementary",95076
"32595",44,69799,6049639,4,2012,31,42,"Amesti Elementary",95076
"32596",44,69799,6049639,5,2012,31,37.3951612903226,"Amesti Elementary",95076
"32597",44,69799,6049647,7,2012,31,41.9259259259259,"Aptos Junior High",95003
"32598",44,69799,6049647,7,2012,111,74.6004366812227,"Aptos Junior High",95003
"32599",44,69799,6049647,8,2012,31,41.65,"Aptos Junior High",95003
"32600",44,69799,6049647,8,2012,111,72.1743315508021,"Aptos Junior High",95003
"32601",44,69799,6049662,2,2012,31,43.955223880597,"Bradley Elementary",95076
"32602",44,69799,6049662,2,2012,111,63.5,"Bradley Elementary",95076
"32603",44,69799,6049662,3,2012,31,33,"Bradley Elementary",95076
"32604",44,69799,6049662,3,2012,111,69.5,"Bradley Elementary",95076
"32605",44,69799,6049662,4,2012,31,58.6551724137931,"Bradley Elementary",95076
"32606",44,69799,6049662,4,2012,111,90,"Bradley Elementary",95076
"32607",44,69799,6049662,5,2012,31,64.0526315789474,"Bradley Elementary",95076
"32608",44,69799,6049662,5,2012,111,84,"Bradley Elementary",95076
"32609",44,69799,6049662,6,2012,31,37.4590163934426,"Bradley Elementary",95076
"32610",44,69799,6049662,6,2012,111,85,"Bradley Elementary",95076
"32611",44,69799,6049670,2,2012,31,30.046783625731,"Calabasas Elementary",95076
"32612",44,69799,6049670,3,2012,31,32.7012987012987,"Calabasas Elementary",95076
"32613",44,69799,6049670,4,2012,31,49.5,"Calabasas Elementary",95076
"32614",44,69799,6049670,5,2012,31,27.385593220339,"Calabasas Elementary",95076
"32615",44,69799,6049670,6,2012,31,41,"Calabasas Elementary",95076
"32616",44,69799,6049696,2,2012,31,48.9655172413793,"Freedom Elementary",95019
"32617",44,69799,6049696,3,2012,31,47.8024691358025,"Freedom Elementary",95019
"32618",44,69799,6049696,4,2012,31,66.5647058823529,"Freedom Elementary",95019
"32619",44,69799,6049696,5,2012,31,41.3157894736842,"Freedom Elementary",95019
"32620",44,69799,6049712,2,2012,31,40.5,"Hall District Elementary",95076
"32621",44,69799,6049712,3,2012,31,25.9130434782609,"Hall District Elementary",95076
"32622",44,69799,6049712,4,2012,31,42.6279069767442,"Hall District Elementary",95076
"32623",44,69799,6049712,5,2012,31,46.0443349753695,"Hall District Elementary",95076
"32624",44,69799,6049720,2,2012,31,61.5,"Linscott Charter",95076
"32625",44,69799,6049720,2,2012,111,62.5,"Linscott Charter",95076
"32626",44,69799,6049720,3,2012,111,38,"Linscott Charter",95076
"32627",44,69799,6049720,4,2012,111,54.5,"Linscott Charter",95076
"32628",44,69799,6049720,5,2012,31,82,"Linscott Charter",95076
"32629",44,69799,6049720,5,2012,111,66.3191489361702,"Linscott Charter",95076
"32630",44,69799,6049720,6,2012,31,86.5,"Linscott Charter",95076
"32631",44,69799,6049720,6,2012,111,69.5,"Linscott Charter",95076
"32632",44,69799,6049720,7,2012,31,91,"Linscott Charter",95076
"32633",44,69799,6049720,7,2012,111,92,"Linscott Charter",95076
"32634",44,69799,6049720,8,2012,111,73.1621621621622,"Linscott Charter",95076
"32635",44,69799,6049738,2,2012,31,46,"Mar Vista Elementary",95003
"32636",44,69799,6049738,2,2012,111,67,"Mar Vista Elementary",95003
"32637",44,69799,6049738,3,2012,31,62.5,"Mar Vista Elementary",95003
"32638",44,69799,6049738,3,2012,111,79.5,"Mar Vista Elementary",95003
"32639",44,69799,6049738,4,2012,31,71,"Mar Vista Elementary",95003
"32640",44,69799,6049738,4,2012,111,82.0315789473684,"Mar Vista Elementary",95003
"32641",44,69799,6049738,5,2012,31,54.4,"Mar Vista Elementary",95003
"32642",44,69799,6049738,5,2012,111,81,"Mar Vista Elementary",95003
"32643",44,69799,6049738,6,2012,111,76,"Mar Vista Elementary",95003
"32644",44,69799,6049746,2,2012,31,21,"Mintie White Elementary",95076
"32645",44,69799,6049746,3,2012,31,30.5,"Mintie White Elementary",95076
"32646",44,69799,6049746,4,2012,31,41.4615384615385,"Mintie White Elementary",95076
"32647",44,69799,6049746,5,2012,31,43.2982456140351,"Mintie White Elementary",95076
"32648",44,69799,6049753,6,2012,31,24.0322580645161,"Pajaro Middle",95076
"32649",44,69799,6049753,7,2012,31,33,"Pajaro Middle",95076
"32650",44,69799,6049753,8,2012,31,28.4485981308411,"Pajaro Middle",95076
"32651",44,69799,6049753,8,2012,111,25,"Pajaro Middle",95076
"32652",44,69799,6049779,2,2012,31,54.5,"Rio del Mar Elementary",95003
"32653",44,69799,6049779,2,2012,111,89.5,"Rio del Mar Elementary",95003
"32654",44,69799,6049779,3,2012,31,63.5,"Rio del Mar Elementary",95003
"32655",44,69799,6049779,3,2012,111,75,"Rio del Mar Elementary",95003
"32656",44,69799,6049779,4,2012,111,86.5,"Rio del Mar Elementary",95003
"32657",44,69799,6049779,5,2012,111,86.6666666666667,"Rio del Mar Elementary",95003
"32658",44,69799,6049779,6,2012,111,84,"Rio del Mar Elementary",95003
"32659",44,69799,6049787,6,2012,31,21.9966555183947,"Rolling Hills Middle",95076
"32660",44,69799,6049787,7,2012,31,39.9750889679715,"Rolling Hills Middle",95076
"32661",44,69799,6049787,7,2012,111,29,"Rolling Hills Middle",95076
"32662",44,69799,6049787,8,2012,31,26.545197740113,"Rolling Hills Middle",95076
"32663",44,69799,6049787,8,2012,111,46.6808510638298,"Rolling Hills Middle",95076
"32664",44,69799,6049811,2,2012,31,39,"Valencia Elementary",95003
"32665",44,69799,6049811,2,2012,111,70.5,"Valencia Elementary",95003
"32666",44,69799,6049811,3,2012,31,46.1851851851852,"Valencia Elementary",95003
"32667",44,69799,6049811,3,2012,111,79,"Valencia Elementary",95003
"32668",44,69799,6049811,4,2012,31,50,"Valencia Elementary",95003
"32669",44,69799,6049811,4,2012,111,83,"Valencia Elementary",95003
"32670",44,69799,6049811,5,2012,31,65.15,"Valencia Elementary",95003
"32671",44,69799,6049811,5,2012,111,89.3141025641026,"Valencia Elementary",95003
"32672",44,69799,6049811,6,2012,31,41.4827586206897,"Valencia Elementary",95003
"32673",44,69799,6049811,6,2012,111,77.5,"Valencia Elementary",95003
"32674",44,69799,6049829,2,2012,31,26.0814814814815,"Alianza Charter",95076
"32675",44,69799,6049829,2,2012,111,52.5,"Alianza Charter",95076
"32676",44,69799,6049829,3,2012,31,24.0687022900763,"Alianza Charter",95076
"32677",44,69799,6049829,3,2012,111,50,"Alianza Charter",95076
"32678",44,69799,6049829,4,2012,31,30,"Alianza Charter",95076
"32679",44,69799,6049829,5,2012,31,31.3333333333333,"Alianza Charter",95076
"32680",44,69799,6049829,5,2012,111,81.3333333333333,"Alianza Charter",95076
"32681",44,69799,6049829,6,2012,31,33,"Alianza Charter",95076
"32682",44,69799,6049829,7,2012,31,26,"Alianza Charter",95076
"32683",44,69799,6049829,8,2012,31,25.2525252525253,"Alianza Charter",95076
"32684",44,69799,6049829,8,2012,111,59.25,"Alianza Charter",95076
"32685",44,69799,6108138,2,2012,31,48.5,"Ohlone Elementary",95076
"32686",44,69799,6108138,3,2012,31,23.6637168141593,"Ohlone Elementary",95076
"32687",44,69799,6108138,4,2012,31,31.7333333333333,"Ohlone Elementary",95076
"32688",44,69799,6108138,5,2012,31,42.0666666666667,"Ohlone Elementary",95076
"32689",44,69799,6108146,2,2012,31,45,"Starlight Elementary",95076
"32690",44,69799,6108146,3,2012,31,31.6022099447514,"Starlight Elementary",95076
"32691",44,69799,6108146,4,2012,31,47.5389221556886,"Starlight Elementary",95076
"32692",44,69799,6108146,5,2012,31,47.704641350211,"Starlight Elementary",95076
"32693",44,69799,6112841,6,2012,31,33.5145888594164,"Lakeview Middle",95076
"32694",44,69799,6112841,6,2012,111,41,"Lakeview Middle",95076
"32695",44,69799,6112841,7,2012,31,43.1463414634146,"Lakeview Middle",95076
"32696",44,69799,6112841,7,2012,111,51.1836734693878,"Lakeview Middle",95076
"32697",44,69799,6112841,8,2012,31,40.6184419713831,"Lakeview Middle",95076
"32698",44,69799,6112841,8,2012,111,45.9734513274336,"Lakeview Middle",95076
"32699",44,69807,4430179,2,2012,111,57.5,"SLVUSD Charter",95005
"32700",44,69807,4430179,3,2012,111,50,"SLVUSD Charter",95005
"32701",44,69807,4430179,4,2012,111,56.5,"SLVUSD Charter",95005
"32702",44,69807,4430179,6,2012,111,66.5,"SLVUSD Charter",95005
"32703",44,69807,4430179,7,2012,111,73.1607142857143,"SLVUSD Charter",95005
"32704",44,69807,4430179,8,2012,111,53.5915492957746,"SLVUSD Charter",95005
"32705",44,69807,4430179,9,2012,111,62,"SLVUSD Charter",95005
"32706",44,69807,4430179,10,2012,111,34.6666666666667,"SLVUSD Charter",95005
"32707",44,69807,4430179,11,2012,111,18.5789473684211,"SLVUSD Charter",95005
"32708",44,69807,4436754,9,2012,31,39.6481481481481,"San Lorenzo Valley High",95018
"32709",44,69807,4436754,9,2012,111,57.5730858468677,"San Lorenzo Valley High",95018
"32710",44,69807,4436754,10,2012,31,46.7608695652174,"San Lorenzo Valley High",95018
"32711",44,69807,4436754,10,2012,111,55.6313497822932,"San Lorenzo Valley High",95018
"32712",44,69807,4436754,11,2012,31,42.0645161290323,"San Lorenzo Valley High",95018
"32713",44,69807,4436754,11,2012,111,55.1489726027397,"San Lorenzo Valley High",95018
"32714",44,69807,6049837,2,2012,31,52,"Boulder Creek Elementary",95006
"32715",44,69807,6049837,2,2012,111,64,"Boulder Creek Elementary",95006
"32716",44,69807,6049837,3,2012,31,64.2258064516129,"Boulder Creek Elementary",95006
"32717",44,69807,6049837,3,2012,111,83.5,"Boulder Creek Elementary",95006
"32718",44,69807,6049837,4,2012,31,67.8301886792453,"Boulder Creek Elementary",95006
"32719",44,69807,6049837,4,2012,111,77,"Boulder Creek Elementary",95006
"32720",44,69807,6049837,5,2012,31,76,"Boulder Creek Elementary",95006
"32721",44,69807,6049837,5,2012,111,81,"Boulder Creek Elementary",95006
"32722",44,69807,6049852,2,2012,31,69.5,"San Lorenzo Valley Elementary",95018
"32723",44,69807,6049852,2,2012,111,76,"San Lorenzo Valley Elementary",95018
"32724",44,69807,6049852,3,2012,31,53.5,"San Lorenzo Valley Elementary",95018
"32725",44,69807,6049852,3,2012,111,74,"San Lorenzo Valley Elementary",95018
"32726",44,69807,6049852,4,2012,31,61.1111111111111,"San Lorenzo Valley Elementary",95018
"32727",44,69807,6049852,4,2012,111,81.4476744186046,"San Lorenzo Valley Elementary",95018
"32728",44,69807,6049852,5,2012,31,65.2424242424242,"San Lorenzo Valley Elementary",95018
"32729",44,69807,6049852,5,2012,111,73.2707182320442,"San Lorenzo Valley Elementary",95018
"32730",44,69807,6060644,6,2012,31,62,"San Lorenzo Valley Middle",95018
"32731",44,69807,6060644,6,2012,111,71.9846743295019,"San Lorenzo Valley Middle",95018
"32732",44,69807,6060644,7,2012,31,65.5,"San Lorenzo Valley Middle",95018
"32733",44,69807,6060644,7,2012,111,79.556862745098,"San Lorenzo Valley Middle",95018
"32734",44,69807,6060644,8,2012,31,32.4190476190476,"San Lorenzo Valley Middle",95018
"32735",44,69807,6060644,8,2012,111,63.2398286937902,"San Lorenzo Valley Middle",95018
"32736",44,69815,6049860,2,2012,31,39.6262626262626,"Bay View Elementary",95060
"32737",44,69815,6049860,2,2012,111,71.0891089108911,"Bay View Elementary",95060
"32738",44,69815,6049860,3,2012,31,38.6811594202899,"Bay View Elementary",95060
"32739",44,69815,6049860,3,2012,111,86.5,"Bay View Elementary",95060
"32740",44,69815,6049860,4,2012,31,33.9772727272727,"Bay View Elementary",95060
"32741",44,69815,6049860,4,2012,111,66.5,"Bay View Elementary",95060
"32742",44,69815,6049860,5,2012,31,50.6190476190476,"Bay View Elementary",95060
"32743",44,69815,6049860,5,2012,111,79.0105263157895,"Bay View Elementary",95060
"32744",44,69815,6049886,2,2012,31,40.5,"De Laveaga Elementary",95065
"32745",44,69815,6049886,2,2012,111,69.5,"De Laveaga Elementary",95065
"32746",44,69815,6049886,3,2012,31,40,"De Laveaga Elementary",95065
"32747",44,69815,6049886,3,2012,111,69,"De Laveaga Elementary",95065
"32748",44,69815,6049886,4,2012,31,51,"De Laveaga Elementary",95065
"32749",44,69815,6049886,4,2012,111,83,"De Laveaga Elementary",95065
"32750",44,69815,6049886,5,2012,31,33.3333333333333,"De Laveaga Elementary",95065
"32751",44,69815,6049886,5,2012,111,76.0578947368421,"De Laveaga Elementary",95065
"32752",44,69815,6049894,2,2012,31,31.5,"Gault Elementary",95062
"32753",44,69815,6049894,2,2012,111,78.5,"Gault Elementary",95062
"32754",44,69815,6049894,3,2012,31,20.5,"Gault Elementary",95062
"32755",44,69815,6049894,3,2012,111,72,"Gault Elementary",95062
"32756",44,69815,6049894,4,2012,31,48,"Gault Elementary",95062
"32757",44,69815,6049894,4,2012,111,77.5,"Gault Elementary",95062
"32758",44,69815,6049894,5,2012,31,51.6666666666667,"Gault Elementary",95062
"32759",44,69815,6049894,5,2012,111,85.6666666666667,"Gault Elementary",95062
"32760",44,69815,6049928,2,2012,31,70,"Westlake Elementary",95060
"32761",44,69815,6049928,2,2012,111,93,"Westlake Elementary",95060
"32762",44,69815,6049928,3,2012,31,64.5,"Westlake Elementary",95060
"32763",44,69815,6049928,3,2012,111,86,"Westlake Elementary",95060
"32764",44,69815,6049928,4,2012,31,69.5,"Westlake Elementary",95060
"32765",44,69815,6049928,4,2012,111,88.4922279792746,"Westlake Elementary",95060
"32766",44,69815,6049928,5,2012,31,73.6666666666667,"Westlake Elementary",95060
"32767",44,69815,6049928,5,2012,111,92.3333333333333,"Westlake Elementary",95060
"32768",44,69823,4430187,10,2012,111,50.0833333333333,"Delta Charter",95003
"32769",44,69823,4430187,11,2012,31,12.4583333333333,"Delta Charter",95003
"32770",44,69823,4430187,11,2012,111,21.4868421052632,"Delta Charter",95003
"32771",44,69823,4432340,9,2012,31,38.0553745928339,"Harbor High",95062
"32772",44,69823,4432340,9,2012,111,69.1078947368421,"Harbor High",95062
"32773",44,69823,4432340,10,2012,31,32.6970297029703,"Harbor High",95062
"32774",44,69823,4432340,10,2012,111,54.3064182194617,"Harbor High",95062
"32775",44,69823,4432340,11,2012,31,36.9939393939394,"Harbor High",95062
"32776",44,69823,4432340,11,2012,111,61.6843267108168,"Harbor High",95062
"32777",44,69823,4436960,10,2012,31,21,"Costanoa Continuation High",95062
"32778",44,69823,4436960,11,2012,31,2.04081632653061,"Costanoa Continuation High",95062
"32779",44,69823,4436960,11,2012,111,8.5,"Costanoa Continuation High",95062
"32780",44,69823,4437109,9,2012,31,44.7065868263473,"Santa Cruz High",95060
"32781",44,69823,4437109,9,2012,111,68.1350844277674,"Santa Cruz High",95060
"32782",44,69823,4437109,10,2012,31,23.8910256410256,"Santa Cruz High",95060
"32783",44,69823,4437109,10,2012,111,54.6552863436123,"Santa Cruz High",95060
"32784",44,69823,4437109,11,2012,31,27.4012345679012,"Santa Cruz High",95060
"32785",44,69823,4437109,11,2012,111,53.3227206946454,"Santa Cruz High",95060
"32786",44,69823,4437406,9,2012,31,44.2128712871287,"Soquel High",95073
"32787",44,69823,4437406,9,2012,111,65.0909090909091,"Soquel High",95073
"32788",44,69823,4437406,10,2012,31,32.3791946308725,"Soquel High",95073
"32789",44,69823,4437406,10,2012,111,55.2447552447552,"Soquel High",95073
"32790",44,69823,4437406,11,2012,31,28.1,"Soquel High",95073
"32791",44,69823,4437406,11,2012,111,49.3100358422939,"Soquel High",95073
"32792",44,69823,6060149,6,2012,31,30.5,"Branciforte Middle",95062
"32793",44,69823,6060149,6,2012,111,71.5,"Branciforte Middle",95062
"32794",44,69823,6060149,7,2012,31,41.224,"Branciforte Middle",95062
"32795",44,69823,6060149,7,2012,111,79.6643356643357,"Branciforte Middle",95062
"32796",44,69823,6060149,8,2012,31,37.0979020979021,"Branciforte Middle",95062
"32797",44,69823,6060149,8,2012,111,77.2520547945205,"Branciforte Middle",95062
"32798",44,69823,6060156,6,2012,31,39.0551181102362,"Mission Hill Middle",95060
"32799",44,69823,6060156,6,2012,111,84.5,"Mission Hill Middle",95060
"32800",44,69823,6060156,7,2012,31,44.7169811320755,"Mission Hill Middle",95060
"32801",44,69823,6060156,7,2012,111,79.1475409836066,"Mission Hill Middle",95060
"32802",44,69823,6060156,8,2012,31,56.6632653061224,"Mission Hill Middle",95060
"32803",44,69823,6060156,8,2012,111,78.8659003831418,"Mission Hill Middle",95060
"32804",44,69849,6049977,2,2012,111,49,"Santa Cruz Gardens Elementary",95065
"32805",44,69849,6049977,3,2012,111,73.5876288659794,"Santa Cruz Gardens Elementary",95065
"32806",44,69849,6049977,4,2012,111,65.5,"Santa Cruz Gardens Elementary",95065
"32807",44,69849,6049977,5,2012,111,70.6666666666667,"Santa Cruz Gardens Elementary",95065
"32808",44,69849,6049985,2,2012,31,37.5,"Soquel Elementary",95073
"32809",44,69849,6049985,2,2012,111,69,"Soquel Elementary",95073
"32810",44,69849,6049985,3,2012,31,45.5,"Soquel Elementary",95073
"32811",44,69849,6049985,3,2012,111,57.5,"Soquel Elementary",95073
"32812",44,69849,6049985,4,2012,31,33,"Soquel Elementary",95073
"32813",44,69849,6049985,4,2012,111,64.1111111111111,"Soquel Elementary",95073
"32814",44,69849,6049985,5,2012,31,38.3333333333333,"Soquel Elementary",95073
"32815",44,69849,6049985,5,2012,111,62.9553072625698,"Soquel Elementary",95073
"32816",44,69849,6066542,6,2012,31,24.7837837837838,"New Brighton Middle",95010
"32817",44,69849,6066542,6,2012,111,69.0246575342466,"New Brighton Middle",95010
"32818",44,69849,6066542,7,2012,31,35.5,"New Brighton Middle",95010
"32819",44,69849,6066542,7,2012,111,71.0714285714286,"New Brighton Middle",95010
"32820",44,69849,6066542,8,2012,31,41.4285714285714,"New Brighton Middle",95010
"32821",44,69849,6066542,8,2012,111,70.915976331361,"New Brighton Middle",95010
"32822",44,69849,6111421,2,2012,111,72.5,"Main Street Elementary",95073
"32823",44,69849,6111421,3,2012,111,66.5,"Main Street Elementary",95073
"32824",44,69849,6111421,4,2012,111,74,"Main Street Elementary",95073
"32825",44,69849,6111421,5,2012,111,80,"Main Street Elementary",95073
"32826",44,75432,4430211,9,2012,31,63.0285714285714,"Scotts Valley High",95066
"32827",44,75432,4430211,9,2012,111,72.8286290322581,"Scotts Valley High",95066
"32828",44,75432,4430211,10,2012,31,59.5806451612903,"Scotts Valley High",95066
"32829",44,75432,4430211,10,2012,111,70.1895261845386,"Scotts Valley High",95066
"32830",44,75432,4430211,11,2012,31,56.8615384615385,"Scotts Valley High",95066
"32831",44,75432,4430211,11,2012,111,65.5171339563863,"Scotts Valley High",95066
"32832",44,75432,6049936,2,2012,111,82,"Brook Knoll Elementary",95060
"32833",44,75432,6049936,3,2012,111,87.4628571428571,"Brook Knoll Elementary",95060
"32834",44,75432,6049936,4,2012,31,75,"Brook Knoll Elementary",95060
"32835",44,75432,6049936,4,2012,111,92,"Brook Knoll Elementary",95060
"32836",44,75432,6049936,5,2012,111,86.0147601476015,"Brook Knoll Elementary",95060
"32837",44,75432,6049944,6,2012,31,50.2264150943396,"Scotts Valley Middle",95066
"32838",44,75432,6049944,6,2012,111,80.4786585365854,"Scotts Valley Middle",95066
"32839",44,75432,6049944,7,2012,31,63.1052631578947,"Scotts Valley Middle",95066
"32840",44,75432,6049944,7,2012,111,87.1377049180328,"Scotts Valley Middle",95066
"32841",44,75432,6049944,8,2012,31,86.6,"Scotts Valley Middle",95066
"32842",44,75432,6049944,8,2012,111,88.4113372093023,"Scotts Valley Middle",95066
"32843",44,75432,6049951,2,2012,31,53,"Vine Hill Elementary",95066
"32844",44,75432,6049951,2,2012,111,77,"Vine Hill Elementary",95066
"32845",44,75432,6049951,3,2012,31,50,"Vine Hill Elementary",95066
"32846",44,75432,6049951,3,2012,111,81,"Vine Hill Elementary",95066
"32847",44,75432,6049951,4,2012,31,84.5,"Vine Hill Elementary",95066
"32848",44,75432,6049951,4,2012,111,91.983606557377,"Vine Hill Elementary",95066
"32849",44,75432,6049951,5,2012,31,79.6666666666667,"Vine Hill Elementary",95066
"32850",44,75432,6049951,5,2012,111,90.6550218340611,"Vine Hill Elementary",95066
"32851",45,69856,4530051,10,2012,31,7.33333333333333,"Oakview High (Alternative)",96007
"32852",45,69856,4530051,11,2012,31,13.5,"Oakview High (Alternative)",96007
"32853",45,69856,4530762,11,2012,31,8.60344827586207,"North Valley High",96007
"32854",45,69856,4530804,9,2012,31,36.22,"Anderson High",96007
"32855",45,69856,4530804,9,2012,111,53.1941747572816,"Anderson High",96007
"32856",45,69856,4530804,10,2012,31,39.501052631579,"Anderson High",96007
"32857",45,69856,4530804,10,2012,111,47.2641509433962,"Anderson High",96007
"32858",45,69856,4530804,11,2012,31,22.0923694779116,"Anderson High",96007
"32859",45,69856,4530804,11,2012,111,37.1028571428571,"Anderson High",96007
"32860",45,69872,6050074,2,2012,31,37,"Bella Vista Elementary",96008
"32861",45,69872,6050074,2,2012,111,67.8387096774194,"Bella Vista Elementary",96008
"32862",45,69872,6050074,3,2012,31,84.5,"Bella Vista Elementary",96008
"32863",45,69872,6050074,3,2012,111,94,"Bella Vista Elementary",96008
"32864",45,69872,6050074,4,2012,31,82.5,"Bella Vista Elementary",96008
"32865",45,69872,6050074,4,2012,111,80,"Bella Vista Elementary",96008
"32866",45,69872,6050074,5,2012,31,45,"Bella Vista Elementary",96008
"32867",45,69872,6050074,5,2012,111,69.3333333333333,"Bella Vista Elementary",96008
"32868",45,69872,6050074,6,2012,31,40,"Bella Vista Elementary",96008
"32869",45,69872,6050074,6,2012,111,61.5,"Bella Vista Elementary",96008
"32870",45,69872,6050074,7,2012,31,60.5,"Bella Vista Elementary",96008
"32871",45,69872,6050074,7,2012,111,65.3584905660377,"Bella Vista Elementary",96008
"32872",45,69872,6050074,8,2012,31,62.5,"Bella Vista Elementary",96008
"32873",45,69872,6050074,8,2012,111,53.3465346534653,"Bella Vista Elementary",96008
"32874",45,69880,6050082,2,2012,31,41.5,"Black Butte Elementary",96088
"32875",45,69880,6050082,2,2012,111,68.5,"Black Butte Elementary",96088
"32876",45,69880,6050082,3,2012,31,50,"Black Butte Elementary",96088
"32877",45,69880,6050082,4,2012,31,55,"Black Butte Elementary",96088
"32878",45,69880,6050082,5,2012,31,51.3333333333333,"Black Butte Elementary",96088
"32879",45,69880,6050082,5,2012,111,51.3333333333333,"Black Butte Elementary",96088
"32880",45,69914,6050124,6,2012,31,39.9308176100629,"Anderson Middle",96007
"32881",45,69914,6050124,6,2012,111,43.4054054054054,"Anderson Middle",96007
"32882",45,69914,6050124,7,2012,31,63.4308510638298,"Anderson Middle",96007
"32883",45,69914,6050124,7,2012,111,61.5,"Anderson Middle",96007
"32884",45,69914,6050124,8,2012,31,37.2525667351129,"Anderson Middle",96007
"32885",45,69914,6050124,8,2012,111,46.3333333333333,"Anderson Middle",96007
"32886",45,69914,6050132,2,2012,31,38.5,"Anderson Heights Elementary",96007
"32887",45,69914,6050132,3,2012,31,33.6144578313253,"Anderson Heights Elementary",96007
"32888",45,69914,6050132,4,2012,31,43.0266666666667,"Anderson Heights Elementary",96007
"32889",45,69914,6050132,5,2012,31,52.0796460176991,"Anderson Heights Elementary",96007
"32890",45,69914,6050140,3,2012,31,52.378640776699,"Meadow Lane Elementary",96007
"32891",45,69914,6050140,3,2012,111,73.9032258064516,"Meadow Lane Elementary",96007
"32892",45,69914,6050140,4,2012,31,70.5,"Meadow Lane Elementary",96007
"32893",45,69914,6050140,5,2012,31,49.361963190184,"Meadow Lane Elementary",96007
"32894",45,69948,6050181,2,2012,31,50,"Columbia Elementary",96003
"32895",45,69948,6050181,2,2012,111,78,"Columbia Elementary",96003
"32896",45,69948,6050181,3,2012,31,44,"Columbia Elementary",96003
"32897",45,69948,6050181,3,2012,111,75.1111111111111,"Columbia Elementary",96003
"32898",45,69948,6050181,4,2012,31,51.3763440860215,"Columbia Elementary",96003
"32899",45,69948,6050181,4,2012,111,66.5,"Columbia Elementary",96003
"32900",45,69948,6117857,5,2012,31,60.3333333333333,"Mountain View Middle",96003
"32901",45,69948,6117857,5,2012,111,71.3333333333333,"Mountain View Middle",96003
"32902",45,69948,6117857,6,2012,31,54.3896103896104,"Mountain View Middle",96003
"32903",45,69948,6117857,6,2012,111,62.0252100840336,"Mountain View Middle",96003
"32904",45,69948,6117857,7,2012,31,45,"Mountain View Middle",96003
"32905",45,69948,6117857,7,2012,111,58.5,"Mountain View Middle",96003
"32906",45,69948,6117857,8,2012,31,58.1428571428571,"Mountain View Middle",96003
"32907",45,69948,6117857,8,2012,111,73.2881944444444,"Mountain View Middle",96003
"32908",45,69955,111393,3,2012,31,44.0884955752212,"North Cottonwood",96022
"32909",45,69955,111393,3,2012,111,60.5,"North Cottonwood",96022
"32910",45,69955,111393,4,2012,31,45.4954128440367,"North Cottonwood",96022
"32911",45,69955,111393,4,2012,111,74.5,"North Cottonwood",96022
"32912",45,69955,111393,5,2012,31,44.2485875706215,"North Cottonwood",96022
"32913",45,69955,111393,5,2012,111,78.0357142857143,"North Cottonwood",96022
"32914",45,69955,121640,3,2012,31,87.5,"Cottonwood Creek Charter",96022
"32915",45,69955,121640,3,2012,111,65.5,"Cottonwood Creek Charter",96022
"32916",45,69955,121640,4,2012,111,77.5,"Cottonwood Creek Charter",96022
"32917",45,69955,6050207,6,2012,31,36.5,"West Cottonwood Junior High",96022
"32918",45,69955,6050207,6,2012,111,59.5,"West Cottonwood Junior High",96022
"32919",45,69955,6050207,7,2012,31,50,"West Cottonwood Junior High",96022
"32920",45,69955,6050207,7,2012,111,71.5,"West Cottonwood Junior High",96022
"32921",45,69955,6050207,8,2012,31,61.9876543209877,"West Cottonwood Junior High",96022
"32922",45,69955,6050207,8,2012,111,48.7772511848341,"West Cottonwood Junior High",96022
"32923",45,69971,6050215,2,2012,31,74.5,"Alta Mesa Elementary",96002
"32924",45,69971,6050215,3,2012,31,42.5,"Alta Mesa Elementary",96002
"32925",45,69971,6050215,4,2012,31,76,"Alta Mesa Elementary",96002
"32926",45,69971,6050215,5,2012,31,34.0379746835443,"Alta Mesa Elementary",96002
"32927",45,69971,6050223,2,2012,31,44.5,"Lassen View Elementary",96002
"32928",45,69971,6050223,3,2012,31,34.5238095238095,"Lassen View Elementary",96002
"32929",45,69971,6050223,3,2012,111,78.5,"Lassen View Elementary",96002
"32930",45,69971,6050223,4,2012,31,40.5,"Lassen View Elementary",96002
"32931",45,69971,6050223,4,2012,111,87,"Lassen View Elementary",96002
"32932",45,69971,6050223,5,2012,31,60.6336633663366,"Lassen View Elementary",96002
"32933",45,69971,6050223,5,2012,111,82.3709677419355,"Lassen View Elementary",96002
"32934",45,69971,6050231,2,2012,31,69.020618556701,"Mistletoe Elementary",96002
"32935",45,69971,6050231,2,2012,111,82.5,"Mistletoe Elementary",96002
"32936",45,69971,6050231,3,2012,31,57.25,"Mistletoe Elementary",96002
"32937",45,69971,6050231,3,2012,111,73,"Mistletoe Elementary",96002
"32938",45,69971,6050231,4,2012,31,72.5,"Mistletoe Elementary",96002
"32939",45,69971,6050231,4,2012,111,80.5,"Mistletoe Elementary",96002
"32940",45,69971,6050231,5,2012,31,70.6666666666667,"Mistletoe Elementary",96002
"32941",45,69971,6050231,5,2012,111,77.3333333333333,"Mistletoe Elementary",96002
"32942",45,69971,6050231,6,2012,31,51.5,"Mistletoe Elementary",96002
"32943",45,69971,6050231,6,2012,111,69.1538461538462,"Mistletoe Elementary",96002
"32944",45,69971,6050231,7,2012,31,78.5,"Mistletoe Elementary",96002
"32945",45,69971,6050231,7,2012,111,88.5555555555556,"Mistletoe Elementary",96002
"32946",45,69971,6050231,8,2012,31,47.910447761194,"Mistletoe Elementary",96002
"32947",45,69971,6050249,6,2012,31,47.4197080291971,"Parsons Junior High",96002
"32948",45,69971,6050249,6,2012,111,60,"Parsons Junior High",96002
"32949",45,69971,6050249,7,2012,31,54,"Parsons Junior High",96002
"32950",45,69971,6050249,7,2012,111,62.5,"Parsons Junior High",96002
"32951",45,69971,6050249,8,2012,31,52.1687612208258,"Parsons Junior High",96002
"32952",45,69971,6050249,8,2012,111,74.0878048780488,"Parsons Junior High",96002
"32953",45,69971,6050256,2,2012,31,47.980198019802,"Rother Elementary",96002
"32954",45,69971,6050256,3,2012,31,63.7375,"Rother Elementary",96002
"32955",45,69971,6050256,4,2012,31,51.5,"Rother Elementary",96002
"32956",45,69971,6050256,4,2012,111,77.5,"Rother Elementary",96002
"32957",45,69971,6050256,5,2012,31,39.7563025210084,"Rother Elementary",96002
"32958",45,69971,6050256,5,2012,111,53.5357142857143,"Rother Elementary",96002
"32959",45,69971,6050264,2,2012,31,65,"Shasta Meadows Elementary",96002
"32960",45,69971,6050264,2,2012,111,83,"Shasta Meadows Elementary",96002
"32961",45,69971,6050264,3,2012,31,54.0512820512821,"Shasta Meadows Elementary",96002
"32962",45,69971,6050264,3,2012,111,50,"Shasta Meadows Elementary",96002
"32963",45,69971,6050264,4,2012,31,66.8863636363636,"Shasta Meadows Elementary",96002
"32964",45,69971,6050264,4,2012,111,96,"Shasta Meadows Elementary",96002
"32965",45,69971,6111470,2,2012,31,62.5,"Boulder Creek Elementary",96003
"32966",45,69971,6111470,2,2012,111,78.5,"Boulder Creek Elementary",96003
"32967",45,69971,6111470,3,2012,31,48.5798319327731,"Boulder Creek Elementary",96003
"32968",45,69971,6111470,3,2012,111,72.5,"Boulder Creek Elementary",96003
"32969",45,69971,6111470,4,2012,31,70,"Boulder Creek Elementary",96003
"32970",45,69971,6111470,4,2012,111,84.969696969697,"Boulder Creek Elementary",96003
"32971",45,69971,6111470,5,2012,31,60.9457831325301,"Boulder Creek Elementary",96003
"32972",45,69971,6111470,5,2012,111,88.3333333333333,"Boulder Creek Elementary",96003
"32973",45,69971,6111470,6,2012,31,56.8481012658228,"Boulder Creek Elementary",96003
"32974",45,69971,6111470,6,2012,111,64.5,"Boulder Creek Elementary",96003
"32975",45,69971,6111470,7,2012,31,79,"Boulder Creek Elementary",96003
"32976",45,69971,6111470,7,2012,111,76.5,"Boulder Creek Elementary",96003
"32977",45,69971,6111470,8,2012,31,60.2378048780488,"Boulder Creek Elementary",96003
"32978",45,69971,6111470,8,2012,111,65.0402684563758,"Boulder Creek Elementary",96003
"32979",45,69989,4531000,7,2012,31,56.5897435897436,"Burney Junior-Senior High",96013
"32980",45,69989,4531000,7,2012,111,66.9393939393939,"Burney Junior-Senior High",96013
"32981",45,69989,4531000,8,2012,31,43.9852941176471,"Burney Junior-Senior High",96013
"32982",45,69989,4531000,8,2012,111,68.9577464788732,"Burney Junior-Senior High",96013
"32983",45,69989,4531000,9,2012,31,60.5,"Burney Junior-Senior High",96013
"32984",45,69989,4531000,9,2012,111,77.5,"Burney Junior-Senior High",96013
"32985",45,69989,4531000,10,2012,31,42.3373493975904,"Burney Junior-Senior High",96013
"32986",45,69989,4531000,10,2012,111,53.6494845360825,"Burney Junior-Senior High",96013
"32987",45,69989,4531000,11,2012,31,68,"Burney Junior-Senior High",96013
"32988",45,69989,4531000,11,2012,111,61.4305555555556,"Burney Junior-Senior High",96013
"32989",45,69989,4533600,7,2012,31,83,"Fall River Junior-Senior High",96056
"32990",45,69989,4533600,7,2012,111,77.5,"Fall River Junior-Senior High",96056
"32991",45,69989,4533600,8,2012,31,81.8787878787879,"Fall River Junior-Senior High",96056
"32992",45,69989,4533600,8,2012,111,78.5531914893617,"Fall River Junior-Senior High",96056
"32993",45,69989,4533600,9,2012,31,59.468085106383,"Fall River Junior-Senior High",96056
"32994",45,69989,4533600,9,2012,111,83.9032258064516,"Fall River Junior-Senior High",96056
"32995",45,69989,4533600,10,2012,31,31.9090909090909,"Fall River Junior-Senior High",96056
"32996",45,69989,4533600,10,2012,111,69.1149425287356,"Fall River Junior-Senior High",96056
"32997",45,69989,4533600,11,2012,31,39.5,"Fall River Junior-Senior High",96056
"32998",45,69989,4533600,11,2012,111,74.5066666666667,"Fall River Junior-Senior High",96056
"32999",45,69989,6050272,2,2012,31,26.0392156862745,"Burney Elementary",96013
"33000",45,69989,6050272,2,2012,111,55.5,"Burney Elementary",96013
"33001",45,69989,6050272,3,2012,31,36,"Burney Elementary",96013
"33002",45,69989,6050272,3,2012,111,48,"Burney Elementary",96013
"33003",45,69989,6050272,4,2012,31,55.3829787234043,"Burney Elementary",96013
"33004",45,69989,6050272,4,2012,111,56.5652173913044,"Burney Elementary",96013
"33005",45,69989,6050272,5,2012,31,41,"Burney Elementary",96013
"33006",45,69989,6050272,5,2012,111,69,"Burney Elementary",96013
"33007",45,69989,6050272,6,2012,31,44,"Burney Elementary",96013
"33008",45,69989,6050272,6,2012,111,52.5,"Burney Elementary",96013
"33009",45,69989,6050280,2,2012,31,58.5,"Fall River Elementary",96028
"33010",45,69989,6050280,2,2012,111,93,"Fall River Elementary",96028
"33011",45,69989,6050280,3,2012,31,60.5,"Fall River Elementary",96028
"33012",45,69989,6050280,3,2012,111,63.5,"Fall River Elementary",96028
"33013",45,69989,6050280,4,2012,31,88,"Fall River Elementary",96028
"33014",45,69989,6050280,4,2012,111,94.3428571428571,"Fall River Elementary",96028
"33015",45,69989,6050280,5,2012,31,41.5384615384615,"Fall River Elementary",96028
"33016",45,69989,6050280,5,2012,111,97.3333333333333,"Fall River Elementary",96028
"33017",45,69989,6050280,6,2012,31,54,"Fall River Elementary",96028
"33018",45,69989,6050280,6,2012,111,63,"Fall River Elementary",96028
"33019",45,70003,6050330,2,2012,111,78.5,"Grant Elementary",96001
"33020",45,70003,6050330,3,2012,111,88.0285714285714,"Grant Elementary",96001
"33021",45,70003,6050330,4,2012,111,92.4793388429752,"Grant Elementary",96001
"33022",45,70003,6050330,5,2012,111,82.6844660194175,"Grant Elementary",96001
"33023",45,70003,6050330,6,2012,111,69,"Grant Elementary",96001
"33024",45,70003,6050330,7,2012,111,75.0571428571429,"Grant Elementary",96001
"33025",45,70003,6050330,8,2012,111,82.8235294117647,"Grant Elementary",96001
"33026",45,70011,6050348,5,2012,31,41,"Happy Valley Elementary",96007
"33027",45,70011,6050348,5,2012,111,39,"Happy Valley Elementary",96007
"33028",45,70011,6050348,6,2012,31,46.4492753623188,"Happy Valley Elementary",96007
"33029",45,70011,6050348,6,2012,111,71,"Happy Valley Elementary",96007
"33030",45,70011,6050348,7,2012,31,63.5,"Happy Valley Elementary",96007
"33031",45,70011,6050348,8,2012,31,47.6559139784946,"Happy Valley Elementary",96007
"33032",45,70011,6050348,8,2012,111,36,"Happy Valley Elementary",96007
"33033",45,70011,6097703,2,2012,31,56,"Happy Valley Primary",96007
"33034",45,70011,6097703,3,2012,31,65,"Happy Valley Primary",96007
"33035",45,70011,6097703,4,2012,31,49,"Happy Valley Primary",96007
"33036",45,70011,6097703,4,2012,111,71,"Happy Valley Primary",96007
"33037",45,70045,6050397,2,2012,111,84,"Junction Elementary",96073
"33038",45,70045,6050397,3,2012,31,59,"Junction Elementary",96073
"33039",45,70045,6050397,3,2012,111,71.5,"Junction Elementary",96073
"33040",45,70045,6050397,4,2012,111,92.9555555555555,"Junction Elementary",96073
"33041",45,70045,6050397,5,2012,111,89.6724137931034,"Junction Elementary",96073
"33042",45,70052,6050405,2,2012,31,68,"Millville Elementary",96062
"33043",45,70052,6050405,3,2012,31,80,"Millville Elementary",96062
"33044",45,70052,6050405,4,2012,31,93.5,"Millville Elementary",96062
"33045",45,70052,6050405,4,2012,111,75,"Millville Elementary",96062
"33046",45,70052,6050405,5,2012,31,62.14,"Millville Elementary",96062
"33047",45,70052,6050405,5,2012,111,81.3333333333333,"Millville Elementary",96062
"33048",45,70052,6050405,6,2012,31,60,"Millville Elementary",96062
"33049",45,70052,6050405,6,2012,111,55,"Millville Elementary",96062
"33050",45,70052,6050405,7,2012,111,88.5,"Millville Elementary",96062
"33051",45,70052,6050405,8,2012,31,82.3333333333333,"Millville Elementary",96062
"33052",45,70052,6050405,8,2012,111,82.9382716049383,"Millville Elementary",96062
"33053",45,70078,6050421,2,2012,111,93,"North Cow Creek Elementary",96073
"33054",45,70078,6050421,3,2012,111,64,"North Cow Creek Elementary",96073
"33055",45,70078,6050421,4,2012,111,93.5,"North Cow Creek Elementary",96073
"33056",45,70078,6050421,5,2012,111,74.3414634146341,"North Cow Creek Elementary",96073
"33057",45,70078,6050421,6,2012,31,81,"North Cow Creek Elementary",96073
"33058",45,70078,6050421,6,2012,111,78,"North Cow Creek Elementary",96073
"33059",45,70078,6050421,7,2012,111,87,"North Cow Creek Elementary",96073
"33060",45,70078,6050421,8,2012,111,61.2238805970149,"North Cow Creek Elementary",96073
"33061",45,70094,6050447,4,2012,31,31.5,"Pacheco Elementary",96002
"33062",45,70094,6050447,4,2012,111,82.5,"Pacheco Elementary",96002
"33063",45,70094,6050447,5,2012,31,43,"Pacheco Elementary",96002
"33064",45,70094,6050447,5,2012,111,64,"Pacheco Elementary",96002
"33065",45,70094,6050447,6,2012,31,36,"Pacheco Elementary",96002
"33066",45,70094,6050447,6,2012,111,63.5,"Pacheco Elementary",96002
"33067",45,70094,6050447,7,2012,31,44.5,"Pacheco Elementary",96002
"33068",45,70094,6050447,7,2012,111,63.5,"Pacheco Elementary",96002
"33069",45,70094,6050447,8,2012,31,31.1240310077519,"Pacheco Elementary",96002
"33070",45,70094,6050447,8,2012,111,41.3949044585987,"Pacheco Elementary",96002
"33071",45,70094,6050454,2,2012,31,50,"Prairie Elementary",96007
"33072",45,70094,6050454,2,2012,111,80.5,"Prairie Elementary",96007
"33073",45,70094,6050454,3,2012,31,49.2156862745098,"Prairie Elementary",96007
"33074",45,70094,6050454,3,2012,111,69.5,"Prairie Elementary",96007
"33075",45,70110,6050462,2,2012,31,62,"Bonny View Elementary",96001
"33076",45,70110,6050462,2,2012,111,81.5,"Bonny View Elementary",96001
"33077",45,70110,6050462,3,2012,31,52,"Bonny View Elementary",96001
"33078",45,70110,6050462,3,2012,111,69,"Bonny View Elementary",96001
"33079",45,70110,6050462,4,2012,31,65,"Bonny View Elementary",96001
"33080",45,70110,6050462,4,2012,111,87.5,"Bonny View Elementary",96001
"33081",45,70110,6050462,5,2012,31,71,"Bonny View Elementary",96001
"33082",45,70110,6050462,5,2012,111,62.051724137931,"Bonny View Elementary",96001
"33083",45,70110,6050470,2,2012,31,48,"Cypress Elementary",96001
"33084",45,70110,6050470,2,2012,111,53,"Cypress Elementary",96001
"33085",45,70110,6050470,3,2012,31,45,"Cypress Elementary",96001
"33086",45,70110,6050470,5,2012,31,57,"Cypress Elementary",96001
"33087",45,70110,6050488,2,2012,31,63,"Juniper",96001
"33088",45,70110,6050488,3,2012,31,63.265306122449,"Juniper",96001
"33089",45,70110,6050488,4,2012,31,61,"Juniper",96001
"33090",45,70110,6050488,5,2012,31,66.6666666666667,"Juniper",96001
"33091",45,70110,6050488,6,2012,31,53,"Juniper",96001
"33092",45,70110,6050488,7,2012,31,50,"Juniper",96001
"33093",45,70110,6050488,8,2012,31,43.3260869565217,"Juniper",96001
"33094",45,70110,6050512,2,2012,31,77.5,"Manzanita Elementary",96001
"33095",45,70110,6050512,2,2012,111,89.5,"Manzanita Elementary",96001
"33096",45,70110,6050512,3,2012,31,57,"Manzanita Elementary",96001
"33097",45,70110,6050512,3,2012,111,66.5,"Manzanita Elementary",96001
"33098",45,70110,6050512,4,2012,31,63.5714285714286,"Manzanita Elementary",96001
"33099",45,70110,6050512,4,2012,111,76,"Manzanita Elementary",96001
"33100",45,70110,6050512,5,2012,31,67.1889763779528,"Manzanita Elementary",96001
"33101",45,70110,6050512,5,2012,111,78.6666666666667,"Manzanita Elementary",96001
"33102",45,70110,6050520,4,2012,31,92.5,"Sequoia Middle",96001
"33103",45,70110,6050520,4,2012,111,89.5,"Sequoia Middle",96001
"33104",45,70110,6050520,5,2012,31,72.5106382978723,"Sequoia Middle",96001
"33105",45,70110,6050520,5,2012,111,85.6666666666667,"Sequoia Middle",96001
"33106",45,70110,6050520,6,2012,31,44.0087336244542,"Sequoia Middle",96001
"33107",45,70110,6050520,6,2012,111,61.984496124031,"Sequoia Middle",96001
"33108",45,70110,6050520,7,2012,31,50.2539682539683,"Sequoia Middle",96001
"33109",45,70110,6050520,7,2012,111,78.0671936758893,"Sequoia Middle",96001
"33110",45,70110,6050520,8,2012,31,44.0896860986547,"Sequoia Middle",96001
"33111",45,70110,6050520,8,2012,111,58.5803571428571,"Sequoia Middle",96001
"33112",45,70110,6050538,2,2012,31,26.943661971831,"Sycamore Elementary",96001
"33113",45,70110,6050538,3,2012,31,31.2962962962963,"Sycamore Elementary",96001
"33114",45,70110,6050538,4,2012,31,50,"Sycamore Elementary",96001
"33115",45,70110,6050538,5,2012,31,47.0322580645161,"Sycamore Elementary",96001
"33116",45,70110,6101612,2,2012,31,56,"Turtle Bay",96003
"33117",45,70110,6101612,2,2012,111,69,"Turtle Bay",96003
"33118",45,70110,6101612,3,2012,31,67.5,"Turtle Bay",96003
"33119",45,70110,6101612,3,2012,111,74,"Turtle Bay",96003
"33120",45,70110,6101612,4,2012,31,75,"Turtle Bay",96003
"33121",45,70110,6101612,4,2012,111,83,"Turtle Bay",96003
"33122",45,70110,6101612,5,2012,31,64.2869565217391,"Turtle Bay",96003
"33123",45,70110,6101612,5,2012,111,86.3839285714286,"Turtle Bay",96003
"33124",45,70110,6101612,6,2012,31,56,"Turtle Bay",96003
"33125",45,70110,6101612,6,2012,111,74,"Turtle Bay",96003
"33126",45,70110,6101612,7,2012,31,85,"Turtle Bay",96003
"33127",45,70110,6101612,7,2012,111,89.5614035087719,"Turtle Bay",96003
"33128",45,70110,6101612,8,2012,31,60.8823529411765,"Turtle Bay",96003
"33129",45,70110,6101612,8,2012,111,64.0945945945946,"Turtle Bay",96003
"33130",45,70110,6116925,2,2012,111,50,"Stellar Charter",96001
"33131",45,70110,6116925,3,2012,111,34,"Stellar Charter",96001
"33132",45,70110,6116925,8,2012,111,70.25,"Stellar Charter",96001
"33133",45,70128,6050546,2,2012,111,91,"Shasta Elementary",96087
"33134",45,70128,6050546,3,2012,111,47,"Shasta Elementary",96087
"33135",45,70128,6050546,4,2012,111,50,"Shasta Elementary",96087
"33136",45,70136,106013,6,2012,31,71,"University Preparatory",96001
"33137",45,70136,106013,6,2012,111,77.5,"University Preparatory",96001
"33138",45,70136,106013,7,2012,31,64.4705882352941,"University Preparatory",96001
"33139",45,70136,106013,7,2012,111,82.1101694915254,"University Preparatory",96001
"33140",45,70136,106013,8,2012,31,73.9014084507042,"University Preparatory",96001
"33141",45,70136,106013,8,2012,111,85.7142857142857,"University Preparatory",96001
"33142",45,70136,106013,9,2012,31,64.746835443038,"University Preparatory",96001
"33143",45,70136,106013,9,2012,111,76.96484375,"University Preparatory",96001
"33144",45,70136,106013,10,2012,31,79.3333333333333,"University Preparatory",96001
"33145",45,70136,106013,10,2012,111,79.1155660377358,"University Preparatory",96001
"33146",45,70136,106013,11,2012,31,68,"University Preparatory",96001
"33147",45,70136,106013,11,2012,111,72.7439024390244,"University Preparatory",96001
"33148",45,70136,4530044,9,2012,31,62.8618618618619,"Foothill High",96073
"33149",45,70136,4530044,9,2012,111,71.5143824027073,"Foothill High",96073
"33150",45,70136,4530044,10,2012,31,50.1309297912713,"Foothill High",96073
"33151",45,70136,4530044,10,2012,111,62.1191806331471,"Foothill High",96073
"33152",45,70136,4530044,11,2012,31,49.7264573991031,"Foothill High",96073
"33153",45,70136,4530044,11,2012,111,62.2646239554318,"Foothill High",96073
"33154",45,70136,4530200,11,2012,31,2.27338129496403,"Pioneer Continuation High",96001
"33155",45,70136,4530200,11,2012,111,3.85714285714286,"Pioneer Continuation High",96001
"33156",45,70136,4532750,9,2012,31,51.1233885819521,"Enterprise High",96002
"33157",45,70136,4532750,9,2012,111,71.8264058679707,"Enterprise High",96002
"33158",45,70136,4532750,10,2012,31,43.0936739659367,"Enterprise High",96002
"33159",45,70136,4532750,10,2012,111,60.83608815427,"Enterprise High",96002
"33160",45,70136,4532750,11,2012,31,39.5071090047393,"Enterprise High",96002
"33161",45,70136,4532750,11,2012,111,51.1837209302326,"Enterprise High",96002
"33162",45,70136,4537304,9,2012,31,50.9110576923077,"Shasta High",96001
"33163",45,70136,4537304,9,2012,111,72.0550161812298,"Shasta High",96001
"33164",45,70136,4537304,10,2012,31,51.2821997105644,"Shasta High",96001
"33165",45,70136,4537304,10,2012,111,65.1191135734072,"Shasta High",96001
"33166",45,70136,4537304,11,2012,31,44.0632411067194,"Shasta High",96001
"33167",45,70136,4537304,11,2012,111,62.4135429262394,"Shasta High",96001
"33168",45,75267,113407,2,2012,31,46,"Rocky Point Charter",96003
"33169",45,75267,113407,3,2012,31,46,"Rocky Point Charter",96003
"33170",45,75267,113407,3,2012,111,73,"Rocky Point Charter",96003
"33171",45,75267,113407,4,2012,31,50,"Rocky Point Charter",96003
"33172",45,75267,6050090,2,2012,31,53,"Buckeye School of the Arts",96003
"33173",45,75267,6050090,2,2012,111,53.5,"Buckeye School of the Arts",96003
"33174",45,75267,6050090,3,2012,31,52.2068965517241,"Buckeye School of the Arts",96003
"33175",45,75267,6050090,3,2012,111,61,"Buckeye School of the Arts",96003
"33176",45,75267,6050090,4,2012,31,58.0173913043478,"Buckeye School of the Arts",96003
"33177",45,75267,6050090,4,2012,111,78,"Buckeye School of the Arts",96003
"33178",45,75267,6050090,5,2012,31,58.3557046979866,"Buckeye School of the Arts",96003
"33179",45,75267,6050090,5,2012,111,59.9714285714286,"Buckeye School of the Arts",96003
"33180",45,75267,6050090,6,2012,31,54,"Buckeye School of the Arts",96003
"33181",46,70177,4634259,10,2012,31,56.7027027027027,"Loyalton High",96118
"33182",46,70177,4634259,10,2012,111,48.4545454545455,"Loyalton High",96118
"33183",46,70177,4634259,11,2012,31,47.6,"Loyalton High",96118
"33184",46,70177,4634259,11,2012,111,48.3714285714286,"Loyalton High",96118
"33185",46,70177,6050629,2,2012,31,64,"Loyalton Elementary",96118
"33186",46,70177,6050629,3,2012,111,82.5,"Loyalton Elementary",96118
"33187",46,70177,6050629,4,2012,31,62.5,"Loyalton Elementary",96118
"33188",46,70177,6050629,4,2012,111,70.5,"Loyalton Elementary",96118
"33189",46,70177,6050629,5,2012,111,73,"Loyalton Elementary",96118
"33190",46,70177,6050629,6,2012,31,50,"Loyalton Elementary",96118
"33191",46,70177,6050629,6,2012,111,37,"Loyalton Elementary",96118
"33192",47,10470,117168,2,2012,111,59.5,"Golden Eagle Charter",96067
"33193",47,10470,117168,3,2012,31,31.5,"Golden Eagle Charter",96067
"33194",47,10470,117168,3,2012,111,50,"Golden Eagle Charter",96067
"33195",47,10470,117168,4,2012,31,67.88,"Golden Eagle Charter",96067
"33196",47,10470,117168,5,2012,31,34.4727272727273,"Golden Eagle Charter",96067
"33197",47,10470,117168,5,2012,111,41.1136363636364,"Golden Eagle Charter",96067
"33198",47,10470,117168,6,2012,31,42,"Golden Eagle Charter",96067
"33199",47,10470,117168,6,2012,111,36,"Golden Eagle Charter",96067
"33200",47,10470,117168,7,2012,31,25.8260869565217,"Golden Eagle Charter",96067
"33201",47,10470,117168,7,2012,111,75,"Golden Eagle Charter",96067
"33202",47,10470,117168,8,2012,31,46.4477611940299,"Golden Eagle Charter",96067
"33203",47,10470,117168,9,2012,31,70.8387096774194,"Golden Eagle Charter",96067
"33204",47,10470,117168,10,2012,31,44.7321428571429,"Golden Eagle Charter",96067
"33205",47,10470,117168,11,2012,31,44.3111111111111,"Golden Eagle Charter",96067
"33206",47,70185,6050652,8,2012,31,45.3333333333333,"Big Springs Elementary",96064
"33207",47,70201,6050678,3,2012,31,45.5,"Butteville Elementary",96094
"33208",47,70201,6050678,4,2012,31,66.6666666666667,"Butteville Elementary",96094
"33209",47,70201,6050678,5,2012,31,54.6666666666667,"Butteville Elementary",96094
"33210",47,70201,6050678,7,2012,111,82,"Butteville Elementary",96094
"33211",47,70201,6050678,8,2012,111,88,"Butteville Elementary",96094
"33212",47,70243,6050710,2,2012,31,40.5,"Dunsmuir Elementary",96025
"33213",47,70243,6050710,7,2012,31,43.3243243243243,"Dunsmuir Elementary",96025
"33214",47,70243,6050710,8,2012,31,29.4411764705882,"Dunsmuir Elementary",96025
"33215",47,70250,4732707,9,2012,31,36,"Dunsmuir High",96025
"33216",47,70250,4732707,10,2012,31,8.33333333333333,"Dunsmuir High",96025
"33217",47,70250,4732707,11,2012,31,30.5,"Dunsmuir High",96025
"33218",47,70326,6050777,5,2012,31,71.1052631578947,"Grenada Elementary",96038
"33219",47,70326,6050777,6,2012,31,43.5,"Grenada Elementary",96038
"33220",47,70326,6050777,8,2012,31,45.1774193548387,"Grenada Elementary",96038
"33221",47,70417,6050876,2,2012,31,64,"Montague Elementary",96064
"33222",47,70417,6050876,4,2012,31,45.5,"Montague Elementary",96064
"33223",47,70425,6050884,2,2012,31,33,"Mt. Shasta Elementary",96067
"33224",47,70425,6050884,2,2012,111,79,"Mt. Shasta Elementary",96067
"33225",47,70425,6050884,3,2012,31,31.5,"Mt. Shasta Elementary",96067
"33226",47,70425,6050884,3,2012,111,66,"Mt. Shasta Elementary",96067
"33227",47,70425,6050892,4,2012,31,64.030303030303,"Sisson",96067
"33228",47,70425,6050892,4,2012,111,86,"Sisson",96067
"33229",47,70425,6050892,5,2012,31,64,"Sisson",96067
"33230",47,70425,6050892,5,2012,111,90.3975903614458,"Sisson",96067
"33231",47,70425,6050892,6,2012,31,52.6666666666667,"Sisson",96067
"33232",47,70425,6050892,6,2012,111,66.1518987341772,"Sisson",96067
"33233",47,70425,6050892,7,2012,31,48.3714285714286,"Sisson",96067
"33234",47,70425,6050892,7,2012,111,74,"Sisson",96067
"33235",47,70425,6050892,8,2012,31,55.1830985915493,"Sisson",96067
"33236",47,70425,6050892,8,2012,111,67.0944444444444,"Sisson",96067
"33237",47,70466,4734356,10,2012,31,31.1714285714286,"Happy Camp High",96039
"33238",47,70466,4734356,11,2012,31,27,"Happy Camp High",96039
"33239",47,70466,4735403,9,2012,31,52.4,"Mt. Shasta High",96067
"33240",47,70466,4735403,9,2012,111,69.0454545454545,"Mt. Shasta High",96067
"33241",47,70466,4735403,10,2012,31,56.3333333333333,"Mt. Shasta High",96067
"33242",47,70466,4735403,10,2012,111,52.140056022409,"Mt. Shasta High",96067
"33243",47,70466,4735403,11,2012,31,47.5,"Mt. Shasta High",96067
"33244",47,70466,4735403,11,2012,111,51.5151515151515,"Mt. Shasta High",96067
"33245",47,70466,4738753,9,2012,31,29.0307692307692,"Weed High",96094
"33246",47,70466,4738753,9,2012,111,62.6041666666667,"Weed High",96094
"33247",47,70466,4738753,10,2012,31,17.4929577464789,"Weed High",96094
"33248",47,70466,4738753,10,2012,111,31,"Weed High",96094
"33249",47,70466,4738753,11,2012,31,17.4202898550725,"Weed High",96094
"33250",47,70466,4738753,11,2012,111,47.5,"Weed High",96094
"33251",47,70482,6050942,2,2012,31,40.5,"Weed Elementary",96094
"33252",47,70482,6050942,3,2012,31,29,"Weed Elementary",96094
"33253",47,70482,6050942,4,2012,31,41.5,"Weed Elementary",96094
"33254",47,70482,6050942,5,2012,31,56.6666666666667,"Weed Elementary",96094
"33255",47,70482,6050942,6,2012,31,39.5,"Weed Elementary",96094
"33256",47,70482,6050942,7,2012,31,39,"Weed Elementary",96094
"33257",47,70482,6050942,8,2012,31,21.6666666666667,"Weed Elementary",96094
"33258",47,70482,6050942,8,2012,111,35.6666666666667,"Weed Elementary",96094
"33259",47,70508,6067136,2,2012,31,50,"Evergreen Elementary",96097
"33260",47,70508,6067136,2,2012,111,76,"Evergreen Elementary",96097
"33261",47,70516,4739207,9,2012,31,37.8,"Yreka High",96097
"33262",47,70516,4739207,9,2012,111,61.9790940766551,"Yreka High",96097
"33263",47,70516,4739207,10,2012,31,49.6275071633238,"Yreka High",96097
"33264",47,70516,4739207,10,2012,111,68.3423799582463,"Yreka High",96097
"33265",47,70516,4739207,11,2012,31,35.6902173913044,"Yreka High",96097
"33266",47,70516,4739207,11,2012,111,63.5328185328185,"Yreka High",96097
"33267",47,73684,4731253,9,2012,111,64,"Butte Valley High",96023
"33268",47,73684,4731253,10,2012,31,0,"Butte Valley High",96023
"33269",47,73684,4731253,11,2012,111,24.1034482758621,"Butte Valley High",96023
"33270",47,76455,4733309,9,2012,31,36.8695652173913,"Etna Union High",96027
"33271",47,76455,4733309,9,2012,111,63.5609756097561,"Etna Union High",96027
"33272",47,76455,4733309,10,2012,31,51.3636363636364,"Etna Union High",96027
"33273",47,76455,4733309,10,2012,111,82,"Etna Union High",96027
"33274",47,76455,4733309,11,2012,31,47.4210526315789,"Etna Union High",96027
"33275",47,76455,4733309,11,2012,111,67.5,"Etna Union High",96027
"33276",47,76455,6050728,2,2012,31,78.5,"Etna Elementary",96027
"33277",47,76455,6050728,3,2012,31,63.5,"Etna Elementary",96027
"33278",47,76455,6050728,3,2012,111,64,"Etna Elementary",96027
"33279",47,76455,6050728,4,2012,31,80.741935483871,"Etna Elementary",96027
"33280",47,76455,6050728,4,2012,111,85.5185185185185,"Etna Elementary",96027
"33281",47,76455,6050728,5,2012,31,91,"Etna Elementary",96027
"33282",47,76455,6050728,5,2012,111,89.6666666666667,"Etna Elementary",96027
"33283",47,76455,6050728,6,2012,31,88,"Etna Elementary",96027
"33284",47,76455,6050728,6,2012,111,82.5,"Etna Elementary",96027
"33285",47,76455,6050751,2,2012,31,29,"Fort Jones Elementary",96032
"33286",47,76455,6050751,3,2012,31,55.1724137931034,"Fort Jones Elementary",96032
"33287",47,76455,6050751,4,2012,31,62.5,"Fort Jones Elementary",96032
"33288",47,76455,6050751,5,2012,31,56.5,"Fort Jones Elementary",96032
"33289",47,76455,6105480,7,2012,31,63.9787234042553,"Scott Valley Junior High",96032
"33290",47,76455,6105480,7,2012,111,72,"Scott Valley Junior High",96032
"33291",47,76455,6105480,8,2012,31,58.25,"Scott Valley Junior High",96032
"33292",47,76455,6105480,8,2012,111,63.0217391304348,"Scott Valley Junior High",96032
"33293",48,10488,6089668,10,2012,31,9,"Solano County Community",94533
"33294",48,70524,4831004,9,2012,31,43.4084507042254,"Benicia High",94510
"33295",48,70524,4831004,9,2012,111,67.4387351778656,"Benicia High",94510
"33296",48,70524,4831004,10,2012,31,38.5510204081633,"Benicia High",94510
"33297",48,70524,4831004,10,2012,111,61.7772898368883,"Benicia High",94510
"33298",48,70524,4831004,11,2012,31,50.5,"Benicia High",94510
"33299",48,70524,4831004,11,2012,111,59.6532110091743,"Benicia High",94510
"33300",48,70524,6050983,6,2012,31,35,"Benicia Middle",94510
"33301",48,70524,6050983,6,2012,111,68.5,"Benicia Middle",94510
"33302",48,70524,6050983,7,2012,31,59.5,"Benicia Middle",94510
"33303",48,70524,6050983,7,2012,111,78.0606060606061,"Benicia Middle",94510
"33304",48,70524,6050983,8,2012,31,48.2058823529412,"Benicia Middle",94510
"33305",48,70524,6050983,8,2012,111,79.6457811194653,"Benicia Middle",94510
"33306",48,70532,4832259,9,2012,31,34.7652811735941,"Dixon High",95620
"33307",48,70532,4832259,9,2012,111,56.6861471861472,"Dixon High",95620
"33308",48,70532,4832259,10,2012,31,25.15,"Dixon High",95620
"33309",48,70532,4832259,10,2012,111,50.8125741399763,"Dixon High",95620
"33310",48,70532,4832259,11,2012,31,25.6840731070496,"Dixon High",95620
"33311",48,70532,4832259,11,2012,111,49.1905511811024,"Dixon High",95620
"33312",48,70532,6110282,2,2012,31,35.5,"Tremont Elementary",95620
"33313",48,70532,6110282,2,2012,111,70,"Tremont Elementary",95620
"33314",48,70532,6110282,3,2012,31,42.5,"Tremont Elementary",95620
"33315",48,70532,6110282,3,2012,111,74,"Tremont Elementary",95620
"33316",48,70532,6110282,4,2012,31,55.4096385542169,"Tremont Elementary",95620
"33317",48,70532,6110282,4,2012,111,79.5257731958763,"Tremont Elementary",95620
"33318",48,70532,6110282,5,2012,31,36.85,"Tremont Elementary",95620
"33319",48,70532,6110282,5,2012,111,66.3333333333333,"Tremont Elementary",95620
"33320",48,70532,6110282,6,2012,31,33.0526315789474,"Tremont Elementary",95620
"33321",48,70532,6110282,6,2012,111,69,"Tremont Elementary",95620
"33322",48,70532,6120240,2,2012,31,32,"Gretchen Higgins Elementary",95620
"33323",48,70532,6120240,2,2012,111,55.5,"Gretchen Higgins Elementary",95620
"33324",48,70532,6120240,3,2012,31,33.5,"Gretchen Higgins Elementary",95620
"33325",48,70532,6120240,3,2012,111,56,"Gretchen Higgins Elementary",95620
"33326",48,70532,6120240,4,2012,31,43.5070422535211,"Gretchen Higgins Elementary",95620
"33327",48,70532,6120240,4,2012,111,80.0434782608696,"Gretchen Higgins Elementary",95620
"33328",48,70532,6120240,5,2012,31,40.9523809523809,"Gretchen Higgins Elementary",95620
"33329",48,70532,6120240,5,2012,111,69,"Gretchen Higgins Elementary",95620
"33330",48,70532,6120240,6,2012,31,45.5,"Gretchen Higgins Elementary",95620
"33331",48,70532,6120240,6,2012,111,48.5,"Gretchen Higgins Elementary",95620
"33332",48,70540,113084,2,2012,31,84,"Rolling Hills Elementary",94534
"33333",48,70540,113084,2,2012,111,85.5,"Rolling Hills Elementary",94534
"33334",48,70540,113084,3,2012,31,39,"Rolling Hills Elementary",94534
"33335",48,70540,113084,3,2012,111,78.5,"Rolling Hills Elementary",94534
"33336",48,70540,113084,4,2012,31,57.0338983050847,"Rolling Hills Elementary",94534
"33337",48,70540,113084,4,2012,111,82.5,"Rolling Hills Elementary",94534
"33338",48,70540,113084,5,2012,31,78,"Rolling Hills Elementary",94534
"33339",48,70540,113084,5,2012,111,94.3333333333333,"Rolling Hills Elementary",94534
"33340",48,70540,113084,6,2012,31,71,"Rolling Hills Elementary",94534
"33341",48,70540,113084,6,2012,111,81.5,"Rolling Hills Elementary",94534
"33342",48,70540,113092,2,2012,31,64,"Cordelia Hills Elementary",94534
"33343",48,70540,113092,2,2012,111,73,"Cordelia Hills Elementary",94534
"33344",48,70540,113092,3,2012,31,50,"Cordelia Hills Elementary",94534
"33345",48,70540,113092,3,2012,111,76,"Cordelia Hills Elementary",94534
"33346",48,70540,113092,4,2012,31,84.5,"Cordelia Hills Elementary",94534
"33347",48,70540,113092,4,2012,111,85,"Cordelia Hills Elementary",94534
"33348",48,70540,113092,5,2012,31,67.6666666666667,"Cordelia Hills Elementary",94534
"33349",48,70540,113092,5,2012,111,81.6666666666667,"Cordelia Hills Elementary",94534
"33350",48,70540,113092,6,2012,31,60,"Cordelia Hills Elementary",94534
"33351",48,70540,113092,6,2012,111,78,"Cordelia Hills Elementary",94534
"33352",48,70540,4830451,9,2012,31,22.8719785138765,"Armijo High",94533
"33353",48,70540,4830451,9,2012,111,45.9214123006834,"Armijo High",94533
"33354",48,70540,4830451,10,2012,31,24.1793868232224,"Armijo High",94533
"33355",48,70540,4830451,10,2012,111,41.2408702408702,"Armijo High",94533
"33356",48,70540,4830451,11,2012,31,25.2656826568266,"Armijo High",94533
"33357",48,70540,4830451,11,2012,111,52.2706013363029,"Armijo High",94533
"33358",48,70540,4833000,9,2012,31,19.4315068493151,"Fairfield High",94533
"33359",48,70540,4833000,9,2012,111,38.5350140056022,"Fairfield High",94533
"33360",48,70540,4833000,10,2012,31,24.1352140077821,"Fairfield High",94533
"33361",48,70540,4833000,10,2012,111,39.449920508744,"Fairfield High",94533
"33362",48,70540,4833000,11,2012,31,30.3316912972085,"Fairfield High",94533
"33363",48,70540,4833000,11,2012,111,44.4484126984127,"Fairfield High",94533
"33364",48,70540,4836003,10,2012,31,1.12244897959184,"Sem Yeto Continuation High",94533
"33365",48,70540,4836003,10,2012,111,20.8947368421053,"Sem Yeto Continuation High",94533
"33366",48,70540,4836003,11,2012,31,7.59082892416226,"Sem Yeto Continuation High",94533
"33367",48,70540,4836003,11,2012,111,14,"Sem Yeto Continuation High",94533
"33368",48,70540,6051064,3,2012,31,42.5288888888889,"Anna Kyle Elementary",94533
"33369",48,70540,6051064,4,2012,31,42.0485436893204,"Anna Kyle Elementary",94533
"33370",48,70540,6051064,5,2012,31,47.8456140350877,"Anna Kyle Elementary",94533
"33371",48,70540,6051098,2,2012,31,61,"Cleo Gordon Elementary",94533
"33372",48,70540,6051098,3,2012,31,37.5,"Cleo Gordon Elementary",94533
"33373",48,70540,6051098,4,2012,31,48.5286624203822,"Cleo Gordon Elementary",94533
"33374",48,70540,6051098,5,2012,31,45.7035714285714,"Cleo Gordon Elementary",94533
"33375",48,70540,6051106,2,2012,31,49.5,"Crescent Elementary",94585
"33376",48,70540,6051106,2,2012,111,76.5,"Crescent Elementary",94585
"33377",48,70540,6051106,3,2012,31,49,"Crescent Elementary",94585
"33378",48,70540,6051106,3,2012,111,67,"Crescent Elementary",94585
"33379",48,70540,6051106,4,2012,31,69.5,"Crescent Elementary",94585
"33380",48,70540,6051106,4,2012,111,83.5,"Crescent Elementary",94585
"33381",48,70540,6051106,5,2012,31,62,"Crescent Elementary",94585
"33382",48,70540,6051106,5,2012,111,68,"Crescent Elementary",94585
"33383",48,70540,6051114,6,2012,31,43.9672131147541,"Crystal Middle",94585
"33384",48,70540,6051114,6,2012,111,68.9796954314721,"Crystal Middle",94585
"33385",48,70540,6051114,7,2012,31,47.378590078329,"Crystal Middle",94585
"33386",48,70540,6051114,7,2012,111,65.96875,"Crystal Middle",94585
"33387",48,70540,6051114,8,2012,31,40.1548183254344,"Crystal Middle",94585
"33388",48,70540,6051114,8,2012,111,56.8818565400844,"Crystal Middle",94585
"33389",48,70540,6051163,2,2012,31,63,"Fairview Elementary",94533
"33390",48,70540,6051163,2,2012,111,92,"Fairview Elementary",94533
"33391",48,70540,6051163,3,2012,31,50,"Fairview Elementary",94533
"33392",48,70540,6051163,4,2012,31,53.5,"Fairview Elementary",94533
"33393",48,70540,6051163,5,2012,31,52.3333333333333,"Fairview Elementary",94533
"33394",48,70540,6051189,7,2012,31,45.5154185022026,"Green Valley Middle",94534
"33395",48,70540,6051189,7,2012,111,79.5246800731261,"Green Valley Middle",94534
"33396",48,70540,6051189,8,2012,31,43.7845804988662,"Green Valley Middle",94534
"33397",48,70540,6051189,8,2012,111,72.5267649340574,"Green Valley Middle",94534
"33398",48,70540,6051221,2,2012,31,88,"Suisun Valley Elementary",94534
"33399",48,70540,6051221,2,2012,111,96.5,"Suisun Valley Elementary",94534
"33400",48,70540,6051221,3,2012,31,93,"Suisun Valley Elementary",94534
"33401",48,70540,6051221,3,2012,111,94.5,"Suisun Valley Elementary",94534
"33402",48,70540,6051221,4,2012,31,83,"Suisun Valley Elementary",94534
"33403",48,70540,6051221,4,2012,111,94.5,"Suisun Valley Elementary",94534
"33404",48,70540,6051221,5,2012,111,91.3333333333333,"Suisun Valley Elementary",94534
"33405",48,70540,6051221,6,2012,31,62.5,"Suisun Valley Elementary",94534
"33406",48,70540,6051221,6,2012,111,100,"Suisun Valley Elementary",94534
"33407",48,70540,6051221,7,2012,31,91,"Suisun Valley Elementary",94534
"33408",48,70540,6051221,7,2012,111,82.9268292682927,"Suisun Valley Elementary",94534
"33409",48,70540,6051221,8,2012,111,83.4945054945055,"Suisun Valley Elementary",94534
"33410",48,70540,6093397,6,2012,31,45.5012987012987,"Grange Middle",94533
"33411",48,70540,6093397,6,2012,111,71.5,"Grange Middle",94533
"33412",48,70540,6093397,7,2012,31,50.6974358974359,"Grange Middle",94533
"33413",48,70540,6093397,7,2012,111,75.4409448818898,"Grange Middle",94533
"33414",48,70540,6093397,8,2012,31,49.1215846994535,"Grange Middle",94533
"33415",48,70540,6093397,8,2012,111,63.9037037037037,"Grange Middle",94533
"33416",48,70540,6100754,2,2012,31,62,"Suisun Elementary",94585
"33417",48,70540,6100754,2,2012,111,82.5,"Suisun Elementary",94585
"33418",48,70540,6100754,3,2012,31,54.5,"Suisun Elementary",94585
"33419",48,70540,6100754,3,2012,111,55.5,"Suisun Elementary",94585
"33420",48,70540,6100754,4,2012,31,56.5042016806723,"Suisun Elementary",94585
"33421",48,70540,6100754,4,2012,111,68,"Suisun Elementary",94585
"33422",48,70540,6100754,5,2012,31,41.283422459893,"Suisun Elementary",94585
"33423",48,70540,6100754,5,2012,111,58.3333333333333,"Suisun Elementary",94585
"33424",48,70540,6109128,2,2012,31,65.5,"Dan O. Root Elementary",94585
"33425",48,70540,6109128,2,2012,111,81,"Dan O. Root Elementary",94585
"33426",48,70540,6109128,3,2012,31,73,"Dan O. Root Elementary",94585
"33427",48,70540,6109128,3,2012,111,75,"Dan O. Root Elementary",94585
"33428",48,70540,6109128,4,2012,31,81.5,"Dan O. Root Elementary",94585
"33429",48,70540,6109128,4,2012,111,84.5,"Dan O. Root Elementary",94585
"33430",48,70540,6109128,5,2012,31,70.6666666666667,"Dan O. Root Elementary",94585
"33431",48,70540,6109128,5,2012,111,78,"Dan O. Root Elementary",94585
"33432",48,70540,6111405,2,2012,31,67.5,"Laurel Creek Elementary",94533
"33433",48,70540,6111405,2,2012,111,78.5,"Laurel Creek Elementary",94533
"33434",48,70540,6111405,3,2012,31,59.5891891891892,"Laurel Creek Elementary",94533
"33435",48,70540,6111405,3,2012,111,61.5,"Laurel Creek Elementary",94533
"33436",48,70540,6111405,4,2012,31,72.5578231292517,"Laurel Creek Elementary",94533
"33437",48,70540,6111405,4,2012,111,91,"Laurel Creek Elementary",94533
"33438",48,70540,6111405,5,2012,31,63.0169491525424,"Laurel Creek Elementary",94533
"33439",48,70540,6111405,5,2012,111,79.3333333333333,"Laurel Creek Elementary",94533
"33440",48,70565,4830022,11,2012,31,13.5,"Travis Education Center",94533
"33441",48,70565,4830022,11,2012,111,8.74757281553398,"Travis Education Center",94533
"33442",48,70565,4838801,9,2012,31,58.09765625,"Vanden High",94533
"33443",48,70565,4838801,9,2012,111,68.47920997921,"Vanden High",94533
"33444",48,70565,4838801,10,2012,31,51.4380952380952,"Vanden High",94533
"33445",48,70565,4838801,10,2012,111,65.3570544554455,"Vanden High",94533
"33446",48,70565,4838801,11,2012,31,45.0594795539033,"Vanden High",94533
"33447",48,70565,4838801,11,2012,111,56.4362657091562,"Vanden High",94533
"33448",48,70565,6051254,2,2012,31,41.5,"Center Elementary",94533
"33449",48,70565,6051254,2,2012,111,78,"Center Elementary",94533
"33450",48,70565,6051254,3,2012,31,60,"Center Elementary",94533
"33451",48,70565,6051254,3,2012,111,68.1739130434783,"Center Elementary",94533
"33452",48,70565,6051254,4,2012,31,47,"Center Elementary",94533
"33453",48,70565,6051254,4,2012,111,73.3589743589744,"Center Elementary",94533
"33454",48,70565,6051254,5,2012,31,37.9111111111111,"Center Elementary",94533
"33455",48,70565,6051254,5,2012,111,68.9056603773585,"Center Elementary",94533
"33456",48,70565,6051254,6,2012,31,78.5,"Center Elementary",94533
"33457",48,70565,6051254,6,2012,111,75,"Center Elementary",94533
"33458",48,70565,6051262,7,2012,31,55.1021276595745,"Golden West Middle",94533
"33459",48,70565,6051262,7,2012,111,71.1693404634581,"Golden West Middle",94533
"33460",48,70565,6051262,8,2012,31,57.0482180293501,"Golden West Middle",94533
"33461",48,70565,6051262,8,2012,111,70.2173566878981,"Golden West Middle",94533
"33462",48,70565,6051270,2,2012,31,75,"Travis Elementary",94535
"33463",48,70565,6051270,2,2012,111,75,"Travis Elementary",94535
"33464",48,70565,6051270,3,2012,31,71.5,"Travis Elementary",94535
"33465",48,70565,6051270,3,2012,111,67.1061946902655,"Travis Elementary",94535
"33466",48,70565,6051270,4,2012,31,83.9183673469388,"Travis Elementary",94535
"33467",48,70565,6051270,4,2012,111,80.5,"Travis Elementary",94535
"33468",48,70565,6051270,5,2012,31,89,"Travis Elementary",94535
"33469",48,70565,6051270,5,2012,111,80.6702702702703,"Travis Elementary",94535
"33470",48,70565,6051270,6,2012,31,64,"Travis Elementary",94535
"33471",48,70565,6051270,6,2012,111,85.974358974359,"Travis Elementary",94535
"33472",48,70565,6068290,2,2012,31,60.5,"Scandia Elementary",94535
"33473",48,70565,6068290,2,2012,111,56,"Scandia Elementary",94535
"33474",48,70565,6068290,3,2012,31,58.6603773584906,"Scandia Elementary",94535
"33475",48,70565,6068290,3,2012,111,68.5,"Scandia Elementary",94535
"33476",48,70565,6068290,4,2012,31,71.6857142857143,"Scandia Elementary",94535
"33477",48,70565,6068290,4,2012,111,84,"Scandia Elementary",94535
"33478",48,70565,6068290,5,2012,31,84,"Scandia Elementary",94535
"33479",48,70565,6068290,5,2012,111,82.6377952755905,"Scandia Elementary",94535
"33480",48,70565,6068290,6,2012,31,60.5,"Scandia Elementary",94535
"33481",48,70565,6068290,6,2012,111,76,"Scandia Elementary",94535
"33482",48,70565,6103154,2,2012,31,60,"Cambridge Elementary",95687
"33483",48,70565,6103154,2,2012,111,74,"Cambridge Elementary",95687
"33484",48,70565,6103154,3,2012,31,42.6530612244898,"Cambridge Elementary",95687
"33485",48,70565,6103154,3,2012,111,47.5789473684211,"Cambridge Elementary",95687
"33486",48,70565,6103154,4,2012,31,51.0243902439024,"Cambridge Elementary",95687
"33487",48,70565,6103154,4,2012,111,51.3636363636364,"Cambridge Elementary",95687
"33488",48,70565,6103154,5,2012,31,44.4444444444444,"Cambridge Elementary",95687
"33489",48,70565,6103154,5,2012,111,65.2814070351759,"Cambridge Elementary",95687
"33490",48,70565,6103154,6,2012,31,45,"Cambridge Elementary",95687
"33491",48,70565,6103154,6,2012,111,69.5054945054945,"Cambridge Elementary",95687
"33492",48,70565,6111652,2,2012,31,60.5,"Foxboro Elementary",95687
"33493",48,70565,6111652,2,2012,111,50,"Foxboro Elementary",95687
"33494",48,70565,6111652,3,2012,31,47,"Foxboro Elementary",95687
"33495",48,70565,6111652,3,2012,111,52.0742857142857,"Foxboro Elementary",95687
"33496",48,70565,6111652,4,2012,31,69,"Foxboro Elementary",95687
"33497",48,70565,6111652,4,2012,111,80,"Foxboro Elementary",95687
"33498",48,70565,6111652,5,2012,31,65.3333333333333,"Foxboro Elementary",95687
"33499",48,70565,6111652,5,2012,111,74.6666666666667,"Foxboro Elementary",95687
"33500",48,70565,6111652,6,2012,31,48.9777777777778,"Foxboro Elementary",95687
"33501",48,70565,6111652,6,2012,111,79.0058479532164,"Foxboro Elementary",95687
"33502",48,70573,4837803,9,2012,31,26.3472527472527,"Vacaville High",95688
"33503",48,70573,4837803,9,2012,111,53.3781597573306,"Vacaville High",95688
"33504",48,70573,4837803,10,2012,31,33.6653005464481,"Vacaville High",95688
"33505",48,70573,4837803,10,2012,111,52.9122497055359,"Vacaville High",95688
"33506",48,70573,4837803,11,2012,31,19.232967032967,"Vacaville High",95688
"33507",48,70573,4837803,11,2012,111,38.7129337539432,"Vacaville High",95688
"33508",48,70573,6051288,2,2012,31,60.5,"Alamo Elementary",95688
"33509",48,70573,6051288,2,2012,111,75.5,"Alamo Elementary",95688
"33510",48,70573,6051288,3,2012,31,51.3529411764706,"Alamo Elementary",95688
"33511",48,70573,6051288,3,2012,111,77.5,"Alamo Elementary",95688
"33512",48,70573,6051288,4,2012,31,65,"Alamo Elementary",95688
"33513",48,70573,6051288,4,2012,111,85.0260869565217,"Alamo Elementary",95688
"33514",48,70573,6051288,5,2012,31,55.3333333333333,"Alamo Elementary",95688
"33515",48,70573,6051288,5,2012,111,78,"Alamo Elementary",95688
"33516",48,70573,6051288,6,2012,31,60.0588235294118,"Alamo Elementary",95688
"33517",48,70573,6051288,6,2012,111,76,"Alamo Elementary",95688
"33518",48,70573,6051320,2,2012,31,39.5,"Eugene Padan Elementary",95687
"33519",48,70573,6051320,2,2012,111,62.5,"Eugene Padan Elementary",95687
"33520",48,70573,6051320,3,2012,31,36.5,"Eugene Padan Elementary",95687
"33521",48,70573,6051320,3,2012,111,54,"Eugene Padan Elementary",95687
"33522",48,70573,6051320,4,2012,31,56.5,"Eugene Padan Elementary",95687
"33523",48,70573,6051320,4,2012,111,77.5,"Eugene Padan Elementary",95687
"33524",48,70573,6051320,5,2012,31,55,"Eugene Padan Elementary",95687
"33525",48,70573,6051320,5,2012,111,73,"Eugene Padan Elementary",95687
"33526",48,70573,6051320,6,2012,31,45.5,"Eugene Padan Elementary",95687
"33527",48,70573,6051320,6,2012,111,69,"Eugene Padan Elementary",95687
"33528",48,70573,6051338,2,2012,31,42.5,"Fairmont Charter Elementary",95687
"33529",48,70573,6051338,2,2012,111,63,"Fairmont Charter Elementary",95687
"33530",48,70573,6051338,3,2012,31,40,"Fairmont Charter Elementary",95687
"33531",48,70573,6051338,3,2012,111,47.5,"Fairmont Charter Elementary",95687
"33532",48,70573,6051338,4,2012,31,59.4862385321101,"Fairmont Charter Elementary",95687
"33533",48,70573,6051338,4,2012,111,58.5,"Fairmont Charter Elementary",95687
"33534",48,70573,6051338,5,2012,31,30.6666666666667,"Fairmont Charter Elementary",95687
"33535",48,70573,6051338,5,2012,111,42.1162790697674,"Fairmont Charter Elementary",95687
"33536",48,70573,6051338,6,2012,31,42.7727272727273,"Fairmont Charter Elementary",95687
"33537",48,70573,6051338,6,2012,111,67.5,"Fairmont Charter Elementary",95687
"33538",48,70573,6051346,2,2012,31,34,"Hemlock Elementary",95688
"33539",48,70573,6051346,2,2012,111,68.6206896551724,"Hemlock Elementary",95688
"33540",48,70573,6051346,3,2012,31,47,"Hemlock Elementary",95688
"33541",48,70573,6051346,3,2012,111,50,"Hemlock Elementary",95688
"33542",48,70573,6051346,4,2012,31,76,"Hemlock Elementary",95688
"33543",48,70573,6051346,4,2012,111,77.5,"Hemlock Elementary",95688
"33544",48,70573,6051346,5,2012,31,49.0491803278689,"Hemlock Elementary",95688
"33545",48,70573,6051346,5,2012,111,75.2075471698113,"Hemlock Elementary",95688
"33546",48,70573,6051346,6,2012,31,59.5,"Hemlock Elementary",95688
"33547",48,70573,6060180,7,2012,31,40.075,"Willis Jepson Middle",95688
"33548",48,70573,6060180,7,2012,111,70.4049295774648,"Willis Jepson Middle",95688
"33549",48,70573,6060180,8,2012,31,32.0294985250737,"Willis Jepson Middle",95688
"33550",48,70573,6060180,8,2012,111,56.4975649350649,"Willis Jepson Middle",95688
"33551",48,70573,6097950,2,2012,111,49,"Orchard Elementary",95688
"33552",48,70573,6097950,3,2012,111,85.5,"Orchard Elementary",95688
"33553",48,70573,6097950,4,2012,31,54,"Orchard Elementary",95688
"33554",48,70573,6097950,4,2012,111,82,"Orchard Elementary",95688
"33555",48,70573,6097950,5,2012,111,79.3333333333333,"Orchard Elementary",95688
"33556",48,70573,6097950,6,2012,111,79.4859813084112,"Orchard Elementary",95688
"33557",48,70573,6106363,7,2012,31,46.0408719346049,"Vaca Pena Middle",95687
"33558",48,70573,6106363,7,2012,111,69.9278350515464,"Vaca Pena Middle",95687
"33559",48,70573,6106363,8,2012,31,43.5133614627286,"Vaca Pena Middle",95687
"33560",48,70573,6106363,8,2012,111,64.6990788126919,"Vaca Pena Middle",95687
"33561",48,70573,6109094,2,2012,31,43,"Jean Callison Elementary",95687
"33562",48,70573,6109094,2,2012,111,59.5,"Jean Callison Elementary",95687
"33563",48,70573,6109094,3,2012,31,52,"Jean Callison Elementary",95687
"33564",48,70573,6109094,3,2012,111,62.5,"Jean Callison Elementary",95687
"33565",48,70573,6109094,4,2012,31,74.4571428571429,"Jean Callison Elementary",95687
"33566",48,70573,6109094,4,2012,111,79.4840425531915,"Jean Callison Elementary",95687
"33567",48,70573,6109094,5,2012,31,52.3333333333333,"Jean Callison Elementary",95687
"33568",48,70573,6109094,5,2012,111,61.3636363636364,"Jean Callison Elementary",95687
"33569",48,70573,6109094,6,2012,31,43.5,"Jean Callison Elementary",95687
"33570",48,70573,6109094,6,2012,111,61.5,"Jean Callison Elementary",95687
"33571",48,70573,6109672,2,2012,31,46.5,"Browns Valley Elementary",95688
"33572",48,70573,6109672,2,2012,111,71.487922705314,"Browns Valley Elementary",95688
"33573",48,70573,6109672,3,2012,111,68.5,"Browns Valley Elementary",95688
"33574",48,70573,6109672,4,2012,31,54.9420289855072,"Browns Valley Elementary",95688
"33575",48,70573,6109672,4,2012,111,75,"Browns Valley Elementary",95688
"33576",48,70573,6109672,5,2012,31,44,"Browns Valley Elementary",95688
"33577",48,70573,6109672,5,2012,111,63.6867469879518,"Browns Valley Elementary",95688
"33578",48,70573,6109672,6,2012,31,63,"Browns Valley Elementary",95688
"33579",48,70573,6109672,6,2012,111,69.5,"Browns Valley Elementary",95688
"33580",48,70573,6110241,2,2012,31,68.5,"Cooper Elementary",95687
"33581",48,70573,6110241,2,2012,111,86.5,"Cooper Elementary",95687
"33582",48,70573,6110241,3,2012,31,52.5,"Cooper Elementary",95687
"33583",48,70573,6110241,3,2012,111,70.9543147208122,"Cooper Elementary",95687
"33584",48,70573,6110241,4,2012,31,81,"Cooper Elementary",95687
"33585",48,70573,6110241,4,2012,111,88.5,"Cooper Elementary",95687
"33586",48,70573,6110241,5,2012,31,60.3333333333333,"Cooper Elementary",95687
"33587",48,70573,6110241,5,2012,111,75.0108303249097,"Cooper Elementary",95687
"33588",48,70573,6110241,6,2012,31,66.5,"Cooper Elementary",95687
"33589",48,70573,6110241,6,2012,111,79.4973544973545,"Cooper Elementary",95687
"33590",48,70581,115469,2,2012,31,62,"Vallejo Charter",94591
"33591",48,70581,115469,2,2012,111,67.5,"Vallejo Charter",94591
"33592",48,70581,115469,3,2012,31,32,"Vallejo Charter",94591
"33593",48,70581,115469,3,2012,111,68.8813559322034,"Vallejo Charter",94591
"33594",48,70581,115469,4,2012,31,63.5,"Vallejo Charter",94591
"33595",48,70581,115469,4,2012,111,74,"Vallejo Charter",94591
"33596",48,70581,115469,5,2012,31,40.3333333333333,"Vallejo Charter",94591
"33597",48,70581,115469,5,2012,111,56.6666666666667,"Vallejo Charter",94591
"33598",48,70581,115469,6,2012,31,39,"Vallejo Charter",94591
"33599",48,70581,115469,6,2012,111,71.5,"Vallejo Charter",94591
"33600",48,70581,115469,7,2012,31,35,"Vallejo Charter",94591
"33601",48,70581,115469,7,2012,111,55.5,"Vallejo Charter",94591
"33602",48,70581,115469,8,2012,31,23,"Vallejo Charter",94591
"33603",48,70581,115469,8,2012,111,50.7183098591549,"Vallejo Charter",94591
"33604",48,70581,4830196,9,2012,31,37.1935483870968,"MIT Academy",94589
"33605",48,70581,4830196,9,2012,111,55.7777777777778,"MIT Academy",94589
"33606",48,70581,4830196,10,2012,31,20,"MIT Academy",94589
"33607",48,70581,4830196,10,2012,111,46.4530386740332,"MIT Academy",94589
"33608",48,70581,4830196,11,2012,31,19.625,"MIT Academy",94589
"33609",48,70581,4830196,11,2012,111,42.0625,"MIT Academy",94589
"33610",48,70581,4838504,9,2012,31,23.0210526315789,"Vallejo High",94590
"33611",48,70581,4838504,9,2012,111,32.0843373493976,"Vallejo High",94590
"33612",48,70581,4838504,10,2012,31,23.1362126245847,"Vallejo High",94590
"33613",48,70581,4838504,10,2012,111,36.5749235474006,"Vallejo High",94590
"33614",48,70581,4838504,11,2012,31,28.2070217917676,"Vallejo High",94590
"33615",48,70581,4838504,11,2012,111,37.3606271777004,"Vallejo High",94590
"33616",48,70581,6051411,2,2012,31,55,"Dan Mini Elementary",94589
"33617",48,70581,6051411,2,2012,111,80,"Dan Mini Elementary",94589
"33618",48,70581,6051411,3,2012,31,35.0857142857143,"Dan Mini Elementary",94589
"33619",48,70581,6051411,3,2012,111,40,"Dan Mini Elementary",94589
"33620",48,70581,6051411,4,2012,31,53.5,"Dan Mini Elementary",94589
"33621",48,70581,6051411,4,2012,111,75,"Dan Mini Elementary",94589
"33622",48,70581,6051411,5,2012,31,48,"Dan Mini Elementary",94589
"33623",48,70581,6051411,5,2012,111,69,"Dan Mini Elementary",94589
"33624",48,70581,6051445,2,2012,31,44.5,"Federal Terrace Elementary",94590
"33625",48,70581,6051445,2,2012,111,66.5,"Federal Terrace Elementary",94590
"33626",48,70581,6051445,3,2012,31,28.5,"Federal Terrace Elementary",94590
"33627",48,70581,6051445,3,2012,111,50,"Federal Terrace Elementary",94590
"33628",48,70581,6051445,4,2012,31,61.9836065573771,"Federal Terrace Elementary",94590
"33629",48,70581,6051445,4,2012,111,85,"Federal Terrace Elementary",94590
"33630",48,70581,6051445,5,2012,31,28.7025316455696,"Federal Terrace Elementary",94590
"33631",48,70581,6051445,5,2012,111,50.8548387096774,"Federal Terrace Elementary",94590
"33632",48,70581,6051478,2,2012,31,60.9726775956284,"Highland Elementary",94590
"33633",48,70581,6051478,2,2012,111,50,"Highland Elementary",94590
"33634",48,70581,6051478,3,2012,31,50.4254143646409,"Highland Elementary",94590
"33635",48,70581,6051478,3,2012,111,43.5,"Highland Elementary",94590
"33636",48,70581,6051478,4,2012,31,55.5027624309392,"Highland Elementary",94590
"33637",48,70581,6051478,4,2012,111,92.5,"Highland Elementary",94590
"33638",48,70581,6051478,5,2012,31,50,"Highland Elementary",94590
"33639",48,70581,6051478,5,2012,111,71.6666666666667,"Highland Elementary",94590
"33640",48,70581,6051494,2,2012,31,37,"Lincoln Elementary",94590
"33641",48,70581,6051494,3,2012,31,36.9195402298851,"Lincoln Elementary",94590
"33642",48,70581,6051494,4,2012,31,78,"Lincoln Elementary",94590
"33643",48,70581,6051494,5,2012,31,42.3333333333333,"Lincoln Elementary",94590
"33644",48,70581,6051544,2,2012,31,54,"Steffan Manor Elementary",94591
"33645",48,70581,6051544,2,2012,111,60,"Steffan Manor Elementary",94591
"33646",48,70581,6051544,3,2012,31,37.5573770491803,"Steffan Manor Elementary",94591
"33647",48,70581,6051544,3,2012,111,45.5,"Steffan Manor Elementary",94591
"33648",48,70581,6051544,4,2012,31,65.4858757062147,"Steffan Manor Elementary",94591
"33649",48,70581,6051544,4,2012,111,71.5,"Steffan Manor Elementary",94591
"33650",48,70581,6051544,5,2012,31,41.692607003891,"Steffan Manor Elementary",94591
"33651",48,70581,6051544,5,2012,111,58.6890756302521,"Steffan Manor Elementary",94591
"33652",48,70581,6060206,6,2012,31,33,"Hogan Middle",94591
"33653",48,70581,6060206,6,2012,111,51.5,"Hogan Middle",94591
"33654",48,70581,6060206,7,2012,31,34.5360501567398,"Hogan Middle",94591
"33655",48,70581,6060206,7,2012,111,54.9716981132075,"Hogan Middle",94591
"33656",48,70581,6060206,8,2012,31,35.3720588235294,"Hogan Middle",94591
"33657",48,70581,6060206,8,2012,111,53.5189107413011,"Hogan Middle",94591
"33658",48,70581,6107684,2,2012,31,34,"Glen Cove Elementary",94591
"33659",48,70581,6107684,2,2012,111,63.5,"Glen Cove Elementary",94591
"33660",48,70581,6107684,3,2012,31,43,"Glen Cove Elementary",94591
"33661",48,70581,6107684,3,2012,111,58.5,"Glen Cove Elementary",94591
"33662",48,70581,6107684,4,2012,31,46.5,"Glen Cove Elementary",94591
"33663",48,70581,6107684,4,2012,111,67,"Glen Cove Elementary",94591
"33664",48,70581,6107684,5,2012,31,50.3333333333333,"Glen Cove Elementary",94591
"33665",48,70581,6107684,5,2012,111,50.468085106383,"Glen Cove Elementary",94591
"33666",48,76661,122267,2,2012,111,67.5,"Dixon Montessori Charter",95620
"33667",48,76661,122267,3,2012,111,63,"Dixon Montessori Charter",95620
"33668",48,76661,122267,4,2012,111,64,"Dixon Montessori Charter",95620
"33669",48,76661,122267,5,2012,31,36,"Dixon Montessori Charter",95620
"33670",48,76661,122267,5,2012,111,45.3333333333333,"Dixon Montessori Charter",95620
"33671",48,76661,122267,6,2012,111,69.5,"Dixon Montessori Charter",95620
"33672",48,76661,122267,7,2012,111,68.5,"Dixon Montessori Charter",95620
"33673",49,70599,6051577,2,2012,111,79,"Alexander Valley Elementary",95448
"33674",49,70599,6051577,3,2012,111,74.875,"Alexander Valley Elementary",95448
"33675",49,70599,6051577,4,2012,111,86,"Alexander Valley Elementary",95448
"33676",49,70599,6051577,5,2012,111,91,"Alexander Valley Elementary",95448
"33677",49,70607,4931507,9,2012,31,47.0838323353293,"El Molino High",95436
"33678",49,70607,4931507,9,2012,111,62.0353356890459,"El Molino High",95436
"33679",49,70607,4931507,10,2012,31,29.3485477178423,"El Molino High",95436
"33680",49,70607,4931507,10,2012,111,55.6812652068127,"El Molino High",95436
"33681",49,70607,4931507,11,2012,31,39.6494252873563,"El Molino High",95436
"33682",49,70607,4931507,11,2012,111,63.2285714285714,"El Molino High",95436
"33683",49,70615,6051585,2,2012,31,49,"Bellevue Elementary",95407
"33684",49,70615,6051585,3,2012,31,28.6237623762376,"Bellevue Elementary",95407
"33685",49,70615,6051585,4,2012,31,43,"Bellevue Elementary",95407
"33686",49,70615,6051585,5,2012,31,43.7152317880795,"Bellevue Elementary",95407
"33687",49,70615,6051585,6,2012,31,52.5368421052632,"Bellevue Elementary",95407
"33688",49,70615,6115695,2,2012,31,51,"Meadow View Elementary",95407
"33689",49,70615,6115695,4,2012,31,51.5,"Meadow View Elementary",95407
"33690",49,70615,6115695,5,2012,31,59.5519480519481,"Meadow View Elementary",95407
"33691",49,70615,6115695,6,2012,31,49.5730337078652,"Meadow View Elementary",95407
"33692",49,70623,6051619,2,2012,31,36,"Yulupa Elementary",95405
"33693",49,70623,6051619,2,2012,111,81,"Yulupa Elementary",95405
"33694",49,70623,6051619,3,2012,31,62.5,"Yulupa Elementary",95405
"33695",49,70623,6051619,3,2012,111,82.0142180094787,"Yulupa Elementary",95405
"33696",49,70623,6098248,4,2012,31,76,"Strawberry Elementary",95405
"33697",49,70623,6098248,4,2012,111,86.4858490566038,"Strawberry Elementary",95405
"33698",49,70623,6098248,5,2012,31,62.7857142857143,"Strawberry Elementary",95405
"33699",49,70623,6098248,5,2012,111,85.6782334384858,"Strawberry Elementary",95405
"33700",49,70623,6098248,6,2012,31,57.8,"Strawberry Elementary",95405
"33701",49,70623,6098248,6,2012,111,82,"Strawberry Elementary",95405
"33702",49,70649,6051635,2,2012,31,59,"Cinnabar Elementary",94952
"33703",49,70649,6051635,3,2012,31,36.5365853658537,"Cinnabar Elementary",94952
"33704",49,70649,6051635,4,2012,31,78.1951219512195,"Cinnabar Elementary",94952
"33705",49,70649,6051635,5,2012,31,66.5,"Cinnabar Elementary",94952
"33706",49,70649,6051635,6,2012,31,55.2068965517241,"Cinnabar Elementary",94952
"33707",49,70656,4930855,9,2012,31,37.6196319018405,"Cloverdale High",95425
"33708",49,70656,4930855,9,2012,111,61.4765625,"Cloverdale High",95425
"33709",49,70656,4930855,10,2012,31,33.9354838709677,"Cloverdale High",95425
"33710",49,70656,4930855,10,2012,111,52.94,"Cloverdale High",95425
"33711",49,70656,4930855,11,2012,31,16.4010152284264,"Cloverdale High",95425
"33712",49,70656,4930855,11,2012,111,57.3666666666667,"Cloverdale High",95425
"33713",49,70656,6051643,2,2012,31,34,"Jefferson Elementary",95425
"33714",49,70656,6051643,2,2012,111,53,"Jefferson Elementary",95425
"33715",49,70656,6051643,3,2012,31,38.5,"Jefferson Elementary",95425
"33716",49,70656,6051643,3,2012,111,71.843137254902,"Jefferson Elementary",95425
"33717",49,70656,6051643,4,2012,31,53.5,"Jefferson Elementary",95425
"33718",49,70656,6051643,4,2012,111,76.5,"Jefferson Elementary",95425
"33719",49,70656,6051650,5,2012,31,40,"Washington",95425
"33720",49,70656,6051650,5,2012,111,71.6666666666667,"Washington",95425
"33721",49,70656,6051650,6,2012,31,30,"Washington",95425
"33722",49,70656,6051650,6,2012,111,50,"Washington",95425
"33723",49,70656,6051650,7,2012,31,43.453781512605,"Washington",95425
"33724",49,70656,6051650,7,2012,111,74.9315068493151,"Washington",95425
"33725",49,70656,6051650,8,2012,31,26.8333333333333,"Washington",95425
"33726",49,70656,6051650,8,2012,111,60.8985507246377,"Washington",95425
"33727",49,70672,122440,2,2012,111,77.5,"Dunham Charter",94952
"33728",49,70672,122440,3,2012,111,71,"Dunham Charter",94952
"33729",49,70672,122440,4,2012,111,66,"Dunham Charter",94952
"33730",49,70672,122440,5,2012,111,86.1538461538462,"Dunham Charter",94952
"33731",49,70672,6051700,6,2012,111,60,"Dunham Elementary",94952
"33732",49,70680,112987,2,2012,31,45,"Forestville Academy",95436
"33733",49,70680,112987,2,2012,111,76.5,"Forestville Academy",95436
"33734",49,70680,112987,3,2012,31,40.5,"Forestville Academy",95436
"33735",49,70680,112987,3,2012,111,89.5,"Forestville Academy",95436
"33736",49,70680,112987,4,2012,31,53.09375,"Forestville Academy",95436
"33737",49,70680,112987,4,2012,111,95,"Forestville Academy",95436
"33738",49,70680,112987,5,2012,31,73.6666666666667,"Forestville Academy",95436
"33739",49,70680,112987,5,2012,111,91.6666666666667,"Forestville Academy",95436
"33740",49,70680,112987,6,2012,31,42.5,"Forestville Academy",95436
"33741",49,70680,112987,6,2012,111,84.5,"Forestville Academy",95436
"33742",49,70680,112987,7,2012,31,33.2962962962963,"Forestville Academy",95436
"33743",49,70680,112987,7,2012,111,66.4057971014493,"Forestville Academy",95436
"33744",49,70680,112987,8,2012,31,58.3670886075949,"Forestville Academy",95436
"33745",49,70680,112987,8,2012,111,85.8235294117647,"Forestville Academy",95436
"33746",49,70706,6051734,2,2012,31,69,"Geyserville Elementary",95441
"33747",49,70706,6051734,3,2012,31,50,"Geyserville Elementary",95441
"33748",49,70706,6051734,4,2012,31,36.24,"Geyserville Elementary",95441
"33749",49,70714,6051742,2,2012,111,85,"Gravenstein Elementary",95472
"33750",49,70714,6051742,3,2012,111,84.5299145299145,"Gravenstein Elementary",95472
"33751",49,70714,6051742,4,2012,31,68.24,"Gravenstein Elementary",95472
"33752",49,70714,6051742,4,2012,111,83.9894736842105,"Gravenstein Elementary",95472
"33753",49,70714,6051742,5,2012,31,52.5,"Gravenstein Elementary",95472
"33754",49,70714,6051742,5,2012,111,81.3333333333333,"Gravenstein Elementary",95472
"33755",49,70714,6051759,6,2012,31,82,"Hillcrest Middle",95472
"33756",49,70714,6051759,6,2012,111,88.5,"Hillcrest Middle",95472
"33757",49,70714,6051759,7,2012,111,86.6196319018405,"Hillcrest Middle",95472
"33758",49,70714,6051759,8,2012,111,83.0371747211896,"Hillcrest Middle",95472
"33759",49,70730,6051775,2,2012,31,31,"Harmony Elementary",95465
"33760",49,70730,6120588,2,2012,31,37.2881355932203,"Pathways Charter",94928
"33761",49,70730,6120588,3,2012,31,25.5,"Pathways Charter",94928
"33762",49,70730,6120588,3,2012,111,64,"Pathways Charter",94928
"33763",49,70730,6120588,4,2012,31,46.7333333333333,"Pathways Charter",94928
"33764",49,70730,6120588,5,2012,31,35.6666666666667,"Pathways Charter",94928
"33765",49,70730,6120588,5,2012,111,59,"Pathways Charter",94928
"33766",49,70730,6120588,6,2012,31,31.5,"Pathways Charter",94928
"33767",49,70730,6120588,6,2012,111,50,"Pathways Charter",94928
"33768",49,70730,6120588,7,2012,31,51.6060606060606,"Pathways Charter",94928
"33769",49,70730,6120588,7,2012,111,73,"Pathways Charter",94928
"33770",49,70730,6120588,8,2012,31,39.4074074074074,"Pathways Charter",94928
"33771",49,70730,6120588,8,2012,111,83.7027027027027,"Pathways Charter",94928
"33772",49,70730,6120588,9,2012,31,41.5398230088496,"Pathways Charter",94928
"33773",49,70730,6120588,10,2012,31,26.2455089820359,"Pathways Charter",94928
"33774",49,70730,6120588,10,2012,111,57.3095238095238,"Pathways Charter",94928
"33775",49,70730,6120588,11,2012,31,26.3095238095238,"Pathways Charter",94928
"33776",49,70730,6120588,11,2012,111,26.5,"Pathways Charter",94928
"33777",49,70763,6051809,5,2012,31,24,"Horicon Elementary",95412
"33778",49,70789,6051825,2,2012,111,65.5,"Kenwood Elementary",95452
"33779",49,70789,6051825,3,2012,111,88,"Kenwood Elementary",95452
"33780",49,70789,6051825,4,2012,111,87,"Kenwood Elementary",95452
"33781",49,70789,6051825,5,2012,111,82,"Kenwood Elementary",95452
"33782",49,70789,6051825,6,2012,111,76,"Kenwood Elementary",95452
"33783",49,70797,6051833,2,2012,111,79.5,"Liberty Elementary",94952
"33784",49,70797,6051833,3,2012,111,91.0909090909091,"Liberty Elementary",94952
"33785",49,70797,6051833,4,2012,111,94,"Liberty Elementary",94952
"33786",49,70797,6051833,5,2012,111,83.2597402597403,"Liberty Elementary",94952
"33787",49,70797,6051833,6,2012,111,72.5,"Liberty Elementary",94952
"33788",49,70805,105890,7,2012,31,55.5,"Mark West Charter",95403
"33789",49,70805,105890,7,2012,111,81.5,"Mark West Charter",95403
"33790",49,70805,105890,8,2012,31,77.9883720930233,"Mark West Charter",95403
"33791",49,70805,105890,8,2012,111,70.2272727272727,"Mark West Charter",95403
"33792",49,70805,6051841,2,2012,31,54.5,"Mark West Elementary",95403
"33793",49,70805,6051841,2,2012,111,82.5,"Mark West Elementary",95403
"33794",49,70805,6051841,3,2012,31,43,"Mark West Elementary",95403
"33795",49,70805,6051841,3,2012,111,91,"Mark West Elementary",95403
"33796",49,70805,6051841,4,2012,31,66.1509433962264,"Mark West Elementary",95403
"33797",49,70805,6051841,4,2012,111,77.5,"Mark West Elementary",95403
"33798",49,70805,6051841,5,2012,31,43.6666666666667,"Mark West Elementary",95403
"33799",49,70805,6051841,5,2012,111,79.2253521126761,"Mark West Elementary",95403
"33800",49,70805,6051841,6,2012,31,59.4285714285714,"Mark West Elementary",95403
"33801",49,70805,6051841,6,2012,111,60,"Mark West Elementary",95403
"33802",49,70805,6051858,2,2012,31,72.3529411764706,"San Miguel Elementary",95403
"33803",49,70805,6051858,2,2012,111,89,"San Miguel Elementary",95403
"33804",49,70805,6051858,3,2012,31,54,"San Miguel Elementary",95403
"33805",49,70805,6051858,3,2012,111,74,"San Miguel Elementary",95403
"33806",49,70805,6051858,4,2012,31,44.1395348837209,"San Miguel Elementary",95403
"33807",49,70805,6051858,4,2012,111,83.5164835164835,"San Miguel Elementary",95403
"33808",49,70805,6051858,5,2012,31,45.5652173913044,"San Miguel Elementary",95403
"33809",49,70805,6051858,5,2012,111,89,"San Miguel Elementary",95403
"33810",49,70805,6051858,6,2012,31,65.1739130434783,"San Miguel Elementary",95403
"33811",49,70805,6051858,6,2012,111,76,"San Miguel Elementary",95403
"33812",49,70847,6051916,2,2012,31,52,"La Tercera Elementary",94954
"33813",49,70847,6051916,2,2012,111,65.5,"La Tercera Elementary",94954
"33814",49,70847,6051916,3,2012,31,47,"La Tercera Elementary",94954
"33815",49,70847,6051916,3,2012,111,59.5,"La Tercera Elementary",94954
"33816",49,70847,6051916,4,2012,31,40.6385542168675,"La Tercera Elementary",94954
"33817",49,70847,6051916,4,2012,111,54,"La Tercera Elementary",94954
"33818",49,70847,6051916,5,2012,31,39.6666666666667,"La Tercera Elementary",94954
"33819",49,70847,6051916,5,2012,111,69.1758241758242,"La Tercera Elementary",94954
"33820",49,70847,6051916,6,2012,31,45.8681318681319,"La Tercera Elementary",94954
"33821",49,70847,6051916,6,2012,111,67.5135135135135,"La Tercera Elementary",94954
"33822",49,70847,6114755,2,2012,31,41,"Sonoma Mountain Elementary",94954
"33823",49,70847,6114755,2,2012,111,55.5,"Sonoma Mountain Elementary",94954
"33824",49,70847,6114755,3,2012,31,73,"Sonoma Mountain Elementary",94954
"33825",49,70847,6114755,3,2012,111,78,"Sonoma Mountain Elementary",94954
"33826",49,70847,6114755,4,2012,31,88.5,"Sonoma Mountain Elementary",94954
"33827",49,70847,6114755,4,2012,111,86,"Sonoma Mountain Elementary",94954
"33828",49,70847,6114755,5,2012,31,42.3333333333333,"Sonoma Mountain Elementary",94954
"33829",49,70847,6114755,5,2012,111,64.92,"Sonoma Mountain Elementary",94954
"33830",49,70847,6114755,6,2012,111,72.9469026548673,"Sonoma Mountain Elementary",94954
"33831",49,70854,6051940,2,2012,111,80,"Grant Elementary",94952
"33832",49,70854,6051940,3,2012,111,76.5,"Grant Elementary",94952
"33833",49,70854,6051940,4,2012,111,88,"Grant Elementary",94952
"33834",49,70854,6051940,5,2012,111,92.0132450331126,"Grant Elementary",94952
"33835",49,70854,6051940,6,2012,111,82,"Grant Elementary",94952
"33836",49,70854,6051957,2,2012,31,61.5,"McDowell Elementary",94954
"33837",49,70854,6051957,3,2012,31,39.974358974359,"McDowell Elementary",94954
"33838",49,70854,6051965,4,2012,31,58.4803149606299,"McKinley Elementary",94952
"33839",49,70854,6051965,5,2012,31,41.3566878980892,"McKinley Elementary",94952
"33840",49,70854,6051965,6,2012,31,50.0425531914894,"McKinley Elementary",94952
"33841",49,70854,6051973,2,2012,31,50,"McNear Elementary",94952
"33842",49,70854,6051973,2,2012,111,85.5,"McNear Elementary",94952
"33843",49,70854,6051973,3,2012,111,79,"McNear Elementary",94952
"33844",49,70854,6051973,4,2012,31,52.08,"McNear Elementary",94952
"33845",49,70854,6051973,4,2012,111,92.5,"McNear Elementary",94952
"33846",49,70854,6051973,5,2012,31,46.1219512195122,"McNear Elementary",94952
"33847",49,70854,6051973,5,2012,111,91,"McNear Elementary",94952
"33848",49,70854,6051973,6,2012,111,74.5957446808511,"McNear Elementary",94952
"33849",49,70854,6051981,2,2012,31,56,"Penngrove Elementary",94951
"33850",49,70854,6051981,2,2012,111,74,"Penngrove Elementary",94951
"33851",49,70854,6051981,3,2012,31,39.92,"Penngrove Elementary",94951
"33852",49,70854,6051981,3,2012,111,69.5,"Penngrove Elementary",94951
"33853",49,70854,6051981,4,2012,31,60.8695652173913,"Penngrove Elementary",94951
"33854",49,70854,6051981,4,2012,111,62.5376344086022,"Penngrove Elementary",94951
"33855",49,70854,6051981,5,2012,31,55.7307692307692,"Penngrove Elementary",94951
"33856",49,70854,6051981,5,2012,111,75,"Penngrove Elementary",94951
"33857",49,70854,6051981,6,2012,31,44.4444444444444,"Penngrove Elementary",94951
"33858",49,70854,6051981,6,2012,111,67,"Penngrove Elementary",94951
"33859",49,70854,6051999,2,2012,31,32.5,"Valley Vista Elementary",94952
"33860",49,70854,6051999,2,2012,111,82,"Valley Vista Elementary",94952
"33861",49,70854,6051999,3,2012,31,34,"Valley Vista Elementary",94952
"33862",49,70854,6051999,3,2012,111,75,"Valley Vista Elementary",94952
"33863",49,70854,6051999,4,2012,31,61.5,"Valley Vista Elementary",94952
"33864",49,70854,6051999,4,2012,111,80.3934426229508,"Valley Vista Elementary",94952
"33865",49,70854,6051999,5,2012,31,43.0344827586207,"Valley Vista Elementary",94952
"33866",49,70854,6051999,5,2012,111,88.2941176470588,"Valley Vista Elementary",94952
"33867",49,70854,6051999,6,2012,31,42,"Valley Vista Elementary",94952
"33868",49,70854,6051999,6,2012,111,83,"Valley Vista Elementary",94952
"33869",49,70862,4930012,9,2012,31,36.9322381930185,"Casa Grande High",94954
"33870",49,70862,4930012,9,2012,111,70.0743494423792,"Casa Grande High",94954
"33871",49,70862,4930012,10,2012,31,37.2342007434944,"Casa Grande High",94954
"33872",49,70862,4930012,10,2012,111,63.0568612585292,"Casa Grande High",94954
"33873",49,70862,4930012,11,2012,31,34.7817679558011,"Casa Grande High",94954
"33874",49,70862,4930012,11,2012,111,58.3836032388664,"Casa Grande High",94954
"33875",49,70862,4935151,9,2012,31,40.4532871972318,"Petaluma High",94952
"33876",49,70862,4935151,9,2012,111,69.2033426183844,"Petaluma High",94952
"33877",49,70862,4935151,10,2012,31,38.4529914529915,"Petaluma High",94952
"33878",49,70862,4935151,10,2012,111,60.2222222222222,"Petaluma High",94952
"33879",49,70862,4935151,11,2012,31,33.2181818181818,"Petaluma High",94952
"33880",49,70862,4935151,11,2012,111,60.6666666666667,"Petaluma High",94952
"33881",49,70862,6060230,7,2012,31,44.0295566502463,"Petaluma Junior High",94952
"33882",49,70862,6060230,7,2012,111,76.1710213776722,"Petaluma Junior High",94952
"33883",49,70862,6060230,8,2012,31,46.7568922305764,"Petaluma Junior High",94952
"33884",49,70862,6060230,8,2012,111,70.3994673768309,"Petaluma Junior High",94952
"33885",49,70862,6062137,7,2012,31,50.5431034482759,"Kenilworth Junior High",94954
"33886",49,70862,6062137,7,2012,111,79.0730223123732,"Kenilworth Junior High",94954
"33887",49,70862,6062137,8,2012,31,45.920424403183,"Kenilworth Junior High",94954
"33888",49,70862,6062137,8,2012,111,76.3207920792079,"Kenilworth Junior High",94954
"33889",49,70870,101253,2,2012,31,61.5,"Jack London Elementary",95403
"33890",49,70870,101253,2,2012,111,67,"Jack London Elementary",95403
"33891",49,70870,101253,3,2012,31,50,"Jack London Elementary",95403
"33892",49,70870,101253,3,2012,111,50,"Jack London Elementary",95403
"33893",49,70870,101253,4,2012,31,58.32,"Jack London Elementary",95403
"33894",49,70870,101253,4,2012,111,61.5,"Jack London Elementary",95403
"33895",49,70870,101253,5,2012,31,40.3333333333333,"Jack London Elementary",95403
"33896",49,70870,101253,5,2012,111,55.0731707317073,"Jack London Elementary",95403
"33897",49,70870,101253,6,2012,31,50,"Jack London Elementary",95403
"33898",49,70870,101253,6,2012,111,55,"Jack London Elementary",95403
"33899",49,70870,6113492,7,2012,31,61.3972602739726,"Piner-Olivet Charter",95403
"33900",49,70870,6113492,7,2012,111,77.1102362204724,"Piner-Olivet Charter",95403
"33901",49,70870,6113492,8,2012,31,48.2542372881356,"Piner-Olivet Charter",95403
"33902",49,70870,6113492,8,2012,111,75.5020408163265,"Piner-Olivet Charter",95403
"33903",49,70896,6052021,2,2012,31,59,"Madrone Elementary",95409
"33904",49,70896,6052021,2,2012,111,90.5,"Madrone Elementary",95409
"33905",49,70896,6052021,3,2012,31,48,"Madrone Elementary",95409
"33906",49,70896,6052021,3,2012,111,89.5,"Madrone Elementary",95409
"33907",49,70896,6052021,4,2012,31,80.5161290322581,"Madrone Elementary",95409
"33908",49,70896,6052021,4,2012,111,90,"Madrone Elementary",95409
"33909",49,70896,6052021,5,2012,31,55.6666666666667,"Madrone Elementary",95409
"33910",49,70896,6052021,5,2012,111,91,"Madrone Elementary",95409
"33911",49,70896,6052021,6,2012,31,36,"Madrone Elementary",95409
"33912",49,70896,6052021,6,2012,111,68.5,"Madrone Elementary",95409
"33913",49,70896,6052047,2,2012,31,82.5,"Whited Elementary Charter",95409
"33914",49,70896,6052047,2,2012,111,92.5,"Whited Elementary Charter",95409
"33915",49,70896,6052047,3,2012,31,81,"Whited Elementary Charter",95409
"33916",49,70896,6052047,3,2012,111,95.5,"Whited Elementary Charter",95409
"33917",49,70896,6052047,4,2012,31,70.8727272727273,"Whited Elementary Charter",95409
"33918",49,70896,6052047,4,2012,111,90,"Whited Elementary Charter",95409
"33919",49,70896,6052047,5,2012,31,74,"Whited Elementary Charter",95409
"33920",49,70896,6052047,5,2012,111,92,"Whited Elementary Charter",95409
"33921",49,70896,6052047,6,2012,31,78.953488372093,"Whited Elementary Charter",95409
"33922",49,70896,6052047,6,2012,111,91.5,"Whited Elementary Charter",95409
"33923",49,70896,6052054,2,2012,111,90,"Sequoia Elementary",95409
"33924",49,70896,6052054,3,2012,111,83,"Sequoia Elementary",95409
"33925",49,70896,6052054,4,2012,31,62.5,"Sequoia Elementary",95409
"33926",49,70896,6052054,4,2012,111,95,"Sequoia Elementary",95409
"33927",49,70896,6052054,5,2012,31,58.6111111111111,"Sequoia Elementary",95409
"33928",49,70896,6052054,5,2012,111,81,"Sequoia Elementary",95409
"33929",49,70896,6052054,6,2012,31,65.5,"Sequoia Elementary",95409
"33930",49,70896,6052054,6,2012,111,83,"Sequoia Elementary",95409
"33931",49,70896,6052070,2,2012,31,77,"Village Elementary Charter",95405
"33932",49,70896,6052070,2,2012,111,92.5,"Village Elementary Charter",95405
"33933",49,70896,6052070,3,2012,31,71.8301886792453,"Village Elementary Charter",95405
"33934",49,70896,6052070,3,2012,111,81,"Village Elementary Charter",95405
"33935",49,70896,6052070,4,2012,31,75.3962264150943,"Village Elementary Charter",95405
"33936",49,70896,6052070,4,2012,111,84.9574468085106,"Village Elementary Charter",95405
"33937",49,70896,6052070,5,2012,31,56.6666666666667,"Village Elementary Charter",95405
"33938",49,70896,6052070,5,2012,111,89.6075949367089,"Village Elementary Charter",95405
"33939",49,70896,6052070,6,2012,31,68.5,"Village Elementary Charter",95405
"33940",49,70896,6052070,6,2012,111,89,"Village Elementary Charter",95405
"33941",49,70896,6085229,3,2012,31,48.9846153846154,"Binkley Elementary Charter",95409
"33942",49,70896,6085229,3,2012,111,77.3584905660377,"Binkley Elementary Charter",95409
"33943",49,70896,6085229,4,2012,31,66.5,"Binkley Elementary Charter",95409
"33944",49,70896,6085229,4,2012,111,91,"Binkley Elementary Charter",95409
"33945",49,70896,6085229,5,2012,31,62.8493150684931,"Binkley Elementary Charter",95409
"33946",49,70896,6085229,5,2012,111,83.4477611940299,"Binkley Elementary Charter",95409
"33947",49,70896,6085229,6,2012,31,51.265306122449,"Binkley Elementary Charter",95409
"33948",49,70896,6085229,6,2012,111,83.5,"Binkley Elementary Charter",95409
"33949",49,70896,6117907,2,2012,31,37.5,"Austin Creek Elementary",95409
"33950",49,70896,6117907,2,2012,111,90.5,"Austin Creek Elementary",95409
"33951",49,70896,6117907,3,2012,111,93.5,"Austin Creek Elementary",95409
"33952",49,70896,6117907,4,2012,111,95,"Austin Creek Elementary",95409
"33953",49,70896,6117907,5,2012,111,91.2965517241379,"Austin Creek Elementary",95409
"33954",49,70896,6117907,6,2012,111,85,"Austin Creek Elementary",95409
"33955",49,70904,101923,7,2012,31,61.5394190871369,"Roseland Charter",95407
"33956",49,70904,101923,7,2012,111,82,"Roseland Charter",95407
"33957",49,70904,101923,8,2012,31,33.4216417910448,"Roseland Charter",95407
"33958",49,70904,101923,8,2012,111,48.9607843137255,"Roseland Charter",95407
"33959",49,70904,101923,9,2012,31,30.2675585284281,"Roseland Charter",95407
"33960",49,70904,101923,9,2012,111,64,"Roseland Charter",95407
"33961",49,70904,101923,10,2012,31,32.6389548693587,"Roseland Charter",95407
"33962",49,70904,101923,11,2012,31,28.963687150838,"Roseland Charter",95407
"33963",49,70904,6052088,2,2012,31,54.5,"Roseland Elementary",95407
"33964",49,70904,6052088,3,2012,31,52.5675675675676,"Roseland Elementary",95407
"33965",49,70904,6052088,4,2012,31,50.5882352941176,"Roseland Elementary",95407
"33966",49,70904,6052088,5,2012,31,51.1417322834646,"Roseland Elementary",95407
"33967",49,70904,6052088,6,2012,31,63.5586592178771,"Roseland Elementary",95407
"33968",49,70904,6052096,2,2012,31,62.5,"Sheppard Elementary",95407
"33969",49,70904,6052096,2,2012,111,87.5,"Sheppard Elementary",95407
"33970",49,70904,6052096,3,2012,31,56.5906432748538,"Sheppard Elementary",95407
"33971",49,70904,6052096,4,2012,31,61.5545023696682,"Sheppard Elementary",95407
"33972",49,70904,6052096,5,2012,31,53.9324324324324,"Sheppard Elementary",95407
"33973",49,70904,6052096,6,2012,31,60.9938650306748,"Sheppard Elementary",95407
"33974",49,70912,6052104,2,2012,31,39.5,"Brook Hill Elementary",95404
"33975",49,70912,6052104,3,2012,31,43.3118279569892,"Brook Hill Elementary",95404
"33976",49,70912,6052104,4,2012,31,65.5,"Brook Hill Elementary",95404
"33977",49,70912,6052104,5,2012,31,31.9701492537313,"Brook Hill Elementary",95404
"33978",49,70912,6052104,6,2012,31,41,"Brook Hill Elementary",95404
"33979",49,70912,6052179,2,2012,31,44.5,"Proctor Terrace Elementary",95404
"33980",49,70912,6052179,2,2012,111,81.5,"Proctor Terrace Elementary",95404
"33981",49,70912,6052179,3,2012,111,72,"Proctor Terrace Elementary",95404
"33982",49,70912,6052179,4,2012,31,83,"Proctor Terrace Elementary",95404
"33983",49,70912,6052179,4,2012,111,89,"Proctor Terrace Elementary",95404
"33984",49,70912,6052179,5,2012,111,90,"Proctor Terrace Elementary",95404
"33985",49,70912,6052179,6,2012,31,50,"Proctor Terrace Elementary",95404
"33986",49,70912,6052179,6,2012,111,81,"Proctor Terrace Elementary",95404
"33987",49,70912,6052195,2,2012,31,50,"Steele Lane Elementary",95403
"33988",49,70912,6052195,3,2012,31,33.8247422680412,"Steele Lane Elementary",95403
"33989",49,70912,6052195,4,2012,31,62.123595505618,"Steele Lane Elementary",95403
"33990",49,70912,6052195,5,2012,31,31.390625,"Steele Lane Elementary",95403
"33991",49,70912,6052195,6,2012,31,41.4886363636364,"Steele Lane Elementary",95403
"33992",49,70920,102533,5,2012,111,91.6666666666667,"Santa Rosa Accelerated Charter",95409
"33993",49,70920,102533,6,2012,111,93,"Santa Rosa Accelerated Charter",95409
"33994",49,70920,4934154,9,2012,31,28.6768292682927,"Montgomery High",95405
"33995",49,70920,4934154,9,2012,111,60.7925591882751,"Montgomery High",95405
"33996",49,70920,4934154,10,2012,31,36.9906687402799,"Montgomery High",95405
"33997",49,70920,4934154,10,2012,111,61.0891016200295,"Montgomery High",95405
"33998",49,70920,4934154,11,2012,31,35.7357954545455,"Montgomery High",95405
"33999",49,70920,4934154,11,2012,111,57.45295404814,"Montgomery High",95405
"34000",49,70920,4935292,9,2012,31,30.073275862069,"Piner High",95403
"34001",49,70920,4935292,9,2012,111,45.535593220339,"Piner High",95403
"34002",49,70920,4935292,10,2012,31,31.7294832826748,"Piner High",95403
"34003",49,70920,4935292,10,2012,111,39.3501326259947,"Piner High",95403
"34004",49,70920,4935292,11,2012,31,25.3542319749216,"Piner High",95403
"34005",49,70920,4935292,11,2012,111,43.6653225806452,"Piner High",95403
"34006",49,70920,4936803,9,2012,31,41.9253472222222,"Santa Rosa High",95401
"34007",49,70920,4936803,9,2012,111,66.3285123966942,"Santa Rosa High",95401
"34008",49,70920,4936803,10,2012,31,28.6437308868502,"Santa Rosa High",95401
"34009",49,70920,4936803,10,2012,111,57.2983345401883,"Santa Rosa High",95401
"34010",49,70920,4936803,11,2012,31,31.568129330254,"Santa Rosa High",95401
"34011",49,70920,4936803,11,2012,111,56.217587373168,"Santa Rosa High",95401
"34012",49,70920,6060271,7,2012,31,51.5777777777778,"Rincon Valley Middle",95409
"34013",49,70920,6060271,7,2012,111,85.302034428795,"Rincon Valley Middle",95409
"34014",49,70920,6060271,8,2012,31,65.3150684931507,"Rincon Valley Middle",95409
"34015",49,70920,6060271,8,2012,111,85.0687547746371,"Rincon Valley Middle",95409
"34016",49,70920,6060289,7,2012,31,45.9741697416974,"Santa Rosa Middle",95404
"34017",49,70920,6060289,7,2012,111,77.9130434782609,"Santa Rosa Middle",95404
"34018",49,70920,6060289,8,2012,31,48.0903119868637,"Santa Rosa Middle",95404
"34019",49,70920,6060289,8,2012,111,76.0715563506261,"Santa Rosa Middle",95404
"34020",49,70920,6068977,7,2012,31,34.4935622317597,"Hilliard Comstock Middle",95403
"34021",49,70920,6068977,7,2012,111,65,"Hilliard Comstock Middle",95403
"34022",49,70920,6068977,8,2012,31,46.2889812889813,"Hilliard Comstock Middle",95403
"34023",49,70920,6068977,8,2012,111,36.8529411764706,"Hilliard Comstock Middle",95403
"34024",49,70938,120121,4,2012,111,56.5,"REACH",95472
"34025",49,70938,120121,5,2012,111,82,"REACH",95472
"34026",49,70938,120121,7,2012,111,76.2173913043478,"REACH",95472
"34027",49,70938,6052229,2,2012,31,61.5,"Park Side Elementary",95472
"34028",49,70938,6052229,2,2012,111,68,"Park Side Elementary",95472
"34029",49,70938,6052229,3,2012,31,72.7454545454545,"Park Side Elementary",95472
"34030",49,70938,6052229,3,2012,111,77.5,"Park Side Elementary",95472
"34031",49,70938,6052229,4,2012,31,38.2820512820513,"Park Side Elementary",95472
"34032",49,70938,6052229,4,2012,111,65,"Park Side Elementary",95472
"34033",49,70938,6052229,5,2012,31,64.3333333333333,"Park Side Elementary",95472
"34034",49,70938,6052229,5,2012,111,48.3333333333333,"Park Side Elementary",95472
"34035",49,70953,105866,2,2012,111,52.5,"Woodland Star Charter",95476
"34036",49,70953,105866,3,2012,111,59,"Woodland Star Charter",95476
"34037",49,70953,105866,4,2012,111,37.5,"Woodland Star Charter",95476
"34038",49,70953,105866,6,2012,111,61,"Woodland Star Charter",95476
"34039",49,70953,4937256,9,2012,31,33.2217898832685,"Sonoma Valley High",95476
"34040",49,70953,4937256,9,2012,111,57.7042253521127,"Sonoma Valley High",95476
"34041",49,70953,4937256,10,2012,31,18.7760097919217,"Sonoma Valley High",95476
"34042",49,70953,4937256,10,2012,111,54.7461139896373,"Sonoma Valley High",95476
"34043",49,70953,4937256,11,2012,31,22.4559819413093,"Sonoma Valley High",95476
"34044",49,70953,4937256,11,2012,111,46.8890701468189,"Sonoma Valley High",95476
"34045",49,70953,6052245,6,2012,31,21.4957627118644,"Altimira Middle",95476
"34046",49,70953,6052245,6,2012,111,54,"Altimira Middle",95476
"34047",49,70953,6052245,7,2012,31,44.0096153846154,"Altimira Middle",95476
"34048",49,70953,6052245,7,2012,111,64.2857142857143,"Altimira Middle",95476
"34049",49,70953,6052245,8,2012,31,32.9746835443038,"Altimira Middle",95476
"34050",49,70953,6052245,8,2012,111,49.4586466165414,"Altimira Middle",95476
"34051",49,70953,6052252,2,2012,31,46,"Dunbar Elementary",95442
"34052",49,70953,6052252,3,2012,31,25,"Dunbar Elementary",95442
"34053",49,70953,6052252,3,2012,111,73.5,"Dunbar Elementary",95442
"34054",49,70953,6052252,4,2012,31,42.4893617021277,"Dunbar Elementary",95442
"34055",49,70953,6052260,2,2012,31,47.5,"El Verano Elementary",95476
"34056",49,70953,6052260,2,2012,111,40.5,"El Verano Elementary",95476
"34057",49,70953,6052260,3,2012,31,14.6535433070866,"El Verano Elementary",95476
"34058",49,70953,6052260,4,2012,31,36.552380952381,"El Verano Elementary",95476
"34059",49,70953,6052260,5,2012,31,32.8531468531469,"El Verano Elementary",95476
"34060",49,70953,6052278,2,2012,31,24,"Flowery Elementary",95476
"34061",49,70953,6052278,2,2012,111,62.5,"Flowery Elementary",95476
"34062",49,70953,6052278,3,2012,31,18,"Flowery Elementary",95476
"34063",49,70953,6052278,3,2012,111,54.5,"Flowery Elementary",95476
"34064",49,70953,6052278,4,2012,31,35.974358974359,"Flowery Elementary",95476
"34065",49,70953,6052278,5,2012,31,39.7553191489362,"Flowery Elementary",95476
"34066",49,70953,6052278,5,2012,111,65.4081632653061,"Flowery Elementary",95476
"34067",49,70953,6052286,2,2012,31,27.5,"Prestwood Elementary",95476
"34068",49,70953,6052286,2,2012,111,77,"Prestwood Elementary",95476
"34069",49,70953,6052286,3,2012,31,28.037037037037,"Prestwood Elementary",95476
"34070",49,70953,6052286,3,2012,111,60.0860215053763,"Prestwood Elementary",95476
"34071",49,70953,6052286,4,2012,31,53,"Prestwood Elementary",95476
"34072",49,70953,6052286,4,2012,111,83.952,"Prestwood Elementary",95476
"34073",49,70953,6052286,5,2012,31,68.8852459016394,"Prestwood Elementary",95476
"34074",49,70953,6052286,5,2012,111,82.3333333333333,"Prestwood Elementary",95476
"34075",49,70953,6052294,2,2012,31,24.5,"Sassarini Elementary",95476
"34076",49,70953,6052294,2,2012,111,50,"Sassarini Elementary",95476
"34077",49,70953,6052294,3,2012,31,18.5,"Sassarini Elementary",95476
"34078",49,70953,6052294,3,2012,111,58,"Sassarini Elementary",95476
"34079",49,70953,6052294,4,2012,31,39.566265060241,"Sassarini Elementary",95476
"34080",49,70953,6052294,5,2012,31,33,"Sassarini Elementary",95476
"34081",49,70953,6052294,5,2012,111,73.8518518518518,"Sassarini Elementary",95476
"34082",49,70953,6111678,2,2012,111,65,"Sonoma Charter",95476
"34083",49,70953,6111678,3,2012,111,60.5,"Sonoma Charter",95476
"34084",49,70953,6111678,4,2012,111,69.5,"Sonoma Charter",95476
"34085",49,70953,6111678,5,2012,111,42,"Sonoma Charter",95476
"34086",49,70953,6111678,6,2012,111,79,"Sonoma Charter",95476
"34087",49,70953,6111678,7,2012,111,78,"Sonoma Charter",95476
"34088",49,70953,6111678,8,2012,111,75.8101265822785,"Sonoma Charter",95476
"34089",49,70961,4930319,6,2012,111,73,"Orchard View",95472
"34090",49,70961,4930319,7,2012,111,84.969696969697,"Orchard View",95472
"34091",49,70961,4930319,8,2012,111,77,"Orchard View",95472
"34092",49,70961,4930319,9,2012,111,87,"Orchard View",95472
"34093",49,70961,4930319,10,2012,111,59.2881355932203,"Orchard View",95472
"34094",49,70961,4930319,11,2012,111,60.4150943396226,"Orchard View",95472
"34095",49,70961,4930350,2,2012,111,83,"Sunridge Charter",95472
"34096",49,70961,4930350,3,2012,111,28.5,"Sunridge Charter",95472
"34097",49,70961,4930350,4,2012,111,51.0980392156863,"Sunridge Charter",95472
"34098",49,70961,4930350,5,2012,111,79.5735294117647,"Sunridge Charter",95472
"34099",49,70961,4930350,6,2012,111,72.5,"Sunridge Charter",95472
"34100",49,70961,4930350,7,2012,111,87.5,"Sunridge Charter",95472
"34101",49,70961,6052302,6,2012,31,68.5,"Twin Hills Charter Middle",95472
"34102",49,70961,6052302,6,2012,111,81.5299145299145,"Twin Hills Charter Middle",95472
"34103",49,70961,6052302,7,2012,31,42.5,"Twin Hills Charter Middle",95472
"34104",49,70961,6052302,7,2012,111,79.5454545454545,"Twin Hills Charter Middle",95472
"34105",49,70961,6052302,8,2012,31,63.7012987012987,"Twin Hills Charter Middle",95472
"34106",49,70961,6052302,8,2012,111,87.2016574585635,"Twin Hills Charter Middle",95472
"34107",49,70961,6093140,2,2012,31,40,"Apple Blossom",95472
"34108",49,70961,6093140,2,2012,111,68.5,"Apple Blossom",95472
"34109",49,70961,6093140,3,2012,31,56,"Apple Blossom",95472
"34110",49,70961,6093140,3,2012,111,82.5,"Apple Blossom",95472
"34111",49,70961,6093140,4,2012,31,45,"Apple Blossom",95472
"34112",49,70961,6093140,4,2012,111,69,"Apple Blossom",95472
"34113",49,70961,6093140,5,2012,31,78.3333333333333,"Apple Blossom",95472
"34114",49,70961,6093140,5,2012,111,76.3424657534247,"Apple Blossom",95472
"34115",49,70979,6052310,3,2012,31,41.9677419354839,"Two Rock Elementary",94952
"34116",49,70979,6052310,3,2012,111,85,"Two Rock Elementary",94952
"34117",49,70979,6052310,5,2012,31,66.6666666666667,"Two Rock Elementary",94952
"34118",49,70979,6052310,6,2012,31,68.9310344827586,"Two Rock Elementary",94952
"34119",49,70995,6110324,2,2012,31,50,"Meadow Elementary",94954
"34120",49,70995,6110324,2,2012,111,79,"Meadow Elementary",94954
"34121",49,70995,6110324,3,2012,111,81.4859813084112,"Meadow Elementary",94954
"34122",49,70995,6110324,4,2012,111,92,"Meadow Elementary",94954
"34123",49,70995,6110324,5,2012,111,82.3333333333333,"Meadow Elementary",94954
"34124",49,70995,6110324,6,2012,111,95,"Meadow Elementary",94954
"34125",49,70995,6114409,2,2012,111,95,"Corona Creek Elementary",94954
"34126",49,70995,6114409,3,2012,111,93.5,"Corona Creek Elementary",94954
"34127",49,70995,6114409,4,2012,111,93.0485436893204,"Corona Creek Elementary",94954
"34128",49,70995,6114409,5,2012,31,67,"Corona Creek Elementary",94954
"34129",49,70995,6114409,5,2012,111,90.6666666666667,"Corona Creek Elementary",94954
"34130",49,70995,6114409,6,2012,111,83.4387755102041,"Corona Creek Elementary",94954
"34131",49,71001,6052336,2,2012,111,53,"West Side Elementary",95448
"34132",49,71001,6052336,3,2012,111,65.5,"West Side Elementary",95448
"34133",49,71001,6052336,4,2012,111,79,"West Side Elementary",95448
"34134",49,71001,6052336,5,2012,111,63,"West Side Elementary",95448
"34135",49,71001,6052336,6,2012,111,84,"West Side Elementary",95448
"34136",49,71019,6052344,2,2012,111,68,"Wilson Elementary",94952
"34137",49,71019,6052344,3,2012,111,91,"Wilson Elementary",94952
"34138",49,71019,6052344,4,2012,111,83.5,"Wilson Elementary",94952
"34139",49,71019,6052344,5,2012,111,92.3333333333333,"Wilson Elementary",94952
"34140",49,71019,6052344,6,2012,111,90.5,"Wilson Elementary",94952
"34141",49,71035,6052377,2,2012,31,31.5,"Wright Charter",95407
"34142",49,71035,6052377,2,2012,111,54,"Wright Charter",95407
"34143",49,71035,6052377,3,2012,31,56.2253521126761,"Wright Charter",95407
"34144",49,71035,6052377,3,2012,111,70.5,"Wright Charter",95407
"34145",49,71035,6052377,4,2012,31,64,"Wright Charter",95407
"34146",49,71035,6052377,4,2012,111,67,"Wright Charter",95407
"34147",49,71035,6052377,5,2012,31,57.7264150943396,"Wright Charter",95407
"34148",49,71035,6052377,6,2012,31,39,"Wright Charter",95407
"34149",49,71035,6052377,6,2012,111,62.5,"Wright Charter",95407
"34150",49,71035,6052377,7,2012,31,53.6716417910448,"Wright Charter",95407
"34151",49,71035,6052377,7,2012,111,72.551724137931,"Wright Charter",95407
"34152",49,71035,6052377,8,2012,31,71.6454545454545,"Wright Charter",95407
"34153",49,71035,6096721,2,2012,31,68,"J. X. Wilson Elementary",95401
"34154",49,71035,6096721,2,2012,111,81,"J. X. Wilson Elementary",95401
"34155",49,71035,6096721,3,2012,31,65.5,"J. X. Wilson Elementary",95401
"34156",49,71035,6096721,3,2012,111,73.5,"J. X. Wilson Elementary",95401
"34157",49,71035,6096721,4,2012,31,73.1702127659574,"J. X. Wilson Elementary",95401
"34158",49,71035,6096721,4,2012,111,95,"J. X. Wilson Elementary",95401
"34159",49,71035,6096721,5,2012,31,77.3361344537815,"J. X. Wilson Elementary",95401
"34160",49,71035,6096721,5,2012,111,85.975,"J. X. Wilson Elementary",95401
"34161",49,71035,6096721,6,2012,31,75.5068493150685,"J. X. Wilson Elementary",95401
"34162",49,71035,6096721,6,2012,111,68.4634146341463,"J. X. Wilson Elementary",95401
"34163",49,71035,6111868,2,2012,31,63,"Robert L. Stevens Elementary",95407
"34164",49,71035,6111868,2,2012,111,86.5,"Robert L. Stevens Elementary",95407
"34165",49,71035,6111868,3,2012,31,74.6565656565657,"Robert L. Stevens Elementary",95407
"34166",49,71035,6111868,3,2012,111,79.5,"Robert L. Stevens Elementary",95407
"34167",49,71035,6111868,4,2012,31,90.020618556701,"Robert L. Stevens Elementary",95407
"34168",49,71035,6111868,4,2012,111,100,"Robert L. Stevens Elementary",95407
"34169",49,71035,6111868,5,2012,31,76.4362416107383,"Robert L. Stevens Elementary",95407
"34170",49,71035,6111868,5,2012,111,90,"Robert L. Stevens Elementary",95407
"34171",49,71035,6111868,6,2012,31,73.6309523809524,"Robert L. Stevens Elementary",95407
"34172",49,71035,6111868,6,2012,111,91,"Robert L. Stevens Elementary",95407
"34173",49,73882,4930046,11,2012,31,7.97777777777778,"El Camino High",94928
"34174",49,73882,4930046,11,2012,111,28.0512820512821,"El Camino High",94928
"34175",49,73882,4930384,9,2012,111,77.734693877551,"Technology High",94928
"34176",49,73882,4930384,10,2012,111,85.6546184738956,"Technology High",94928
"34177",49,73882,4930384,11,2012,111,71.2413793103448,"Technology High",94928
"34178",49,73882,4935482,9,2012,31,35.6045548654244,"Rancho Cotate High",94928
"34179",49,73882,4935482,9,2012,111,54.3251633986928,"Rancho Cotate High",94928
"34180",49,73882,4935482,10,2012,31,26.862012987013,"Rancho Cotate High",94928
"34181",49,73882,4935482,10,2012,111,43.5237302248127,"Rancho Cotate High",94928
"34182",49,73882,4935482,11,2012,31,34.1646090534979,"Rancho Cotate High",94928
"34183",49,73882,4935482,11,2012,111,41.7669376693767,"Rancho Cotate High",94928
"34184",49,73882,6097059,2,2012,31,60,"Evergreen Elementary",94928
"34185",49,73882,6097059,2,2012,111,58.5,"Evergreen Elementary",94928
"34186",49,73882,6097059,3,2012,31,50,"Evergreen Elementary",94928
"34187",49,73882,6097059,3,2012,111,66,"Evergreen Elementary",94928
"34188",49,73882,6097059,4,2012,31,72.0769230769231,"Evergreen Elementary",94928
"34189",49,73882,6097059,4,2012,111,74.4727272727273,"Evergreen Elementary",94928
"34190",49,73882,6097059,5,2012,31,40.9545454545455,"Evergreen Elementary",94928
"34191",49,73882,6097059,5,2012,111,68,"Evergreen Elementary",94928
"34192",49,73882,6097059,6,2012,31,47.8888888888889,"Evergreen Elementary",94928
"34193",49,73882,6097059,6,2012,111,63.4077669902913,"Evergreen Elementary",94928
"34194",49,73882,6109169,2,2012,31,36.5,"Monte Vista Elementary",94928
"34195",49,73882,6109169,2,2012,111,59.5,"Monte Vista Elementary",94928
"34196",49,73882,6109169,3,2012,31,39,"Monte Vista Elementary",94928
"34197",49,73882,6109169,3,2012,111,78.6593406593407,"Monte Vista Elementary",94928
"34198",49,73882,6109169,4,2012,31,54,"Monte Vista Elementary",94928
"34199",49,73882,6109169,4,2012,111,84,"Monte Vista Elementary",94928
"34200",49,73882,6109169,5,2012,31,62,"Monte Vista Elementary",94928
"34201",49,73882,6109169,5,2012,111,75.3154362416107,"Monte Vista Elementary",94928
"34202",49,73882,6109169,6,2012,31,50,"Monte Vista Elementary",94928
"34203",49,73882,6109169,6,2012,111,60,"Monte Vista Elementary",94928
"34204",49,73882,6112981,6,2012,111,98,"Lawrence E. Jones Middle",94928
"34205",49,73882,6112981,7,2012,31,38.4882506527415,"Lawrence E. Jones Middle",94928
"34206",49,73882,6112981,7,2012,111,66,"Lawrence E. Jones Middle",94928
"34207",49,73882,6112981,8,2012,31,35.8247011952191,"Lawrence E. Jones Middle",94928
"34208",49,73882,6112981,8,2012,111,57.4872318692543,"Lawrence E. Jones Middle",94928
"34209",49,75358,4930228,9,2012,31,31.9511400651466,"Windsor High",95492
"34210",49,75358,4930228,9,2012,111,55.6952789699571,"Windsor High",95492
"34211",49,75358,4930228,10,2012,31,38.7478005865103,"Windsor High",95492
"34212",49,75358,4930228,10,2012,111,59.087734241908,"Windsor High",95492
"34213",49,75358,4930228,11,2012,31,37.405572755418,"Windsor High",95492
"34214",49,75358,4930228,11,2012,111,53.7003968253968,"Windsor High",95492
"34215",49,75358,4930269,11,2012,31,0,"Windsor Oaks Academy",95492
"34216",49,75358,4930269,11,2012,111,2.63888888888889,"Windsor Oaks Academy",95492
"34217",49,75358,6052351,6,2012,31,36.3684210526316,"Windsor Middle",95492
"34218",49,75358,6052351,6,2012,111,68.5233644859813,"Windsor Middle",95492
"34219",49,75358,6052351,7,2012,31,55.0591715976331,"Windsor Middle",95492
"34220",49,75358,6052351,7,2012,111,74.2092391304348,"Windsor Middle",95492
"34221",49,75358,6052351,8,2012,31,38.3062330623306,"Windsor Middle",95492
"34222",49,75358,6052351,8,2012,111,69.7194968553459,"Windsor Middle",95492
"34223",49,75358,6107221,4,2012,31,42.9764705882353,"Brooks Elementary",95492
"34224",49,75358,6107221,4,2012,111,83.9753086419753,"Brooks Elementary",95492
"34225",49,75358,6107221,5,2012,31,44.5726872246696,"Brooks Elementary",95492
"34226",49,75358,6107221,5,2012,111,77.0110375275938,"Brooks Elementary",95492
"34227",49,75390,4930251,11,2012,31,8.5,"Marce Becerra Academy",95448
"34228",49,75390,4932554,9,2012,31,30.2685185185185,"Healdsburg High",95448
"34229",49,75390,4932554,9,2012,111,57.6260869565217,"Healdsburg High",95448
"34230",49,75390,4932554,10,2012,31,35.6131578947368,"Healdsburg High",95448
"34231",49,75390,4932554,10,2012,111,62.9106628242075,"Healdsburg High",95448
"34232",49,75390,4932554,11,2012,31,28.0421052631579,"Healdsburg High",95448
"34233",49,75390,4932554,11,2012,111,67.4866666666667,"Healdsburg High",95448
"34234",49,75390,6051791,2,2012,31,40.5,"Healdsburg Elementary",95448
"34235",49,75390,6051791,2,2012,111,78,"Healdsburg Elementary",95448
"34236",49,75390,6051791,3,2012,31,43.5,"Healdsburg Elementary",95448
"34237",49,75390,6051791,3,2012,111,58,"Healdsburg Elementary",95448
"34238",49,75390,6051791,4,2012,31,46.5157232704403,"Healdsburg Elementary",95448
"34239",49,75390,6051791,4,2012,111,67.8301886792453,"Healdsburg Elementary",95448
"34240",49,75390,6051791,5,2012,31,43.6718146718147,"Healdsburg Elementary",95448
"34241",49,75390,6051791,5,2012,111,78.6666666666667,"Healdsburg Elementary",95448
"34242",49,75390,6060222,6,2012,31,47,"Healdsburg Junior High",95448
"34243",49,75390,6060222,6,2012,111,71.5,"Healdsburg Junior High",95448
"34244",49,75390,6060222,7,2012,31,29.5,"Healdsburg Junior High",95448
"34245",49,75390,6060222,7,2012,111,72.5,"Healdsburg Junior High",95448
"34246",49,75390,6060222,8,2012,31,42.6490066225166,"Healdsburg Junior High",95448
"34247",49,75390,6060222,8,2012,111,65.2818791946309,"Healdsburg Junior High",95448
"34248",50,10504,117457,2,2012,31,46.5,"Great Valley Academy",95350
"34249",50,10504,117457,2,2012,111,70.5,"Great Valley Academy",95350
"34250",50,10504,117457,3,2012,31,39,"Great Valley Academy",95350
"34251",50,10504,117457,3,2012,111,48.5,"Great Valley Academy",95350
"34252",50,10504,117457,4,2012,31,62.5,"Great Valley Academy",95350
"34253",50,10504,117457,4,2012,111,70,"Great Valley Academy",95350
"34254",50,10504,117457,5,2012,31,52.1304347826087,"Great Valley Academy",95350
"34255",50,10504,117457,5,2012,111,62.4044117647059,"Great Valley Academy",95350
"34256",50,10504,117457,6,2012,31,53.5,"Great Valley Academy",95350
"34257",50,10504,117457,6,2012,111,72.4153846153846,"Great Valley Academy",95350
"34258",50,10504,117457,7,2012,31,43,"Great Valley Academy",95350
"34259",50,10504,117457,7,2012,111,58,"Great Valley Academy",95350
"34260",50,71043,107136,9,2012,31,62,"Whitmore Charter High",95307
"34261",50,71043,107136,9,2012,111,67.134328358209,"Whitmore Charter High",95307
"34262",50,71043,107136,10,2012,31,48.6511627906977,"Whitmore Charter High",95307
"34263",50,71043,107136,10,2012,111,67.9230769230769,"Whitmore Charter High",95307
"34264",50,71043,107136,11,2012,111,74,"Whitmore Charter High",95307
"34265",50,71043,108076,9,2012,31,35.9752144899905,"Central Valley High",95307
"34266",50,71043,108076,9,2012,111,53.7817258883249,"Central Valley High",95307
"34267",50,71043,108076,10,2012,31,39.0412819120043,"Central Valley High",95307
"34268",50,71043,108076,10,2012,111,38.4175531914894,"Central Valley High",95307
"34269",50,71043,108076,11,2012,31,35.4938169826875,"Central Valley High",95307
"34270",50,71043,108076,11,2012,111,49.1501597444089,"Central Valley High",95307
"34271",50,71043,109090,2,2012,31,57,"Sinclear Elementary",95307
"34272",50,71043,109090,2,2012,111,64,"Sinclear Elementary",95307
"34273",50,71043,109090,3,2012,31,64.578231292517,"Sinclear Elementary",95307
"34274",50,71043,109090,3,2012,111,80.5,"Sinclear Elementary",95307
"34275",50,71043,109090,4,2012,31,63.5142857142857,"Sinclear Elementary",95307
"34276",50,71043,109090,4,2012,111,91,"Sinclear Elementary",95307
"34277",50,71043,109090,5,2012,31,57.9552845528455,"Sinclear Elementary",95307
"34278",50,71043,109090,5,2012,111,68.6666666666667,"Sinclear Elementary",95307
"34279",50,71043,109090,6,2012,31,42,"Sinclear Elementary",95307
"34280",50,71043,109090,6,2012,111,63,"Sinclear Elementary",95307
"34281",50,71043,110734,2,2012,31,72,"La Rosa Elementary",95307
"34282",50,71043,110734,2,2012,111,85,"La Rosa Elementary",95307
"34283",50,71043,110734,3,2012,31,70.6,"La Rosa Elementary",95307
"34284",50,71043,110734,3,2012,111,81.5,"La Rosa Elementary",95307
"34285",50,71043,110734,4,2012,31,41.0204081632653,"La Rosa Elementary",95307
"34286",50,71043,110734,4,2012,111,80,"La Rosa Elementary",95307
"34287",50,71043,110734,5,2012,31,44.3924050632911,"La Rosa Elementary",95307
"34288",50,71043,110734,5,2012,111,74.6666666666667,"La Rosa Elementary",95307
"34289",50,71043,110734,6,2012,31,67.9032258064516,"La Rosa Elementary",95307
"34290",50,71043,123679,7,2012,31,36.3324250681199,"Cesar Chavez Junior High",95307
"34291",50,71043,123679,7,2012,111,51.71875,"Cesar Chavez Junior High",95307
"34292",50,71043,5030168,11,2012,31,15.5,"Endeavor Alternative",95307
"34293",50,71043,5030879,9,2012,31,36.2907488986784,"Ceres High",95307
"34294",50,71043,5030879,9,2012,111,57.7596566523605,"Ceres High",95307
"34295",50,71043,5030879,10,2012,31,38.6787401574803,"Ceres High",95307
"34296",50,71043,5030879,10,2012,111,53.8927038626609,"Ceres High",95307
"34297",50,71043,5030879,11,2012,31,46.1784615384615,"Ceres High",95307
"34298",50,71043,5030879,11,2012,111,69.7137096774194,"Ceres High",95307
"34299",50,71043,6052427,2,2012,31,73.5,"Carroll Fowler Elementary",95307
"34300",50,71043,6052427,2,2012,111,91,"Carroll Fowler Elementary",95307
"34301",50,71043,6052427,3,2012,31,53,"Carroll Fowler Elementary",95307
"34302",50,71043,6052427,4,2012,31,78,"Carroll Fowler Elementary",95307
"34303",50,71043,6052427,5,2012,31,49.5855513307985,"Carroll Fowler Elementary",95307
"34304",50,71043,6052427,5,2012,111,43,"Carroll Fowler Elementary",95307
"34305",50,71043,6052427,6,2012,31,51.0125786163522,"Carroll Fowler Elementary",95307
"34306",50,71043,6052427,6,2012,111,66,"Carroll Fowler Elementary",95307
"34307",50,71043,6052435,2,2012,31,51.5,"Caswell Elementary",95307
"34308",50,71043,6052435,3,2012,31,47,"Caswell Elementary",95307
"34309",50,71043,6052435,4,2012,31,57.0487804878049,"Caswell Elementary",95307
"34310",50,71043,6052435,5,2012,31,47.3417721518987,"Caswell Elementary",95307
"34311",50,71043,6052435,6,2012,31,44.5,"Caswell Elementary",95307
"34312",50,71043,6052443,2,2012,31,35,"Don Pedro Elementary",95307
"34313",50,71043,6052443,3,2012,31,70.6810344827586,"Don Pedro Elementary",95307
"34314",50,71043,6052443,4,2012,31,66.008,"Don Pedro Elementary",95307
"34315",50,71043,6052443,5,2012,31,50.4011976047904,"Don Pedro Elementary",95307
"34316",50,71043,6052443,6,2012,31,44,"Don Pedro Elementary",95307
"34317",50,71050,6052484,2,2012,31,50,"Chatom Elementary",95380
"34318",50,71050,6052484,3,2012,31,47,"Chatom Elementary",95380
"34319",50,71050,6052484,3,2012,111,77.5,"Chatom Elementary",95380
"34320",50,71050,6052484,4,2012,31,48,"Chatom Elementary",95380
"34321",50,71050,6052484,4,2012,111,92,"Chatom Elementary",95380
"34322",50,71050,6052484,5,2012,31,36.3333333333333,"Chatom Elementary",95380
"34323",50,71050,6052484,5,2012,111,68.6666666666667,"Chatom Elementary",95380
"34324",50,71050,6052492,6,2012,31,35,"Mountain View Middle",95313
"34325",50,71050,6052492,6,2012,111,27,"Mountain View Middle",95313
"34326",50,71050,6052492,7,2012,31,45.5,"Mountain View Middle",95313
"34327",50,71050,6052492,7,2012,111,91.5,"Mountain View Middle",95313
"34328",50,71050,6052492,8,2012,31,53.19,"Mountain View Middle",95313
"34329",50,71050,6052492,8,2012,111,64.6666666666667,"Mountain View Middle",95313
"34330",50,71068,5030267,7,2012,31,18,"Denair Charter Academy",95316
"34331",50,71068,5030267,7,2012,111,28.5,"Denair Charter Academy",95316
"34332",50,71068,5030267,8,2012,31,17,"Denair Charter Academy",95316
"34333",50,71068,5030267,8,2012,111,28.8305084745763,"Denair Charter Academy",95316
"34334",50,71068,5030267,9,2012,31,10.08,"Denair Charter Academy",95316
"34335",50,71068,5030267,9,2012,111,27.2168674698795,"Denair Charter Academy",95316
"34336",50,71068,5030267,10,2012,31,8.768,"Denair Charter Academy",95316
"34337",50,71068,5030267,10,2012,111,15.3140495867769,"Denair Charter Academy",95316
"34338",50,71068,5030267,11,2012,31,7.01030927835052,"Denair Charter Academy",95316
"34339",50,71068,5030267,11,2012,111,28.8311688311688,"Denair Charter Academy",95316
"34340",50,71068,5031521,9,2012,31,25.8503401360544,"Denair High",95316
"34341",50,71068,5031521,9,2012,111,34.8723404255319,"Denair High",95316
"34342",50,71068,5031521,10,2012,31,19.5348837209302,"Denair High",95316
"34343",50,71068,5031521,10,2012,111,30.5873015873016,"Denair High",95316
"34344",50,71068,5031521,11,2012,31,15.5,"Denair High",95316
"34345",50,71068,5031521,11,2012,111,28.0559440559441,"Denair High",95316
"34346",50,71068,6052500,2,2012,31,32,"Denair Elementary",95316
"34347",50,71068,6052500,2,2012,111,44,"Denair Elementary",95316
"34348",50,71068,6052500,3,2012,31,35,"Denair Elementary",95316
"34349",50,71068,6052500,3,2012,111,44.5,"Denair Elementary",95316
"34350",50,71068,6052500,4,2012,31,67.5522388059701,"Denair Elementary",95316
"34351",50,71068,6052500,4,2012,111,75,"Denair Elementary",95316
"34352",50,71068,6052500,5,2012,31,63.2783505154639,"Denair Elementary",95316
"34353",50,71068,6052500,5,2012,111,60.3333333333333,"Denair Elementary",95316
"34354",50,71068,6071575,6,2012,31,40,"Denair Middle",95316
"34355",50,71068,6071575,6,2012,111,56.9090909090909,"Denair Middle",95316
"34356",50,71068,6071575,7,2012,31,44.0537634408602,"Denair Middle",95316
"34357",50,71068,6071575,7,2012,111,56.3809523809524,"Denair Middle",95316
"34358",50,71068,6071575,8,2012,31,33.6571428571429,"Denair Middle",95316
"34359",50,71068,6071575,8,2012,111,50.3132075471698,"Denair Middle",95316
"34360",50,71076,101493,7,2012,31,48.4589235127479,"Norman N. Glick Middle",95357
"34361",50,71076,101493,7,2012,111,77,"Norman N. Glick Middle",95357
"34362",50,71076,101493,8,2012,31,54.8481012658228,"Norman N. Glick Middle",95357
"34363",50,71076,101493,8,2012,111,65.5179153094463,"Norman N. Glick Middle",95357
"34364",50,71076,6052518,2,2012,31,40.5,"Empire Elementary",95319
"34365",50,71076,6052518,3,2012,31,35,"Empire Elementary",95319
"34366",50,71076,6052518,4,2012,31,40.5,"Empire Elementary",95319
"34367",50,71076,6052518,5,2012,31,41,"Empire Elementary",95319
"34368",50,71076,6052518,6,2012,31,38.4770642201835,"Empire Elementary",95319
"34369",50,71076,6052518,7,2012,31,61,"Empire Elementary",95319
"34370",50,71076,6052518,8,2012,31,43.3717277486911,"Empire Elementary",95319
"34371",50,71076,6093504,2,2012,31,40.5,"Capistrano Elementary",95354
"34372",50,71076,6093504,3,2012,31,39.6923076923077,"Capistrano Elementary",95354
"34373",50,71076,6093504,5,2012,31,50.7114624505929,"Capistrano Elementary",95354
"34374",50,71076,6093504,6,2012,31,39.873786407767,"Capistrano Elementary",95354
"34375",50,71076,6098180,2,2012,31,63,"Christine Sipherd Elementary",95355
"34376",50,71076,6098180,2,2012,111,63,"Christine Sipherd Elementary",95355
"34377",50,71076,6098180,3,2012,31,57.036036036036,"Christine Sipherd Elementary",95355
"34378",50,71076,6098180,3,2012,111,45,"Christine Sipherd Elementary",95355
"34379",50,71076,6098180,4,2012,31,66.5,"Christine Sipherd Elementary",95355
"34380",50,71076,6098180,4,2012,111,70.6341463414634,"Christine Sipherd Elementary",95355
"34381",50,71076,6098180,5,2012,31,55.8837209302326,"Christine Sipherd Elementary",95355
"34382",50,71076,6098180,5,2012,111,63,"Christine Sipherd Elementary",95355
"34383",50,71076,6098180,6,2012,31,44,"Christine Sipherd Elementary",95355
"34384",50,71076,6098180,6,2012,111,42.0909090909091,"Christine Sipherd Elementary",95355
"34385",50,71076,6107932,2,2012,31,39.5,"Bernard L. Hughes Elementary",95357
"34386",50,71076,6107932,2,2012,111,83.5,"Bernard L. Hughes Elementary",95357
"34387",50,71076,6107932,3,2012,31,49.5825242718447,"Bernard L. Hughes Elementary",95357
"34388",50,71076,6107932,3,2012,111,69.5,"Bernard L. Hughes Elementary",95357
"34389",50,71076,6107932,4,2012,31,63.4945054945055,"Bernard L. Hughes Elementary",95357
"34390",50,71076,6107932,4,2012,111,86.5172413793103,"Bernard L. Hughes Elementary",95357
"34391",50,71076,6107932,5,2012,31,48.3333333333333,"Bernard L. Hughes Elementary",95357
"34392",50,71076,6107932,5,2012,111,64,"Bernard L. Hughes Elementary",95357
"34393",50,71076,6107932,6,2012,31,54.8924731182796,"Bernard L. Hughes Elementary",95357
"34394",50,71076,6111892,2,2012,31,57.5,"Alice N. Stroud Elementary",95357
"34395",50,71076,6111892,2,2012,111,53.5,"Alice N. Stroud Elementary",95357
"34396",50,71076,6111892,3,2012,31,78,"Alice N. Stroud Elementary",95357
"34397",50,71076,6111892,4,2012,31,60.5274725274725,"Alice N. Stroud Elementary",95357
"34398",50,71076,6111892,4,2012,111,62,"Alice N. Stroud Elementary",95357
"34399",50,71076,6111892,5,2012,31,53.3238095238095,"Alice N. Stroud Elementary",95357
"34400",50,71076,6111892,5,2012,111,78,"Alice N. Stroud Elementary",95357
"34401",50,71076,6111892,6,2012,31,76.9876543209877,"Alice N. Stroud Elementary",95357
"34402",50,71076,6111892,6,2012,111,88,"Alice N. Stroud Elementary",95357
"34403",50,71084,120089,6,2012,111,86.5,"Gratton Charter",95316
"34404",50,71084,120089,7,2012,111,86.5,"Gratton Charter",95316
"34405",50,71092,6052542,2,2012,31,51,"Hart-Ransom Elementary",95358
"34406",50,71092,6052542,2,2012,111,53.5,"Hart-Ransom Elementary",95358
"34407",50,71092,6052542,3,2012,31,29,"Hart-Ransom Elementary",95358
"34408",50,71092,6052542,3,2012,111,62.5,"Hart-Ransom Elementary",95358
"34409",50,71092,6052542,4,2012,31,83.9677419354839,"Hart-Ransom Elementary",95358
"34410",50,71092,6052542,4,2012,111,87.5,"Hart-Ransom Elementary",95358
"34411",50,71092,6052542,5,2012,31,57.3333333333333,"Hart-Ransom Elementary",95358
"34412",50,71092,6052542,5,2012,111,80.6666666666667,"Hart-Ransom Elementary",95358
"34413",50,71092,6052542,6,2012,31,41.5,"Hart-Ransom Elementary",95358
"34414",50,71092,6052542,6,2012,111,73.3564356435644,"Hart-Ransom Elementary",95358
"34415",50,71092,6052542,7,2012,31,56,"Hart-Ransom Elementary",95358
"34416",50,71092,6052542,7,2012,111,52.2025316455696,"Hart-Ransom Elementary",95358
"34417",50,71092,6052542,8,2012,31,56.8360655737705,"Hart-Ransom Elementary",95358
"34418",50,71092,6052542,8,2012,111,68.3489583333333,"Hart-Ransom Elementary",95358
"34419",50,71092,6112965,2,2012,31,50,"Hart-Ransom Academic Charter",95358
"34420",50,71092,6112965,3,2012,111,62,"Hart-Ransom Academic Charter",95358
"34421",50,71092,6112965,4,2012,31,55.5,"Hart-Ransom Academic Charter",95358
"34422",50,71092,6112965,4,2012,111,66.5,"Hart-Ransom Academic Charter",95358
"34423",50,71092,6112965,5,2012,31,31,"Hart-Ransom Academic Charter",95358
"34424",50,71092,6112965,6,2012,31,54.5,"Hart-Ransom Academic Charter",95358
"34425",50,71092,6112965,6,2012,111,63.5,"Hart-Ransom Academic Charter",95358
"34426",50,71092,6112965,7,2012,31,43,"Hart-Ransom Academic Charter",95358
"34427",50,71092,6112965,7,2012,111,66.6666666666667,"Hart-Ransom Academic Charter",95358
"34428",50,71092,6112965,8,2012,31,49.4262295081967,"Hart-Ransom Academic Charter",95358
"34429",50,71092,6112965,8,2012,111,54.3333333333333,"Hart-Ransom Academic Charter",95358
"34430",50,71100,6052559,2,2012,31,45.5,"Hickman Elementary",95323
"34431",50,71100,6052559,2,2012,111,63.5,"Hickman Elementary",95323
"34432",50,71100,6052559,3,2012,31,65.9661016949153,"Hickman Elementary",95323
"34433",50,71100,6052559,3,2012,111,82.5,"Hickman Elementary",95323
"34434",50,71100,6052559,4,2012,31,30,"Hickman Elementary",95323
"34435",50,71100,6052559,4,2012,111,92,"Hickman Elementary",95323
"34436",50,71100,6052559,5,2012,31,61,"Hickman Elementary",95323
"34437",50,71100,6052559,5,2012,111,79,"Hickman Elementary",95323
"34438",50,71100,6112627,2,2012,31,58.5,"Hickman Charter",95323
"34439",50,71100,6112627,2,2012,111,57.5,"Hickman Charter",95323
"34440",50,71100,6112627,3,2012,31,44,"Hickman Charter",95323
"34441",50,71100,6112627,3,2012,111,55,"Hickman Charter",95323
"34442",50,71100,6112627,4,2012,31,45.5,"Hickman Charter",95323
"34443",50,71100,6112627,4,2012,111,77,"Hickman Charter",95323
"34444",50,71100,6112627,5,2012,31,56.16,"Hickman Charter",95323
"34445",50,71100,6112627,5,2012,111,72,"Hickman Charter",95323
"34446",50,71100,6112627,6,2012,31,45.5,"Hickman Charter",95323
"34447",50,71100,6112627,6,2012,111,61.0970873786408,"Hickman Charter",95323
"34448",50,71100,6112627,7,2012,111,81.0898876404494,"Hickman Charter",95323
"34449",50,71100,6112627,8,2012,31,78.6666666666667,"Hickman Charter",95323
"34450",50,71100,6112627,8,2012,111,76.7904191616767,"Hickman Charter",95323
"34451",50,71100,6116388,6,2012,31,54.5,"Hickman Middle",95323
"34452",50,71100,6116388,6,2012,111,68.5,"Hickman Middle",95323
"34453",50,71100,6116388,7,2012,31,66,"Hickman Middle",95323
"34454",50,71100,6116388,7,2012,111,86.5,"Hickman Middle",95323
"34455",50,71100,6116388,8,2012,31,49.25,"Hickman Middle",95323
"34456",50,71100,6116388,8,2012,111,88,"Hickman Middle",95323
"34457",50,71134,6052591,2,2012,31,50,"Keyes Elementary",95328
"34458",50,71134,6052591,3,2012,31,46.8911917098446,"Keyes Elementary",95328
"34459",50,71134,6052591,4,2012,31,58.0469798657718,"Keyes Elementary",95328
"34460",50,71134,6052591,5,2012,31,61.3010204081633,"Keyes Elementary",95328
"34461",50,71134,6113286,2,2012,111,55.5,"Keyes to Learning Charter",95328
"34462",50,71134,6113286,3,2012,111,58.5,"Keyes to Learning Charter",95328
"34463",50,71134,6113286,4,2012,111,76.5,"Keyes to Learning Charter",95328
"34464",50,71134,6113286,5,2012,111,65.3333333333333,"Keyes to Learning Charter",95328
"34465",50,71134,6113286,6,2012,111,70,"Keyes to Learning Charter",95328
"34466",50,71134,6113286,7,2012,111,56.6216216216216,"Keyes to Learning Charter",95328
"34467",50,71134,6113286,8,2012,111,47.5436893203884,"Keyes to Learning Charter",95328
"34468",50,71134,6113286,9,2012,111,57.7272727272727,"Keyes to Learning Charter",95328
"34469",50,71134,6113286,10,2012,111,83,"Keyes to Learning Charter",95328
"34470",50,71134,6113286,11,2012,111,50,"Keyes to Learning Charter",95328
"34471",50,71142,6052609,2,2012,111,82,"Knights Ferry Elementary",95361
"34472",50,71167,6052633,2,2012,31,29,"Bret Harte Elementary",95358
"34473",50,71167,6052633,3,2012,31,36.4384236453202,"Bret Harte Elementary",95358
"34474",50,71167,6052633,4,2012,31,42.6117021276596,"Bret Harte Elementary",95358
"34475",50,71167,6052633,5,2012,31,31.6967509025271,"Bret Harte Elementary",95358
"34476",50,71167,6052633,6,2012,31,25.3606557377049,"Bret Harte Elementary",95358
"34477",50,71167,6052641,2,2012,31,35.5,"Burbank Elementary",95351
"34478",50,71167,6052641,3,2012,31,28.7377049180328,"Burbank Elementary",95351
"34479",50,71167,6052641,4,2012,31,65.5,"Burbank Elementary",95351
"34480",50,71167,6052641,5,2012,31,30.3007246376812,"Burbank Elementary",95351
"34481",50,71167,6052641,6,2012,31,33.9430894308943,"Burbank Elementary",95351
"34482",50,71167,6052658,2,2012,31,41.5,"El Vista Elementary",95354
"34483",50,71167,6052658,3,2012,31,22,"El Vista Elementary",95354
"34484",50,71167,6052658,4,2012,31,48.3125,"El Vista Elementary",95354
"34485",50,71167,6052658,5,2012,31,22.3173076923077,"El Vista Elementary",95354
"34486",50,71167,6052658,6,2012,31,32.9010989010989,"El Vista Elementary",95354
"34487",50,71167,6052666,2,2012,31,70,"Enslen Elementary",95354
"34488",50,71167,6052666,2,2012,111,80.5,"Enslen Elementary",95354
"34489",50,71167,6052666,3,2012,31,49.9090909090909,"Enslen Elementary",95354
"34490",50,71167,6052666,3,2012,111,72,"Enslen Elementary",95354
"34491",50,71167,6052666,4,2012,31,54.5087719298246,"Enslen Elementary",95354
"34492",50,71167,6052666,4,2012,111,73,"Enslen Elementary",95354
"34493",50,71167,6052666,5,2012,31,51,"Enslen Elementary",95354
"34494",50,71167,6052666,5,2012,111,54,"Enslen Elementary",95354
"34495",50,71167,6052666,6,2012,31,47.5,"Enslen Elementary",95354
"34496",50,71167,6052666,6,2012,111,62.2264150943396,"Enslen Elementary",95354
"34497",50,71167,6052682,2,2012,31,54,"Fairview Elementary",95358
"34498",50,71167,6052682,3,2012,31,48.4401544401544,"Fairview Elementary",95358
"34499",50,71167,6052682,4,2012,31,60.0502793296089,"Fairview Elementary",95358
"34500",50,71167,6052682,5,2012,31,40.2752293577982,"Fairview Elementary",95358
"34501",50,71167,6052682,6,2012,31,31,"Fairview Elementary",95358
"34502",50,71167,6052690,2,2012,31,42.5,"Franklin Elementary",95351
"34503",50,71167,6052690,3,2012,31,33.5992647058824,"Franklin Elementary",95351
"34504",50,71167,6052690,4,2012,31,36.0210526315789,"Franklin Elementary",95351
"34505",50,71167,6052690,5,2012,31,29,"Franklin Elementary",95351
"34506",50,71167,6052690,6,2012,31,25.9783783783784,"Franklin Elementary",95351
"34507",50,71167,6052799,2,2012,31,46.5,"Robertson Road Elementary",95351
"34508",50,71167,6052799,3,2012,31,26,"Robertson Road Elementary",95351
"34509",50,71167,6052799,4,2012,31,41,"Robertson Road Elementary",95351
"34510",50,71167,6052799,5,2012,31,27.9888268156425,"Robertson Road Elementary",95351
"34511",50,71167,6052799,6,2012,31,53,"Robertson Road Elementary",95351
"34512",50,71167,6052815,2,2012,31,55,"Rose Avenue Elementary",95355
"34513",50,71167,6052815,2,2012,111,81,"Rose Avenue Elementary",95355
"34514",50,71167,6052815,3,2012,31,61.6067415730337,"Rose Avenue Elementary",95355
"34515",50,71167,6052815,3,2012,111,75,"Rose Avenue Elementary",95355
"34516",50,71167,6052815,4,2012,31,65.5196078431373,"Rose Avenue Elementary",95355
"34517",50,71167,6052815,4,2012,111,81.4745762711864,"Rose Avenue Elementary",95355
"34518",50,71167,6052815,5,2012,31,53.9556962025316,"Rose Avenue Elementary",95355
"34519",50,71167,6052815,5,2012,111,64.6666666666667,"Rose Avenue Elementary",95355
"34520",50,71167,6052815,6,2012,31,58.4556962025316,"Rose Avenue Elementary",95355
"34521",50,71167,6052815,6,2012,111,65,"Rose Avenue Elementary",95355
"34522",50,71167,6052823,2,2012,31,35.0814814814815,"Shackelford Elementary",95351
"34523",50,71167,6052823,3,2012,31,23.625,"Shackelford Elementary",95351
"34524",50,71167,6052823,4,2012,31,40.5465838509317,"Shackelford Elementary",95351
"34525",50,71167,6052823,5,2012,31,15,"Shackelford Elementary",95351
"34526",50,71167,6052823,6,2012,31,29.4961240310078,"Shackelford Elementary",95351
"34527",50,71167,6052849,2,2012,31,57.5,"Tuolumne Elementary",95351
"34528",50,71167,6052849,3,2012,31,29.5414364640884,"Tuolumne Elementary",95351
"34529",50,71167,6052849,4,2012,31,45.1754385964912,"Tuolumne Elementary",95351
"34530",50,71167,6052849,5,2012,31,39.6666666666667,"Tuolumne Elementary",95351
"34531",50,71167,6052849,6,2012,31,37.48125,"Tuolumne Elementary",95351
"34532",50,71167,6052872,2,2012,31,42.5,"Wilson Elementary",95354
"34533",50,71167,6052872,3,2012,31,37.1428571428571,"Wilson Elementary",95354
"34534",50,71167,6052872,4,2012,31,36.8539325842697,"Wilson Elementary",95354
"34535",50,71167,6052872,5,2012,31,58,"Wilson Elementary",95354
"34536",50,71167,6052872,6,2012,31,40,"Wilson Elementary",95354
"34537",50,71167,6093512,2,2012,31,48,"Sonoma Elementary",95355
"34538",50,71167,6093512,2,2012,111,81,"Sonoma Elementary",95355
"34539",50,71167,6093512,3,2012,31,73.0731707317073,"Sonoma Elementary",95355
"34540",50,71167,6093512,3,2012,111,63.5,"Sonoma Elementary",95355
"34541",50,71167,6093512,4,2012,31,71.9295774647887,"Sonoma Elementary",95355
"34542",50,71167,6093512,4,2012,111,93.5,"Sonoma Elementary",95355
"34543",50,71167,6093512,5,2012,31,63,"Sonoma Elementary",95355
"34544",50,71167,6093512,5,2012,111,77.6666666666667,"Sonoma Elementary",95355
"34545",50,71167,6093512,6,2012,31,68.4603174603175,"Sonoma Elementary",95355
"34546",50,71167,6093512,6,2012,111,89.5,"Sonoma Elementary",95355
"34547",50,71167,6097752,2,2012,31,68.5,"Lakewood Elementary",95355
"34548",50,71167,6097752,2,2012,111,85,"Lakewood Elementary",95355
"34549",50,71167,6097752,3,2012,31,46.4857142857143,"Lakewood Elementary",95355
"34550",50,71167,6097752,3,2012,111,92.5384615384615,"Lakewood Elementary",95355
"34551",50,71167,6097752,4,2012,31,75,"Lakewood Elementary",95355
"34552",50,71167,6097752,4,2012,111,95,"Lakewood Elementary",95355
"34553",50,71167,6097752,5,2012,31,75,"Lakewood Elementary",95355
"34554",50,71167,6097752,5,2012,111,84,"Lakewood Elementary",95355
"34555",50,71167,6097752,6,2012,111,92,"Lakewood Elementary",95355
"34556",50,71175,110593,9,2012,31,49.3584905660377,"James C. Enochs High",95355
"34557",50,71175,110593,9,2012,111,62.5865820489574,"James C. Enochs High",95355
"34558",50,71175,110593,10,2012,31,47.399416909621,"James C. Enochs High",95355
"34559",50,71175,110593,10,2012,111,62.645953002611,"James C. Enochs High",95355
"34560",50,71175,110593,11,2012,31,49.796169630643,"James C. Enochs High",95355
"34561",50,71175,110593,11,2012,111,61.3061383061383,"James C. Enochs High",95355
"34562",50,71175,5031802,9,2012,31,33.6096807415036,"Thomas Downey High",95355
"34563",50,71175,5031802,9,2012,111,64.6528497409326,"Thomas Downey High",95355
"34564",50,71175,5031802,10,2012,31,32.9690210656753,"Thomas Downey High",95355
"34565",50,71175,5031802,10,2012,111,60.4442857142857,"Thomas Downey High",95355
"34566",50,71175,5031802,11,2012,31,33.4463087248322,"Thomas Downey High",95355
"34567",50,71175,5031802,11,2012,111,52.3856088560886,"Thomas Downey High",95355
"34568",50,71175,5034905,9,2012,31,35.5769230769231,"Modesto High",95351
"34569",50,71175,5034905,9,2012,111,59.8607843137255,"Modesto High",95351
"34570",50,71175,5034905,10,2012,31,36.150527325024,"Modesto High",95351
"34571",50,71175,5034905,10,2012,111,64.6638246041413,"Modesto High",95351
"34572",50,71175,5034905,11,2012,31,27.1073770491803,"Modesto High",95351
"34573",50,71175,5034905,11,2012,111,65.5077452667814,"Modesto High",95351
"34574",50,71209,112383,3,2012,31,59.5,"Paradise Charter",95358
"34575",50,71217,110080,2,2012,31,56,"Apricot Valley Elementary",95363
"34576",50,71217,110080,2,2012,111,77,"Apricot Valley Elementary",95363
"34577",50,71217,110080,3,2012,31,60.5,"Apricot Valley Elementary",95363
"34578",50,71217,110080,3,2012,111,71,"Apricot Valley Elementary",95363
"34579",50,71217,110080,4,2012,31,75,"Apricot Valley Elementary",95363
"34580",50,71217,110080,4,2012,111,79,"Apricot Valley Elementary",95363
"34581",50,71217,110080,5,2012,31,59.3319502074689,"Apricot Valley Elementary",95363
"34582",50,71217,110080,5,2012,111,80.3333333333333,"Apricot Valley Elementary",95363
"34583",50,71217,118927,2,2012,31,47,"Walnut Grove Elementary",95363
"34584",50,71217,118927,2,2012,111,46.5,"Walnut Grove Elementary",95363
"34585",50,71217,118927,3,2012,31,33.5,"Walnut Grove Elementary",95363
"34586",50,71217,118927,3,2012,111,37,"Walnut Grove Elementary",95363
"34587",50,71217,118927,4,2012,31,50.5820895522388,"Walnut Grove Elementary",95363
"34588",50,71217,118927,4,2012,111,64.5,"Walnut Grove Elementary",95363
"34589",50,71217,118927,5,2012,31,44.3333333333333,"Walnut Grove Elementary",95363
"34590",50,71217,118927,5,2012,111,49.3333333333333,"Walnut Grove Elementary",95363
"34591",50,71217,118927,6,2012,31,18.0649350649351,"Walnut Grove Elementary",95363
"34592",50,71217,118927,6,2012,111,44,"Walnut Grove Elementary",95363
"34593",50,71217,118927,7,2012,31,43.7096774193548,"Walnut Grove Elementary",95363
"34594",50,71217,118927,7,2012,111,52.5263157894737,"Walnut Grove Elementary",95363
"34595",50,71217,118927,8,2012,31,29.1909090909091,"Walnut Grove Elementary",95363
"34596",50,71217,118927,8,2012,111,39.0546875,"Walnut Grove Elementary",95363
"34597",50,71217,5036256,9,2012,31,29.6138392857143,"Patterson High",95363
"34598",50,71217,5036256,9,2012,111,41.2745098039216,"Patterson High",95363
"34599",50,71217,5036256,10,2012,31,32.1118421052632,"Patterson High",95363
"34600",50,71217,5036256,10,2012,111,45.2230014025245,"Patterson High",95363
"34601",50,71217,5036256,11,2012,31,34.975374732334,"Patterson High",95363
"34602",50,71217,5036256,11,2012,111,49.1076487252125,"Patterson High",95363
"34603",50,71217,6052948,2,2012,31,63,"Las Palmas Elementary",95363
"34604",50,71217,6052948,2,2012,111,92,"Las Palmas Elementary",95363
"34605",50,71217,6052948,3,2012,31,31,"Las Palmas Elementary",95363
"34606",50,71217,6052948,3,2012,111,53.5,"Las Palmas Elementary",95363
"34607",50,71217,6052948,4,2012,31,61.5,"Las Palmas Elementary",95363
"34608",50,71217,6052948,4,2012,111,92,"Las Palmas Elementary",95363
"34609",50,71217,6052948,5,2012,31,39,"Las Palmas Elementary",95363
"34610",50,71217,6052948,5,2012,111,77.6666666666667,"Las Palmas Elementary",95363
"34611",50,71217,6052955,2,2012,31,46,"Northmead Elementary",95363
"34612",50,71217,6052955,2,2012,111,55.5,"Northmead Elementary",95363
"34613",50,71217,6052955,3,2012,31,54,"Northmead Elementary",95363
"34614",50,71217,6052955,3,2012,111,43,"Northmead Elementary",95363
"34615",50,71217,6052955,4,2012,31,64,"Northmead Elementary",95363
"34616",50,71217,6052955,4,2012,111,74,"Northmead Elementary",95363
"34617",50,71217,6052955,5,2012,31,49,"Northmead Elementary",95363
"34618",50,71217,6052955,5,2012,111,59,"Northmead Elementary",95363
"34619",50,71217,6060297,6,2012,31,37.5,"Creekside Middle",95363
"34620",50,71217,6060297,6,2012,111,57,"Creekside Middle",95363
"34621",50,71217,6060297,7,2012,31,43.8347457627119,"Creekside Middle",95363
"34622",50,71217,6060297,7,2012,111,60.25,"Creekside Middle",95363
"34623",50,71217,6060297,8,2012,31,40.9091743119266,"Creekside Middle",95363
"34624",50,71217,6060297,8,2012,111,53.0564971751412,"Creekside Middle",95363
"34625",50,71266,6053037,2,2012,31,31,"Salida Elementary",95368
"34626",50,71266,6053037,2,2012,111,48,"Salida Elementary",95368
"34627",50,71266,6053037,3,2012,31,30.5,"Salida Elementary",95368
"34628",50,71266,6053037,3,2012,111,43,"Salida Elementary",95368
"34629",50,71266,6053037,4,2012,31,47,"Salida Elementary",95368
"34630",50,71266,6053037,4,2012,111,62.5,"Salida Elementary",95368
"34631",50,71266,6053037,5,2012,31,37.3333333333333,"Salida Elementary",95368
"34632",50,71266,6053037,5,2012,111,75.3333333333333,"Salida Elementary",95368
"34633",50,71266,6106934,2,2012,31,42.5,"Sisk Elementary",95368
"34634",50,71266,6106934,2,2012,111,52.5,"Sisk Elementary",95368
"34635",50,71266,6106934,3,2012,31,50.8181818181818,"Sisk Elementary",95368
"34636",50,71266,6106934,3,2012,111,74.0752688172043,"Sisk Elementary",95368
"34637",50,71266,6106934,4,2012,31,71,"Sisk Elementary",95368
"34638",50,71266,6106934,4,2012,111,80.4328358208955,"Sisk Elementary",95368
"34639",50,71266,6106934,5,2012,31,52.0692307692308,"Sisk Elementary",95368
"34640",50,71266,6106934,5,2012,111,70.6666666666667,"Sisk Elementary",95368
"34641",50,71266,6113823,2,2012,31,40,"Dena Boer",95368
"34642",50,71266,6113823,2,2012,111,57,"Dena Boer",95368
"34643",50,71266,6113823,3,2012,31,51.4018691588785,"Dena Boer",95368
"34644",50,71266,6113823,3,2012,111,63.5873015873016,"Dena Boer",95368
"34645",50,71266,6113823,4,2012,31,64.375,"Dena Boer",95368
"34646",50,71266,6113823,4,2012,111,68.974025974026,"Dena Boer",95368
"34647",50,71266,6113823,5,2012,31,46.2,"Dena Boer",95368
"34648",50,71266,6113823,5,2012,111,53,"Dena Boer",95368
"34649",50,71274,121558,6,2012,31,53.5,"Shiloh Charter",95358
"34650",50,71274,121558,7,2012,31,59.5,"Shiloh Charter",95358
"34651",50,71274,6053045,4,2012,31,62.5,"Shiloh Elementary",95358
"34652",50,71282,105700,2,2012,31,61,"Mary Lou Dieterich Elementary",95350
"34653",50,71282,105700,2,2012,111,83,"Mary Lou Dieterich Elementary",95350
"34654",50,71282,105700,3,2012,31,64,"Mary Lou Dieterich Elementary",95350
"34655",50,71282,105700,3,2012,111,80.5,"Mary Lou Dieterich Elementary",95350
"34656",50,71282,105700,4,2012,31,66,"Mary Lou Dieterich Elementary",95350
"34657",50,71282,105700,4,2012,111,83.5,"Mary Lou Dieterich Elementary",95350
"34658",50,71282,105700,5,2012,31,63.3048780487805,"Mary Lou Dieterich Elementary",95350
"34659",50,71282,105700,5,2012,111,76.3333333333333,"Mary Lou Dieterich Elementary",95350
"34660",50,71282,105700,6,2012,31,46.5,"Mary Lou Dieterich Elementary",95350
"34661",50,71282,105700,6,2012,111,60.5,"Mary Lou Dieterich Elementary",95350
"34662",50,71282,6053078,2,2012,31,41.5,"Stanislaus Elementary",95356
"34663",50,71282,6053078,2,2012,111,60,"Stanislaus Elementary",95356
"34664",50,71282,6053078,3,2012,31,59.5,"Stanislaus Elementary",95356
"34665",50,71282,6053078,3,2012,111,66,"Stanislaus Elementary",95356
"34666",50,71282,6053078,4,2012,31,77,"Stanislaus Elementary",95356
"34667",50,71282,6053078,4,2012,111,77.5,"Stanislaus Elementary",95356
"34668",50,71282,6053078,5,2012,31,39,"Stanislaus Elementary",95356
"34669",50,71282,6053078,5,2012,111,77,"Stanislaus Elementary",95356
"34670",50,71282,6053078,6,2012,111,62,"Stanislaus Elementary",95356
"34671",50,71290,113795,2,2012,31,62.5,"Crossroads Elementary",95367
"34672",50,71290,113795,2,2012,111,75.5,"Crossroads Elementary",95367
"34673",50,71290,113795,3,2012,31,50.8048780487805,"Crossroads Elementary",95367
"34674",50,71290,113795,3,2012,111,67.1208791208791,"Crossroads Elementary",95367
"34675",50,71290,113795,4,2012,31,74.0344827586207,"Crossroads Elementary",95367
"34676",50,71290,113795,4,2012,111,80.4140625,"Crossroads Elementary",95367
"34677",50,71290,113795,5,2012,31,58.7162162162162,"Crossroads Elementary",95367
"34678",50,71290,113795,5,2012,111,77.9772727272727,"Crossroads Elementary",95367
"34679",50,71290,6053086,2,2012,31,58.5,"Sherwood Elementary",95350
"34680",50,71290,6053086,2,2012,111,82,"Sherwood Elementary",95350
"34681",50,71290,6053086,3,2012,31,56.5,"Sherwood Elementary",95350
"34682",50,71290,6053086,3,2012,111,75.2763157894737,"Sherwood Elementary",95350
"34683",50,71290,6053086,4,2012,31,70.6056338028169,"Sherwood Elementary",95350
"34684",50,71290,6053086,4,2012,111,89,"Sherwood Elementary",95350
"34685",50,71290,6053086,5,2012,31,62.9090909090909,"Sherwood Elementary",95350
"34686",50,71290,6053086,5,2012,111,79.3333333333333,"Sherwood Elementary",95350
"34687",50,71290,6053094,6,2012,31,43.4979079497908,"Somerset Middle",95350
"34688",50,71290,6053094,6,2012,111,51.5133689839572,"Somerset Middle",95350
"34689",50,71290,6053094,7,2012,31,48.5362776025237,"Somerset Middle",95350
"34690",50,71290,6053094,7,2012,111,64.551867219917,"Somerset Middle",95350
"34691",50,71290,6053094,8,2012,31,45.56038647343,"Somerset Middle",95350
"34692",50,71290,6053094,8,2012,111,66.3296703296703,"Somerset Middle",95350
"34693",50,71290,6053102,3,2012,31,50.6164383561644,"Standiford Elementary",95350
"34694",50,71290,6053102,3,2012,111,79.5,"Standiford Elementary",95350
"34695",50,71290,6053102,4,2012,31,67.9090909090909,"Standiford Elementary",95350
"34696",50,71290,6053102,4,2012,111,96,"Standiford Elementary",95350
"34697",50,71290,6053102,5,2012,31,61.9761904761905,"Standiford Elementary",95350
"34698",50,71290,6053102,5,2012,111,84.6666666666667,"Standiford Elementary",95350
"34699",50,71290,6053110,2,2012,31,51.5,"Sylvan Elementary",95355
"34700",50,71290,6053110,3,2012,31,58.5,"Sylvan Elementary",95355
"34701",50,71290,6053110,3,2012,111,57,"Sylvan Elementary",95355
"34702",50,71290,6053110,4,2012,31,55.8701298701299,"Sylvan Elementary",95355
"34703",50,71290,6053110,4,2012,111,73.5,"Sylvan Elementary",95355
"34704",50,71290,6053110,5,2012,31,46.775,"Sylvan Elementary",95355
"34705",50,71290,6053128,2,2012,31,34,"Woodrow Elementary",95350
"34706",50,71290,6053128,2,2012,111,62,"Woodrow Elementary",95350
"34707",50,71290,6053128,3,2012,31,53.1408450704225,"Woodrow Elementary",95350
"34708",50,71290,6053128,3,2012,111,53.1777777777778,"Woodrow Elementary",95350
"34709",50,71290,6053128,4,2012,31,74.9333333333333,"Woodrow Elementary",95350
"34710",50,71290,6053128,4,2012,111,84,"Woodrow Elementary",95350
"34711",50,71290,6095517,2,2012,31,54.5,"Stockard Coffee Elementary",95355
"34712",50,71290,6095517,2,2012,111,82,"Stockard Coffee Elementary",95355
"34713",50,71290,6095517,3,2012,31,57.5,"Stockard Coffee Elementary",95355
"34714",50,71290,6095517,3,2012,111,79,"Stockard Coffee Elementary",95355
"34715",50,71290,6095517,4,2012,31,70.8666666666667,"Stockard Coffee Elementary",95355
"34716",50,71290,6095517,4,2012,111,78.8732394366197,"Stockard Coffee Elementary",95355
"34717",50,71290,6111009,2,2012,31,58.5,"Orchard Elementary",95355
"34718",50,71290,6111009,2,2012,111,85.5,"Orchard Elementary",95355
"34719",50,71290,6111009,3,2012,31,51.6865671641791,"Orchard Elementary",95355
"34720",50,71290,6111009,3,2012,111,76,"Orchard Elementary",95355
"34721",50,71290,6111009,4,2012,31,68,"Orchard Elementary",95355
"34722",50,71290,6111009,4,2012,111,75.5,"Orchard Elementary",95355
"34723",50,71290,6111009,5,2012,31,79.2624113475177,"Orchard Elementary",95355
"34724",50,71290,6111009,5,2012,111,80.6440677966102,"Orchard Elementary",95355
"34725",50,71290,6120430,2,2012,31,59,"Freedom Elementary",95355
"34726",50,71290,6120430,2,2012,111,68.5,"Freedom Elementary",95355
"34727",50,71290,6120430,3,2012,31,66.5,"Freedom Elementary",95355
"34728",50,71290,6120430,3,2012,111,77,"Freedom Elementary",95355
"34729",50,71290,6120430,4,2012,31,75.4754098360656,"Freedom Elementary",95355
"34730",50,71290,6120430,4,2012,111,84,"Freedom Elementary",95355
"34731",50,71290,6120430,5,2012,31,63.2038834951456,"Freedom Elementary",95355
"34732",50,71290,6120430,5,2012,111,82.0090909090909,"Freedom Elementary",95355
"34733",50,71324,6053201,2,2012,31,81,"Valley Home Elementary",95361
"34734",50,71324,6053201,3,2012,31,82,"Valley Home Elementary",95361
"34735",50,73601,101188,2,2012,31,48.5,"Hunt Elementary",95360
"34736",50,73601,101188,3,2012,31,59.6464646464646,"Hunt Elementary",95360
"34737",50,73601,101188,4,2012,31,60,"Hunt Elementary",95360
"34738",50,73601,101188,5,2012,31,38.3333333333333,"Hunt Elementary",95360
"34739",50,73601,124073,2,2012,31,37,"Hurd Barrington Elementary",95360
"34740",50,73601,124073,2,2012,111,70.5,"Hurd Barrington Elementary",95360
"34741",50,73601,124073,3,2012,31,15,"Hurd Barrington Elementary",95360
"34742",50,73601,124073,3,2012,111,45,"Hurd Barrington Elementary",95360
"34743",50,73601,124073,4,2012,31,63.5121951219512,"Hurd Barrington Elementary",95360
"34744",50,73601,124073,4,2012,111,74.6,"Hurd Barrington Elementary",95360
"34745",50,73601,5035902,9,2012,31,30.7664041994751,"Orestimba High",95360
"34746",50,73601,5035902,9,2012,111,51.3958333333333,"Orestimba High",95360
"34747",50,73601,5035902,10,2012,31,29.5044404973357,"Orestimba High",95360
"34748",50,73601,5035902,10,2012,111,48.9090909090909,"Orestimba High",95360
"34749",50,73601,5035902,11,2012,31,25.2866972477064,"Orestimba High",95360
"34750",50,73601,5035902,11,2012,111,37.2366071428571,"Orestimba High",95360
"34751",50,73601,6025712,2,2012,31,87.5,"Bonita Elementary",95313
"34752",50,73601,6025712,2,2012,111,82,"Bonita Elementary",95313
"34753",50,73601,6025712,3,2012,31,76.5,"Bonita Elementary",95313
"34754",50,73601,6025712,4,2012,31,93,"Bonita Elementary",95313
"34755",50,73601,6025712,5,2012,31,61,"Bonita Elementary",95313
"34756",50,73601,6025712,5,2012,111,94,"Bonita Elementary",95313
"34757",50,73601,6025753,2,2012,31,67,"Von Renner Elementary",95360
"34758",50,73601,6025753,3,2012,31,25.8811881188119,"Von Renner Elementary",95360
"34759",50,73601,6025753,4,2012,31,57.989247311828,"Von Renner Elementary",95360
"34760",50,73601,6025753,5,2012,31,45.6293706293706,"Von Renner Elementary",95360
"34761",50,73601,6025761,6,2012,31,37.0418118466899,"Yolo Junior High",95360
"34762",50,73601,6025761,6,2012,111,67,"Yolo Junior High",95360
"34763",50,73601,6025761,7,2012,31,44.5172413793103,"Yolo Junior High",95360
"34764",50,73601,6025761,7,2012,111,62.4495412844037,"Yolo Junior High",95360
"34765",50,73601,6025761,8,2012,31,40.5616,"Yolo Junior High",95360
"34766",50,73601,6025761,8,2012,111,48.2025316455696,"Yolo Junior High",95360
"34767",50,75549,101030,4,2012,31,49.5,"Fox Road Elementary",95326
"34768",50,75549,101030,4,2012,111,79,"Fox Road Elementary",95326
"34769",50,75549,101030,5,2012,31,50.3170731707317,"Fox Road Elementary",95326
"34770",50,75549,101030,5,2012,111,69.3195266272189,"Fox Road Elementary",95326
"34771",50,75549,5032651,9,2012,31,38.5065502183406,"Hughson High",95326
"34772",50,75549,5032651,9,2012,111,61.3662790697674,"Hughson High",95326
"34773",50,75549,5032651,10,2012,31,39.6225,"Hughson High",95326
"34774",50,75549,5032651,10,2012,111,60.9429928741093,"Hughson High",95326
"34775",50,75549,5032651,11,2012,31,35.613475177305,"Hughson High",95326
"34776",50,75549,5032651,11,2012,111,57.7404580152672,"Hughson High",95326
"34777",50,75549,6052575,2,2012,31,40,"Hughson Elementary",95326
"34778",50,75549,6052575,2,2012,111,73.5,"Hughson Elementary",95326
"34779",50,75549,6052575,3,2012,31,44.5,"Hughson Elementary",95326
"34780",50,75549,6052575,3,2012,111,76,"Hughson Elementary",95326
"34781",50,75556,112573,11,2012,31,9.87387387387387,"Adelante High",95367
"34782",50,75556,113852,2,2012,31,31.5,"Riverbank Language Academy",95367
"34783",50,75556,113852,2,2012,111,75,"Riverbank Language Academy",95367
"34784",50,75556,113852,3,2012,31,38,"Riverbank Language Academy",95367
"34785",50,75556,113852,3,2012,111,36,"Riverbank Language Academy",95367
"34786",50,75556,113852,4,2012,31,42.5,"Riverbank Language Academy",95367
"34787",50,75556,113852,5,2012,31,52.6666666666667,"Riverbank Language Academy",95367
"34788",50,75556,113852,6,2012,31,30.5,"Riverbank Language Academy",95367
"34789",50,75556,113852,7,2012,31,40,"Riverbank Language Academy",95367
"34790",50,75556,113852,8,2012,31,48.75,"Riverbank Language Academy",95367
"34791",50,75556,5036850,9,2012,31,42.8958333333333,"Riverbank High",95367
"34792",50,75556,5036850,9,2012,111,62.2075471698113,"Riverbank High",95367
"34793",50,75556,5036850,10,2012,31,34.0112834978843,"Riverbank High",95367
"34794",50,75556,5036850,10,2012,111,51.1418439716312,"Riverbank High",95367
"34795",50,75556,5036850,11,2012,31,40.5127551020408,"Riverbank High",95367
"34796",50,75556,5036850,11,2012,111,52.6464646464646,"Riverbank High",95367
"34797",50,75556,6052971,2,2012,31,38,"California Avenue Elementary",95367
"34798",50,75556,6052971,3,2012,31,42.112582781457,"California Avenue Elementary",95367
"34799",50,75556,6052971,4,2012,31,62,"California Avenue Elementary",95367
"34800",50,75556,6052971,5,2012,31,40.2167832167832,"California Avenue Elementary",95367
"34801",50,75556,6052989,6,2012,31,39,"Cardozo Middle",95367
"34802",50,75556,6052989,6,2012,111,66,"Cardozo Middle",95367
"34803",50,75556,6052989,7,2012,31,34,"Cardozo Middle",95367
"34804",50,75556,6052989,7,2012,111,54.1176470588235,"Cardozo Middle",95367
"34805",50,75556,6052989,8,2012,31,44.0971962616822,"Cardozo Middle",95367
"34806",50,75556,6052989,8,2012,111,64.5806451612903,"Cardozo Middle",95367
"34807",50,75564,107979,2,2012,31,50,"Sierra View Elementary",95361
"34808",50,75564,107979,2,2012,111,84.5,"Sierra View Elementary",95361
"34809",50,75564,107979,3,2012,31,58,"Sierra View Elementary",95361
"34810",50,75564,107979,3,2012,111,73.4251968503937,"Sierra View Elementary",95361
"34811",50,75564,107979,4,2012,31,70.5074626865672,"Sierra View Elementary",95361
"34812",50,75564,107979,4,2012,111,84.495867768595,"Sierra View Elementary",95361
"34813",50,75564,107979,5,2012,31,70,"Sierra View Elementary",95361
"34814",50,75564,107979,5,2012,111,88.6666666666667,"Sierra View Elementary",95361
"34815",50,75564,107979,6,2012,31,50,"Sierra View Elementary",95361
"34816",50,75564,107979,6,2012,111,74.4601769911504,"Sierra View Elementary",95361
"34817",50,75564,5031950,10,2012,31,0,"East Stanislaus High",95361
"34818",50,75564,5031950,11,2012,31,7.8125,"East Stanislaus High",95361
"34819",50,75564,5031950,11,2012,111,0,"East Stanislaus High",95361
"34820",50,75564,5035654,9,2012,31,33.6428571428571,"Oakdale High",95361
"34821",50,75564,5035654,9,2012,111,61.2351421188631,"Oakdale High",95361
"34822",50,75564,5035654,10,2012,31,41.9020537124803,"Oakdale High",95361
"34823",50,75564,5035654,10,2012,111,61.2703137570394,"Oakdale High",95361
"34824",50,75564,5035654,11,2012,31,36.2698961937716,"Oakdale High",95361
"34825",50,75564,5035654,11,2012,111,56.0352020860495,"Oakdale High",95361
"34826",50,75564,6052880,2,2012,31,49.5,"Cloverland Elementary",95361
"34827",50,75564,6052880,2,2012,111,74.5,"Cloverland Elementary",95361
"34828",50,75564,6052880,3,2012,31,53.3061224489796,"Cloverland Elementary",95361
"34829",50,75564,6052880,3,2012,111,67.5,"Cloverland Elementary",95361
"34830",50,75564,6052880,4,2012,31,56.3614457831325,"Cloverland Elementary",95361
"34831",50,75564,6052880,4,2012,111,73.7826086956522,"Cloverland Elementary",95361
"34832",50,75564,6052880,5,2012,31,74.7297297297297,"Cloverland Elementary",95361
"34833",50,75564,6052880,5,2012,111,80,"Cloverland Elementary",95361
"34834",50,75564,6052880,6,2012,31,34.5,"Cloverland Elementary",95361
"34835",50,75564,6052880,6,2012,111,68.887323943662,"Cloverland Elementary",95361
"34836",50,75564,6052898,2,2012,31,51.4631578947368,"Fair Oaks Elementary",95361
"34837",50,75564,6052898,2,2012,111,73,"Fair Oaks Elementary",95361
"34838",50,75564,6052898,3,2012,31,45.5,"Fair Oaks Elementary",95361
"34839",50,75564,6052898,3,2012,111,72.041958041958,"Fair Oaks Elementary",95361
"34840",50,75564,6052898,4,2012,31,51.986301369863,"Fair Oaks Elementary",95361
"34841",50,75564,6052898,4,2012,111,83,"Fair Oaks Elementary",95361
"34842",50,75564,6052898,5,2012,31,68.6267605633803,"Fair Oaks Elementary",95361
"34843",50,75564,6052898,5,2012,111,83.6748768472906,"Fair Oaks Elementary",95361
"34844",50,75564,6052898,6,2012,31,47.5154639175258,"Fair Oaks Elementary",95361
"34845",50,75564,6052898,6,2012,111,67.5,"Fair Oaks Elementary",95361
"34846",50,75564,6052906,7,2012,31,41.0621118012422,"Oakdale Junior High",95361
"34847",50,75564,6052906,7,2012,111,61.4780600461894,"Oakdale Junior High",95361
"34848",50,75564,6052906,8,2012,31,43.1618911174785,"Oakdale Junior High",95361
"34849",50,75564,6052906,8,2012,111,64.8485523385301,"Oakdale Junior High",95361
"34850",50,75564,6100390,2,2012,31,60.5,"Magnolia Elementary",95361
"34851",50,75564,6100390,2,2012,111,82,"Magnolia Elementary",95361
"34852",50,75564,6100390,3,2012,31,45.1428571428571,"Magnolia Elementary",95361
"34853",50,75564,6100390,3,2012,111,62.5,"Magnolia Elementary",95361
"34854",50,75564,6100390,4,2012,31,63.5121951219512,"Magnolia Elementary",95361
"34855",50,75564,6100390,4,2012,111,84.5,"Magnolia Elementary",95361
"34856",50,75564,6100390,5,2012,31,57.8383838383838,"Magnolia Elementary",95361
"34857",50,75564,6100390,5,2012,111,89.6929133858268,"Magnolia Elementary",95361
"34858",50,75564,6100390,6,2012,31,49.5684210526316,"Magnolia Elementary",95361
"34859",50,75564,6100390,6,2012,111,69,"Magnolia Elementary",95361
"34860",50,75572,118513,2,2012,31,50,"Richard M. Moon Primary",95386
"34861",50,75572,118513,2,2012,111,77.5,"Richard M. Moon Primary",95386
"34862",50,75572,5030259,9,2012,31,53.0135746606335,"Waterford High",95386
"34863",50,75572,5030259,9,2012,111,69.580487804878,"Waterford High",95386
"34864",50,75572,5030259,10,2012,31,50.181236673774,"Waterford High",95386
"34865",50,75572,5030259,10,2012,111,64.8206896551724,"Waterford High",95386
"34866",50,75572,5030259,11,2012,31,30.6150793650794,"Waterford High",95386
"34867",50,75572,5030259,11,2012,111,59.6746987951807,"Waterford High",95386
"34868",50,75572,5030317,2,2012,31,43.5,"Connecting Waters Charter",95386
"34869",50,75572,5030317,2,2012,111,49.995670995671,"Connecting Waters Charter",95386
"34870",50,75572,5030317,3,2012,31,31.5042735042735,"Connecting Waters Charter",95386
"34871",50,75572,5030317,3,2012,111,47.5,"Connecting Waters Charter",95386
"34872",50,75572,5030317,4,2012,31,43,"Connecting Waters Charter",95386
"34873",50,75572,5030317,4,2012,111,67.5,"Connecting Waters Charter",95386
"34874",50,75572,5030317,5,2012,31,38.6666666666667,"Connecting Waters Charter",95386
"34875",50,75572,5030317,5,2012,111,58.3333333333333,"Connecting Waters Charter",95386
"34876",50,75572,5030317,6,2012,31,21.5,"Connecting Waters Charter",95386
"34877",50,75572,5030317,6,2012,111,59.9502487562189,"Connecting Waters Charter",95386
"34878",50,75572,5030317,7,2012,31,46.1733333333333,"Connecting Waters Charter",95386
"34879",50,75572,5030317,7,2012,111,68.3510638297872,"Connecting Waters Charter",95386
"34880",50,75572,5030317,8,2012,31,31.1654411764706,"Connecting Waters Charter",95386
"34881",50,75572,5030317,8,2012,111,56.453216374269,"Connecting Waters Charter",95386
"34882",50,75572,5030317,9,2012,31,33.3522727272727,"Connecting Waters Charter",95386
"34883",50,75572,5030317,9,2012,111,46,"Connecting Waters Charter",95386
"34884",50,75572,5030317,10,2012,31,21.850144092219,"Connecting Waters Charter",95386
"34885",50,75572,5030317,10,2012,111,37.5255972696246,"Connecting Waters Charter",95386
"34886",50,75572,5030317,11,2012,31,28.0274725274725,"Connecting Waters Charter",95386
"34887",50,75572,5030317,11,2012,111,45.0149253731343,"Connecting Waters Charter",95386
"34888",50,75739,5037700,9,2012,31,44.8070175438597,"Turlock High",95380
"34889",50,75739,5037700,9,2012,111,70.5566801619433,"Turlock High",95380
"34890",50,75739,5037700,10,2012,31,40.7942857142857,"Turlock High",95380
"34891",50,75739,5037700,10,2012,111,64.3581560283688,"Turlock High",95380
"34892",50,75739,5037700,11,2012,31,42.9718574108818,"Turlock High",95380
"34893",50,75739,5037700,11,2012,111,63.5822416302766,"Turlock High",95380
"34894",50,75739,6053136,7,2012,31,43.2144469525959,"Turlock Junior High",95382
"34895",50,75739,6053136,7,2012,111,72.7676767676768,"Turlock Junior High",95382
"34896",50,75739,6053136,8,2012,31,41.0156543519098,"Turlock Junior High",95382
"34897",50,75739,6053136,8,2012,111,65.8086500655308,"Turlock Junior High",95382
"34898",50,75739,6053151,2,2012,31,48.5,"Crowell Elementary",95382
"34899",50,75739,6053151,3,2012,31,26.5,"Crowell Elementary",95382
"34900",50,75739,6053151,4,2012,31,49,"Crowell Elementary",95382
"34901",50,75739,6053151,5,2012,31,46,"Crowell Elementary",95382
"34902",50,75739,6053151,6,2012,31,36.5,"Crowell Elementary",95382
"34903",50,75739,6053169,2,2012,31,58,"Cunningham Elementary",95380
"34904",50,75739,6053169,3,2012,31,46,"Cunningham Elementary",95380
"34905",50,75739,6053169,4,2012,31,48,"Cunningham Elementary",95380
"34906",50,75739,6053169,5,2012,31,39.6666666666667,"Cunningham Elementary",95380
"34907",50,75739,6053169,6,2012,31,41.5,"Cunningham Elementary",95380
"34908",50,75739,6053177,2,2012,31,42.5,"Julien Elementary",95380
"34909",50,75739,6053177,2,2012,111,82.5,"Julien Elementary",95380
"34910",50,75739,6053177,3,2012,31,60.5851851851852,"Julien Elementary",95380
"34911",50,75739,6053177,3,2012,111,72.578313253012,"Julien Elementary",95380
"34912",50,75739,6053177,4,2012,31,47.0134228187919,"Julien Elementary",95380
"34913",50,75739,6053177,4,2012,111,79.4845360824742,"Julien Elementary",95380
"34914",50,75739,6053177,5,2012,31,37.3028571428571,"Julien Elementary",95380
"34915",50,75739,6053177,5,2012,111,68,"Julien Elementary",95380
"34916",50,75739,6053177,6,2012,31,37,"Julien Elementary",95380
"34917",50,75739,6053177,6,2012,111,76.5,"Julien Elementary",95380
"34918",50,75739,6053193,2,2012,31,43,"Wakefield Elementary",95380
"34919",50,75739,6053193,3,2012,31,32,"Wakefield Elementary",95380
"34920",50,75739,6053193,4,2012,31,45,"Wakefield Elementary",95380
"34921",50,75739,6053193,5,2012,31,34,"Wakefield Elementary",95380
"34922",50,75739,6053193,6,2012,31,29.5,"Wakefield Elementary",95380
"34923",51,10512,114207,9,2012,31,13.1739130434783,"Feather River Academy",95993
"34924",51,10512,114207,10,2012,31,8.94117647058824,"Feather River Academy",95993
"34925",51,10512,114207,10,2012,111,4.5,"Feather River Academy",95993
"34926",51,71357,6053235,2,2012,31,50,"Brittan Elementary",95982
"34927",51,71357,6053235,2,2012,111,62.5,"Brittan Elementary",95982
"34928",51,71357,6053235,3,2012,31,52,"Brittan Elementary",95982
"34929",51,71357,6053235,3,2012,111,88.5,"Brittan Elementary",95982
"34930",51,71357,6053235,4,2012,31,68,"Brittan Elementary",95982
"34931",51,71357,6053235,4,2012,111,93,"Brittan Elementary",95982
"34932",51,71357,6053235,5,2012,31,46.3333333333333,"Brittan Elementary",95982
"34933",51,71357,6053235,5,2012,111,61.4285714285714,"Brittan Elementary",95982
"34934",51,71357,6053235,6,2012,31,34,"Brittan Elementary",95982
"34935",51,71357,6053235,6,2012,111,64,"Brittan Elementary",95982
"34936",51,71357,6053235,7,2012,31,35.2941176470588,"Brittan Elementary",95982
"34937",51,71357,6053235,7,2012,111,56.5238095238095,"Brittan Elementary",95982
"34938",51,71357,6053235,8,2012,31,43.1826923076923,"Brittan Elementary",95982
"34939",51,71357,6053235,8,2012,111,71.5789473684211,"Brittan Elementary",95982
"34940",51,71365,6053243,2,2012,111,45.5,"Browns Elementary",95674
"34941",51,71365,6053243,4,2012,111,82,"Browns Elementary",95674
"34942",51,71365,6053243,6,2012,111,82,"Browns Elementary",95674
"34943",51,71365,6053243,7,2012,111,91,"Browns Elementary",95674
"34944",51,71365,6053243,8,2012,111,88,"Browns Elementary",95674
"34945",51,71373,5132758,9,2012,31,57.972602739726,"East Nicolaus High",95659
"34946",51,71373,5132758,9,2012,111,65.8071428571429,"East Nicolaus High",95659
"34947",51,71373,5132758,10,2012,31,51.1842105263158,"East Nicolaus High",95659
"34948",51,71373,5132758,10,2012,111,64.9446808510638,"East Nicolaus High",95659
"34949",51,71373,5132758,11,2012,31,37.5,"East Nicolaus High",95659
"34950",51,71373,5132758,11,2012,111,52.8257575757576,"East Nicolaus High",95659
"34951",51,71381,6053250,2,2012,31,67.5,"Franklin Elementary",95993
"34952",51,71381,6053250,2,2012,111,93.5,"Franklin Elementary",95993
"34953",51,71381,6053250,3,2012,111,82.5,"Franklin Elementary",95993
"34954",51,71381,6053250,4,2012,31,78,"Franklin Elementary",95993
"34955",51,71381,6053250,4,2012,111,91,"Franklin Elementary",95993
"34956",51,71381,6053250,5,2012,31,53,"Franklin Elementary",95993
"34957",51,71381,6053250,5,2012,111,96.6666666666667,"Franklin Elementary",95993
"34958",51,71381,6053250,6,2012,31,35,"Franklin Elementary",95993
"34959",51,71381,6053250,6,2012,111,65,"Franklin Elementary",95993
"34960",51,71381,6053250,7,2012,31,47.5,"Franklin Elementary",95993
"34961",51,71381,6053250,7,2012,111,68,"Franklin Elementary",95993
"34962",51,71381,6053250,8,2012,31,48.25,"Franklin Elementary",95993
"34963",51,71381,6053250,8,2012,111,72.0733333333333,"Franklin Elementary",95993
"34964",51,71399,5135256,9,2012,31,51.725,"Live Oak High",95953
"34965",51,71399,5135256,9,2012,111,57.3857142857143,"Live Oak High",95953
"34966",51,71399,5135256,10,2012,31,53.8476953907816,"Live Oak High",95953
"34967",51,71399,5135256,10,2012,111,51.0136054421769,"Live Oak High",95953
"34968",51,71399,5135256,11,2012,31,33.9569892473118,"Live Oak High",95953
"34969",51,71399,5135256,11,2012,111,45.9893617021277,"Live Oak High",95953
"34970",51,71399,6053276,5,2012,31,53.6615969581749,"Live Oak Middle",95953
"34971",51,71399,6053276,5,2012,111,59,"Live Oak Middle",95953
"34972",51,71399,6053276,6,2012,31,49.5,"Live Oak Middle",95953
"34973",51,71399,6053276,6,2012,111,74.0322580645161,"Live Oak Middle",95953
"34974",51,71399,6053276,7,2012,31,60.5282051282051,"Live Oak Middle",95953
"34975",51,71399,6053276,7,2012,111,75,"Live Oak Middle",95953
"34976",51,71399,6053276,8,2012,31,36.7375886524823,"Live Oak Middle",95953
"34977",51,71399,6053276,8,2012,111,69.3461538461538,"Live Oak Middle",95953
"34978",51,71399,6053284,2,2012,31,45,"Luther Elementary",95953
"34979",51,71399,6053284,2,2012,111,38,"Luther Elementary",95953
"34980",51,71399,6053284,3,2012,31,51,"Luther Elementary",95953
"34981",51,71399,6053284,3,2012,111,72.5,"Luther Elementary",95953
"34982",51,71399,6053284,4,2012,31,55.5,"Luther Elementary",95953
"34983",51,71399,6053284,4,2012,111,75,"Luther Elementary",95953
"34984",51,71423,6053318,2,2012,111,76.5,"Nuestro Elementary",95953
"34985",51,71423,6053318,3,2012,111,71.5,"Nuestro Elementary",95953
"34986",51,71423,6053318,5,2012,111,71.3333333333333,"Nuestro Elementary",95953
"34987",51,71423,6053318,7,2012,111,62.5,"Nuestro Elementary",95953
"34988",51,71431,6053326,2,2012,111,100,"Pleasant Grove",95668
"34989",51,71431,6053326,7,2012,111,86.5,"Pleasant Grove",95668
"34990",51,71431,6053326,8,2012,111,85.3829787234042,"Pleasant Grove",95668
"34991",51,71449,5137500,9,2012,31,45.1917808219178,"Sutter High",95982
"34992",51,71449,5137500,9,2012,111,61.6520467836257,"Sutter High",95982
"34993",51,71449,5137500,10,2012,31,39.3870967741936,"Sutter High",95982
"34994",51,71449,5137500,10,2012,111,44.8037735849057,"Sutter High",95982
"34995",51,71449,5137500,11,2012,31,29,"Sutter High",95982
"34996",51,71449,5137500,11,2012,111,42.2248062015504,"Sutter High",95982
"34997",51,71456,6053433,2,2012,31,47,"Robbins Elementary",95676
"34998",51,71456,6053433,3,2012,31,40,"Robbins Elementary",95676
"34999",51,71456,6053433,4,2012,31,27,"Robbins Elementary",95676
"35000",51,71456,6053433,5,2012,31,27.6666666666667,"Robbins Elementary",95676
"35001",51,71456,6053433,8,2012,31,64,"Robbins Elementary",95676
"35002",51,71464,100537,2,2012,31,35,"Andros Karperos",95993
"35003",51,71464,100537,2,2012,111,63.5,"Andros Karperos",95993
"35004",51,71464,100537,3,2012,31,39.5,"Andros Karperos",95993
"35005",51,71464,100537,3,2012,111,52,"Andros Karperos",95993
"35006",51,71464,100537,4,2012,31,62.5,"Andros Karperos",95993
"35007",51,71464,100537,4,2012,111,76.5,"Andros Karperos",95993
"35008",51,71464,100537,5,2012,31,59.9793103448276,"Andros Karperos",95993
"35009",51,71464,100537,5,2012,111,64,"Andros Karperos",95993
"35010",51,71464,100537,6,2012,31,54.9875,"Andros Karperos",95993
"35011",51,71464,100537,6,2012,111,78,"Andros Karperos",95993
"35012",51,71464,100537,7,2012,31,55.5,"Andros Karperos",95993
"35013",51,71464,100537,7,2012,111,77,"Andros Karperos",95993
"35014",51,71464,100537,8,2012,31,59.1338155515371,"Andros Karperos",95993
"35015",51,71464,100537,8,2012,111,76.5362903225806,"Andros Karperos",95993
"35016",51,71464,107318,2,2012,31,79,"Twin Rivers Charter",95991
"35017",51,71464,107318,3,2012,31,88,"Twin Rivers Charter",95991
"35018",51,71464,107318,3,2012,111,93,"Twin Rivers Charter",95991
"35019",51,71464,107318,4,2012,31,93.5,"Twin Rivers Charter",95991
"35020",51,71464,107318,4,2012,111,96.5,"Twin Rivers Charter",95991
"35021",51,71464,107318,5,2012,31,66.6666666666667,"Twin Rivers Charter",95991
"35022",51,71464,107318,6,2012,31,91,"Twin Rivers Charter",95991
"35023",51,71464,107318,6,2012,111,91.1304347826087,"Twin Rivers Charter",95991
"35024",51,71464,107318,7,2012,31,41.5,"Twin Rivers Charter",95991
"35025",51,71464,107318,8,2012,31,50.25,"Twin Rivers Charter",95991
"35026",51,71464,107722,9,2012,31,36.6037483266399,"River Valley High",95993
"35027",51,71464,107722,9,2012,111,57.7631578947368,"River Valley High",95993
"35028",51,71464,107722,10,2012,31,32.6340956340956,"River Valley High",95993
"35029",51,71464,107722,10,2012,111,55.1024930747922,"River Valley High",95993
"35030",51,71464,107722,11,2012,31,28.4629847238543,"River Valley High",95993
"35031",51,71464,107722,11,2012,111,43.6275430359937,"River Valley High",95993
"35032",51,71464,113134,2,2012,31,58,"Riverbend Elementary",95991
"35033",51,71464,113134,2,2012,111,76.5,"Riverbend Elementary",95991
"35034",51,71464,113134,3,2012,31,58.8888888888889,"Riverbend Elementary",95991
"35035",51,71464,113134,3,2012,111,62.3111111111111,"Riverbend Elementary",95991
"35036",51,71464,113134,4,2012,31,67,"Riverbend Elementary",95991
"35037",51,71464,113134,4,2012,111,83.5,"Riverbend Elementary",95991
"35038",51,71464,113134,5,2012,31,49.0361445783133,"Riverbend Elementary",95991
"35039",51,71464,113134,5,2012,111,71.6290322580645,"Riverbend Elementary",95991
"35040",51,71464,113134,6,2012,31,44.9837133550489,"Riverbend Elementary",95991
"35041",51,71464,113134,6,2012,111,77.5,"Riverbend Elementary",95991
"35042",51,71464,113134,7,2012,31,52.4655870445344,"Riverbend Elementary",95991
"35043",51,71464,113134,7,2012,111,68.9235668789809,"Riverbend Elementary",95991
"35044",51,71464,113134,8,2012,31,51.8714953271028,"Riverbend Elementary",95991
"35045",51,71464,113134,8,2012,111,69.340490797546,"Riverbend Elementary",95991
"35046",51,71464,5130125,8,2012,31,11.5,"Yuba City Charter",95991
"35047",51,71464,5139001,9,2012,31,32.7946725860155,"Yuba City High",95991
"35048",51,71464,5139001,9,2012,111,53.9980506822612,"Yuba City High",95991
"35049",51,71464,5139001,10,2012,31,28.6571906354515,"Yuba City High",95991
"35050",51,71464,5139001,10,2012,111,50.8938826466916,"Yuba City High",95991
"35051",51,71464,5139001,11,2012,31,30.214626391097,"Yuba City High",95991
"35052",51,71464,5139001,11,2012,111,45.4185110663984,"Yuba City High",95991
"35053",51,71464,6053342,2,2012,31,57.9851851851852,"April Lane Elementary",95991
"35054",51,71464,6053342,3,2012,31,40,"April Lane Elementary",95991
"35055",51,71464,6053342,3,2012,111,88,"April Lane Elementary",95991
"35056",51,71464,6053342,4,2012,31,75.3928571428571,"April Lane Elementary",95991
"35057",51,71464,6053342,5,2012,31,62.0406976744186,"April Lane Elementary",95991
"35058",51,71464,6053342,5,2012,111,88.6666666666667,"April Lane Elementary",95991
"35059",51,71464,6053359,2,2012,31,58.5,"Barry Elementary",95991
"35060",51,71464,6053359,2,2012,111,84,"Barry Elementary",95991
"35061",51,71464,6053359,3,2012,31,68.5,"Barry Elementary",95991
"35062",51,71464,6053359,3,2012,111,93,"Barry Elementary",95991
"35063",51,71464,6053359,4,2012,31,60.5,"Barry Elementary",95991
"35064",51,71464,6053359,4,2012,111,92,"Barry Elementary",95991
"35065",51,71464,6053359,5,2012,31,60.6666666666667,"Barry Elementary",95991
"35066",51,71464,6053359,5,2012,111,72.015625,"Barry Elementary",95991
"35067",51,71464,6053359,6,2012,31,49,"Barry Elementary",95991
"35068",51,71464,6053359,6,2012,111,65.1923076923077,"Barry Elementary",95991
"35069",51,71464,6053359,7,2012,31,65.5,"Barry Elementary",95991
"35070",51,71464,6053359,7,2012,111,75,"Barry Elementary",95991
"35071",51,71464,6053359,8,2012,31,55.3308823529412,"Barry Elementary",95991
"35072",51,71464,6053359,8,2012,111,67.7796610169491,"Barry Elementary",95991
"35073",51,71464,6053367,2,2012,31,58,"Bridge Street Elementary",95991
"35074",51,71464,6053367,3,2012,31,52.624,"Bridge Street Elementary",95991
"35075",51,71464,6053367,4,2012,31,70.5,"Bridge Street Elementary",95991
"35076",51,71464,6053367,5,2012,31,45,"Bridge Street Elementary",95991
"35077",51,71464,6053383,6,2012,31,49.5064935064935,"Gray Avenue Middle",95991
"35078",51,71464,6053383,6,2012,111,85,"Gray Avenue Middle",95991
"35079",51,71464,6053383,7,2012,31,63,"Gray Avenue Middle",95991
"35080",51,71464,6053383,7,2012,111,71,"Gray Avenue Middle",95991
"35081",51,71464,6053383,8,2012,31,51.8473479948254,"Gray Avenue Middle",95991
"35082",51,71464,6053383,8,2012,111,62.6666666666667,"Gray Avenue Middle",95991
"35083",51,71464,6053391,2,2012,31,44,"King Avenue Elementary",95991
"35084",51,71464,6053391,3,2012,31,31.4196428571429,"King Avenue Elementary",95991
"35085",51,71464,6053391,4,2012,31,63.5544554455446,"King Avenue Elementary",95991
"35086",51,71464,6053391,5,2012,31,32.7078651685393,"King Avenue Elementary",95991
"35087",51,71464,6053409,2,2012,31,71,"Lincoln Elementary",95993
"35088",51,71464,6053409,2,2012,111,81.5,"Lincoln Elementary",95993
"35089",51,71464,6053409,3,2012,31,71.7328767123288,"Lincoln Elementary",95993
"35090",51,71464,6053409,3,2012,111,94.4716981132076,"Lincoln Elementary",95993
"35091",51,71464,6053409,4,2012,31,78.0909090909091,"Lincoln Elementary",95993
"35092",51,71464,6053409,4,2012,111,80,"Lincoln Elementary",95993
"35093",51,71464,6053409,5,2012,31,70.2093023255814,"Lincoln Elementary",95993
"35094",51,71464,6053409,5,2012,111,85.3333333333333,"Lincoln Elementary",95993
"35095",51,71464,6053417,2,2012,31,55.5,"Lincrest Elementary",95991
"35096",51,71464,6053417,2,2012,111,77,"Lincrest Elementary",95991
"35097",51,71464,6053417,3,2012,31,58.5725190839695,"Lincrest Elementary",95991
"35098",51,71464,6053417,3,2012,111,79.5,"Lincrest Elementary",95991
"35099",51,71464,6053417,4,2012,31,72.0125,"Lincrest Elementary",95991
"35100",51,71464,6053417,4,2012,111,92,"Lincrest Elementary",95991
"35101",51,71464,6053417,5,2012,31,74.6595744680851,"Lincrest Elementary",95991
"35102",51,71464,6053417,5,2012,111,83,"Lincrest Elementary",95991
"35103",51,71464,6053425,2,2012,31,44,"Park Avenue Elementary",95991
"35104",51,71464,6053425,3,2012,31,41.5,"Park Avenue Elementary",95991
"35105",51,71464,6053425,4,2012,31,59,"Park Avenue Elementary",95991
"35106",51,71464,6053425,5,2012,31,47.7443609022556,"Park Avenue Elementary",95991
"35107",51,71464,6053441,2,2012,31,60,"Tierra Buena Elementary",95993
"35108",51,71464,6053441,2,2012,111,87,"Tierra Buena Elementary",95993
"35109",51,71464,6053441,3,2012,31,41.5,"Tierra Buena Elementary",95993
"35110",51,71464,6053441,3,2012,111,72.5,"Tierra Buena Elementary",95993
"35111",51,71464,6053441,4,2012,31,53.037037037037,"Tierra Buena Elementary",95993
"35112",51,71464,6053441,4,2012,111,76.5,"Tierra Buena Elementary",95993
"35113",51,71464,6053441,5,2012,31,36.008547008547,"Tierra Buena Elementary",95993
"35114",51,71464,6053441,5,2012,111,64.3333333333333,"Tierra Buena Elementary",95993
"35115",51,71464,6053441,6,2012,31,49,"Tierra Buena Elementary",95993
"35116",51,71464,6053441,6,2012,111,73,"Tierra Buena Elementary",95993
"35117",51,71464,6053441,7,2012,31,50.4426229508197,"Tierra Buena Elementary",95993
"35118",51,71464,6053441,7,2012,111,68,"Tierra Buena Elementary",95993
"35119",51,71464,6053441,8,2012,31,51.7452229299363,"Tierra Buena Elementary",95993
"35120",51,71464,6053441,8,2012,111,79,"Tierra Buena Elementary",95993
"35121",51,71464,6067268,2,2012,31,51.0958904109589,"Butte Vista Elementary",95993
"35122",51,71464,6067268,2,2012,111,78,"Butte Vista Elementary",95993
"35123",51,71464,6067268,3,2012,31,52.24,"Butte Vista Elementary",95993
"35124",51,71464,6067268,3,2012,111,80.5488721804511,"Butte Vista Elementary",95993
"35125",51,71464,6067268,4,2012,31,70.5,"Butte Vista Elementary",95993
"35126",51,71464,6067268,4,2012,111,81.4662162162162,"Butte Vista Elementary",95993
"35127",51,71464,6067268,5,2012,31,65.2072072072072,"Butte Vista Elementary",95993
"35128",51,71464,6067268,5,2012,111,71.6666666666667,"Butte Vista Elementary",95993
"35129",51,71464,6067268,6,2012,31,56,"Butte Vista Elementary",95993
"35130",51,71464,6067268,6,2012,111,72.5,"Butte Vista Elementary",95993
"35131",51,71464,6067268,7,2012,31,68.0434782608696,"Butte Vista Elementary",95993
"35132",51,71464,6067268,7,2012,111,86.9710144927536,"Butte Vista Elementary",95993
"35133",51,71464,6067268,8,2012,31,61.7876712328767,"Butte Vista Elementary",95993
"35134",51,71464,6067268,8,2012,111,82.2633333333333,"Butte Vista Elementary",95993
"35135",52,71472,6053466,2,2012,31,71,"Antelope Elementary",96080
"35136",52,71472,6053466,2,2012,111,82.5,"Antelope Elementary",96080
"35137",52,71472,6053466,3,2012,31,49,"Antelope Elementary",96080
"35138",52,71472,6053466,3,2012,111,62.5,"Antelope Elementary",96080
"35139",52,71472,6053466,4,2012,31,59.5,"Antelope Elementary",96080
"35140",52,71472,6053466,4,2012,111,92.9411764705882,"Antelope Elementary",96080
"35141",52,71472,6053466,5,2012,31,53.6666666666667,"Antelope Elementary",96080
"35142",52,71472,6053466,5,2012,111,83,"Antelope Elementary",96080
"35143",52,71472,6066328,6,2012,31,44,"Berrendos Middle",96080
"35144",52,71472,6066328,6,2012,111,67.5,"Berrendos Middle",96080
"35145",52,71472,6066328,7,2012,31,51.5,"Berrendos Middle",96080
"35146",52,71472,6066328,7,2012,111,55.5,"Berrendos Middle",96080
"35147",52,71472,6066328,8,2012,31,47.4360902255639,"Berrendos Middle",96080
"35148",52,71472,6066328,8,2012,111,65.4416666666667,"Berrendos Middle",96080
"35149",52,71498,102301,2,2012,31,42.5,"Woodson Elementary",96021
"35150",52,71498,102301,2,2012,111,67.5,"Woodson Elementary",96021
"35151",52,71498,102301,3,2012,31,54.5,"Woodson Elementary",96021
"35152",52,71498,102301,3,2012,111,86.5,"Woodson Elementary",96021
"35153",52,71498,102301,4,2012,31,63,"Woodson Elementary",96021
"35154",52,71498,102301,4,2012,111,93,"Woodson Elementary",96021
"35155",52,71498,102301,5,2012,31,67.8608695652174,"Woodson Elementary",96021
"35156",52,71498,102301,5,2012,111,77.3333333333333,"Woodson Elementary",96021
"35157",52,71498,6053482,2,2012,31,57.5,"West Street Elementary",96021
"35158",52,71498,6053482,3,2012,31,40,"West Street Elementary",96021
"35159",52,71498,6053482,4,2012,31,51.5,"West Street Elementary",96021
"35160",52,71498,6053490,2,2012,31,69,"Olive View Elementary",96021
"35161",52,71498,6053490,3,2012,31,46.6434108527132,"Olive View Elementary",96021
"35162",52,71498,6053490,4,2012,31,61.5,"Olive View Elementary",96021
"35163",52,71498,6053490,5,2012,31,35.9139784946237,"Olive View Elementary",96021
"35164",52,71498,6053490,5,2012,111,52.3333333333333,"Olive View Elementary",96021
"35165",52,71498,6093546,6,2012,31,35.4983498349835,"Maywood Middle",96021
"35166",52,71498,6093546,6,2012,111,74,"Maywood Middle",96021
"35167",52,71498,6093546,7,2012,31,52.4838709677419,"Maywood Middle",96021
"35168",52,71498,6093546,7,2012,111,53.2,"Maywood Middle",96021
"35169",52,71498,6093546,8,2012,31,54.2215088282504,"Maywood Middle",96021
"35170",52,71498,6093546,8,2012,111,73.25,"Maywood Middle",96021
"35171",52,71498,6112486,3,2012,31,47,"Rancho Tehama Elementary",96021
"35172",52,71506,5231709,9,2012,31,32.4863731656184,"Corning High",96021
"35173",52,71506,5231709,9,2012,111,45.8817733990148,"Corning High",96021
"35174",52,71506,5231709,10,2012,31,26.451467268623,"Corning High",96021
"35175",52,71506,5231709,10,2012,111,39.5375939849624,"Corning High",96021
"35176",52,71506,5231709,11,2012,31,29.8023255813953,"Corning High",96021
"35177",52,71506,5231709,11,2012,111,38.3018181818182,"Corning High",96021
"35178",52,71522,6053516,2,2012,31,71.5,"Evergreen Elementary",96022
"35179",52,71522,6053516,2,2012,111,91,"Evergreen Elementary",96022
"35180",52,71522,6053516,3,2012,31,57,"Evergreen Elementary",96022
"35181",52,71522,6053516,3,2012,111,76,"Evergreen Elementary",96022
"35182",52,71522,6053516,4,2012,31,76.4150943396226,"Evergreen Elementary",96022
"35183",52,71522,6053516,4,2012,111,75,"Evergreen Elementary",96022
"35184",52,71522,6111629,5,2012,31,66,"Evergreen Middle",96022
"35185",52,71522,6111629,5,2012,111,82,"Evergreen Middle",96022
"35186",52,71522,6111629,6,2012,31,59.5486725663717,"Evergreen Middle",96022
"35187",52,71522,6111629,6,2012,111,68,"Evergreen Middle",96022
"35188",52,71522,6111629,7,2012,31,66.4954954954955,"Evergreen Middle",96022
"35189",52,71522,6111629,7,2012,111,85.5,"Evergreen Middle",96022
"35190",52,71522,6111629,8,2012,31,53.2118226600985,"Evergreen Middle",96022
"35191",52,71522,6111629,8,2012,111,67.4594594594595,"Evergreen Middle",96022
"35192",52,71548,6053532,2,2012,31,45.4933333333333,"Gerber Elementary",96035
"35193",52,71548,6053532,3,2012,31,50,"Gerber Elementary",96035
"35194",52,71548,6053532,4,2012,31,62.1111111111111,"Gerber Elementary",96035
"35195",52,71548,6053532,5,2012,31,45.8,"Gerber Elementary",96035
"35196",52,71548,6053532,6,2012,31,30.5,"Gerber Elementary",96035
"35197",52,71548,6053532,7,2012,31,38.5,"Gerber Elementary",96035
"35198",52,71548,6053532,8,2012,31,34.9401709401709,"Gerber Elementary",96035
"35199",52,71563,6053557,2,2012,31,57.5,"Lassen View Elementary",96055
"35200",52,71563,6053557,2,2012,111,71,"Lassen View Elementary",96055
"35201",52,71563,6053557,3,2012,31,75,"Lassen View Elementary",96055
"35202",52,71563,6053557,3,2012,111,54,"Lassen View Elementary",96055
"35203",52,71563,6053557,4,2012,31,84,"Lassen View Elementary",96055
"35204",52,71563,6053557,4,2012,111,80.5,"Lassen View Elementary",96055
"35205",52,71563,6053557,5,2012,31,73.3333333333333,"Lassen View Elementary",96055
"35206",52,71563,6053557,5,2012,111,88.3333333333333,"Lassen View Elementary",96055
"35207",52,71563,6053557,6,2012,31,80.5,"Lassen View Elementary",96055
"35208",52,71563,6053557,6,2012,111,73,"Lassen View Elementary",96055
"35209",52,71563,6053557,7,2012,31,75.5757575757576,"Lassen View Elementary",96055
"35210",52,71563,6053557,7,2012,111,100,"Lassen View Elementary",96055
"35211",52,71563,6053557,8,2012,31,73,"Lassen View Elementary",96055
"35212",52,71563,6053557,8,2012,111,77.2769230769231,"Lassen View Elementary",96055
"35213",52,71571,5235106,9,2012,31,56.6555555555556,"Los Molinos High",96055
"35214",52,71571,5235106,9,2012,111,58.7916666666667,"Los Molinos High",96055
"35215",52,71571,5235106,10,2012,31,32.6379310344828,"Los Molinos High",96055
"35216",52,71571,5235106,10,2012,111,55.75,"Los Molinos High",96055
"35217",52,71571,5235106,11,2012,31,18.7906976744186,"Los Molinos High",96055
"35218",52,71571,6053565,2,2012,31,65,"Los Molinos Elementary",96055
"35219",52,71571,6053565,2,2012,111,92,"Los Molinos Elementary",96055
"35220",52,71571,6053565,3,2012,31,57.5,"Los Molinos Elementary",96055
"35221",52,71571,6053565,4,2012,31,62.5,"Los Molinos Elementary",96055
"35222",52,71571,6053565,5,2012,31,73.3333333333333,"Los Molinos Elementary",96055
"35223",52,71571,6053565,6,2012,31,50,"Los Molinos Elementary",96055
"35224",52,71571,6053565,7,2012,31,60.3714285714286,"Los Molinos Elementary",96055
"35225",52,71571,6053565,8,2012,31,57.5754716981132,"Los Molinos Elementary",96055
"35226",52,71621,6053623,2,2012,31,61.5,"Bidwell Elementary",96080
"35227",52,71621,6053623,2,2012,111,79.5,"Bidwell Elementary",96080
"35228",52,71621,6053623,3,2012,31,38.1028037383178,"Bidwell Elementary",96080
"35229",52,71621,6053623,3,2012,111,61.5,"Bidwell Elementary",96080
"35230",52,71621,6053623,4,2012,31,65,"Bidwell Elementary",96080
"35231",52,71621,6053623,4,2012,111,77.469387755102,"Bidwell Elementary",96080
"35232",52,71621,6053623,5,2012,31,61.4246575342466,"Bidwell Elementary",96080
"35233",52,71621,6053623,5,2012,111,69.6666666666667,"Bidwell Elementary",96080
"35234",52,71621,6053623,6,2012,31,48,"Bidwell Elementary",96080
"35235",52,71621,6053623,6,2012,111,64.4745762711864,"Bidwell Elementary",96080
"35236",52,71621,6053631,2,2012,31,45,"Jackson Heights Elementary",96080
"35237",52,71621,6053631,3,2012,31,44.5555555555556,"Jackson Heights Elementary",96080
"35238",52,71621,6053631,3,2012,111,57.5454545454545,"Jackson Heights Elementary",96080
"35239",52,71621,6053631,4,2012,31,58.5,"Jackson Heights Elementary",96080
"35240",52,71621,6053631,5,2012,31,47,"Jackson Heights Elementary",96080
"35241",52,71621,6053631,5,2012,111,62.3333333333333,"Jackson Heights Elementary",96080
"35242",52,71621,6053631,6,2012,31,39,"Jackson Heights Elementary",96080
"35243",52,71621,6053631,6,2012,111,47,"Jackson Heights Elementary",96080
"35244",52,71621,6106686,2,2012,31,51,"William M. Metteer Elementary",96080
"35245",52,71621,6106686,2,2012,111,68,"William M. Metteer Elementary",96080
"35246",52,71621,6106686,3,2012,31,51.5,"William M. Metteer Elementary",96080
"35247",52,71621,6106686,3,2012,111,68,"William M. Metteer Elementary",96080
"35248",52,71621,6106686,4,2012,31,48,"William M. Metteer Elementary",96080
"35249",52,71621,6106686,4,2012,111,85,"William M. Metteer Elementary",96080
"35250",52,71621,6106686,5,2012,31,40.3152173913044,"William M. Metteer Elementary",96080
"35251",52,71621,6106686,5,2012,111,60,"William M. Metteer Elementary",96080
"35252",52,71621,6106686,6,2012,31,43.4660194174757,"William M. Metteer Elementary",96080
"35253",52,71621,6106686,6,2012,111,54,"William M. Metteer Elementary",96080
"35254",52,71639,5237201,9,2012,31,35.2627551020408,"Red Bluff High",96080
"35255",52,71639,5237201,9,2012,111,57.2809917355372,"Red Bluff High",96080
"35256",52,71639,5237201,10,2012,31,43.6429447852761,"Red Bluff High",96080
"35257",52,71639,5237201,10,2012,111,55.1091370558376,"Red Bluff High",96080
"35258",52,71639,5237201,11,2012,31,29.4034707158351,"Red Bluff High",96080
"35259",52,71639,5237201,11,2012,111,47.4424131627057,"Red Bluff High",96080
"35260",52,71647,6053664,4,2012,31,54,"Reeds Creek Elementary",96080
"35261",52,71654,6053672,2,2012,31,74,"Richfield Elementary",96021
"35262",52,71654,6053672,3,2012,31,50,"Richfield Elementary",96021
"35263",52,71654,6053672,3,2012,111,54.5,"Richfield Elementary",96021
"35264",52,71654,6053672,4,2012,31,62.5,"Richfield Elementary",96021
"35265",52,71654,6053672,4,2012,111,79.5,"Richfield Elementary",96021
"35266",52,71654,6053672,5,2012,31,68.6666666666667,"Richfield Elementary",96021
"35267",52,71654,6053672,5,2012,111,82,"Richfield Elementary",96021
"35268",52,71654,6053672,6,2012,31,50,"Richfield Elementary",96021
"35269",52,71654,6053672,6,2012,111,77,"Richfield Elementary",96021
"35270",52,71654,6053672,7,2012,31,60,"Richfield Elementary",96021
"35271",52,71654,6053672,7,2012,111,93,"Richfield Elementary",96021
"35272",52,71654,6053672,8,2012,31,70.8235294117647,"Richfield Elementary",96021
"35273",52,71654,6053672,8,2012,111,75.5081967213115,"Richfield Elementary",96021
"35274",53,71696,6053722,3,2012,31,40.5,"Douglas City Elementary",96024
"35275",53,71696,6053722,4,2012,31,68.5,"Douglas City Elementary",96024
"35276",53,75028,5337407,9,2012,31,26.1086956521739,"Hayfork High",96041
"35277",53,75028,5337407,10,2012,31,31.5684210526316,"Hayfork High",96041
"35278",53,75028,5337407,11,2012,31,65.5652173913043,"Hayfork High",96041
"35279",53,76513,5337456,9,2012,31,34.3636363636364,"Trinity High",96093
"35280",53,76513,5337456,9,2012,111,40.9605263157895,"Trinity High",96093
"35281",53,76513,5337456,10,2012,31,33.816,"Trinity High",96093
"35282",53,76513,5337456,10,2012,111,50.6542750929368,"Trinity High",96093
"35283",53,76513,5337456,11,2012,31,36.525,"Trinity High",96093
"35284",53,76513,5337456,11,2012,111,49.1111111111111,"Trinity High",96093
"35285",53,76513,6053821,2,2012,31,68,"Weaverville Elementary",96093
"35286",53,76513,6053821,2,2012,111,95.5,"Weaverville Elementary",96093
"35287",53,76513,6053821,3,2012,31,47.6491228070175,"Weaverville Elementary",96093
"35288",53,76513,6053821,3,2012,111,68.7111111111111,"Weaverville Elementary",96093
"35289",53,76513,6053821,4,2012,31,79.2916666666667,"Weaverville Elementary",96093
"35290",53,76513,6053821,4,2012,111,85,"Weaverville Elementary",96093
"35291",53,76513,6053821,5,2012,31,52.0212765957447,"Weaverville Elementary",96093
"35292",53,76513,6053821,5,2012,111,82,"Weaverville Elementary",96093
"35293",53,76513,6053821,6,2012,31,47.5,"Weaverville Elementary",96093
"35294",53,76513,6053821,6,2012,111,64.5,"Weaverville Elementary",96093
"35295",53,76513,6053821,7,2012,31,84.7272727272727,"Weaverville Elementary",96093
"35296",53,76513,6053821,7,2012,111,84.5,"Weaverville Elementary",96093
"35297",53,76513,6053821,8,2012,31,35.6935483870968,"Weaverville Elementary",96093
"35298",53,76513,6053821,8,2012,111,64.2794117647059,"Weaverville Elementary",96093
"35299",54,10546,119602,9,2012,111,60.8780487804878,"University Preparatory High",93277
"35300",54,10546,119602,10,2012,111,64.6788990825688,"University Preparatory High",93277
"35301",54,10546,119602,11,2012,31,61.5,"University Preparatory High",93277
"35302",54,10546,119602,11,2012,111,64.3728813559322,"University Preparatory High",93277
"35303",54,10546,124057,3,2012,31,60.5,"Valley Life Charter",93277
"35304",54,10546,124057,3,2012,111,70,"Valley Life Charter",93277
"35305",54,10546,124057,4,2012,31,60,"Valley Life Charter",93277
"35306",54,10546,124057,4,2012,111,67,"Valley Life Charter",93277
"35307",54,10546,124057,5,2012,31,43.6666666666667,"Valley Life Charter",93277
"35308",54,10546,124057,5,2012,111,69.3333333333333,"Valley Life Charter",93277
"35309",54,10546,124057,6,2012,31,53.5,"Valley Life Charter",93277
"35310",54,10546,5430327,7,2012,31,45,"La Sierra High",93292
"35311",54,10546,5430327,9,2012,31,18.875,"La Sierra High",93292
"35312",54,10546,5430327,10,2012,31,13.3421052631579,"La Sierra High",93292
"35313",54,10546,5430327,11,2012,31,6.46875,"La Sierra High",93292
"35314",54,71795,6053839,2,2012,31,9,"Allensworth Elementary",93219
"35315",54,71795,6053839,4,2012,31,25,"Allensworth Elementary",93219
"35316",54,71803,6053847,2,2012,31,33.5,"Alpaugh Elementary",93201
"35317",54,71803,6053847,3,2012,31,20.5,"Alpaugh Elementary",93201
"35318",54,71803,6053847,4,2012,31,44,"Alpaugh Elementary",93201
"35319",54,71803,6053847,5,2012,31,26.4155844155844,"Alpaugh Elementary",93201
"35320",54,71803,6053847,6,2012,31,13,"Alpaugh Elementary",93201
"35321",54,71811,6053854,2,2012,31,21.0120481927711,"Alta Vista Elementary",93257
"35322",54,71811,6053854,3,2012,31,40,"Alta Vista Elementary",93257
"35323",54,71811,6053854,4,2012,31,37.5,"Alta Vista Elementary",93257
"35324",54,71811,6053854,5,2012,31,35.6666666666667,"Alta Vista Elementary",93257
"35325",54,71811,6053854,6,2012,31,41,"Alta Vista Elementary",93257
"35326",54,71811,6053854,7,2012,31,22.5,"Alta Vista Elementary",93257
"35327",54,71811,6053854,8,2012,31,35.25,"Alta Vista Elementary",93257
"35328",54,71829,6053862,3,2012,31,50,"Buena Vista Elementary",93274
"35329",54,71829,6053862,4,2012,31,43,"Buena Vista Elementary",93274
"35330",54,71829,6053862,5,2012,31,33,"Buena Vista Elementary",93274
"35331",54,71829,6053862,6,2012,31,40,"Buena Vista Elementary",93274
"35332",54,71829,6053862,7,2012,31,59.5,"Buena Vista Elementary",93274
"35333",54,71829,6053862,8,2012,31,44.25,"Buena Vista Elementary",93274
"35334",54,71829,6053862,8,2012,111,45.75,"Buena Vista Elementary",93274
"35335",54,71837,109009,2,2012,31,41.5,"Summit Charter Academy",93257
"35336",54,71837,109009,2,2012,111,47,"Summit Charter Academy",93257
"35337",54,71837,109009,3,2012,31,35.6603773584906,"Summit Charter Academy",93257
"35338",54,71837,109009,3,2012,111,54.7058823529412,"Summit Charter Academy",93257
"35339",54,71837,109009,4,2012,31,40.0875912408759,"Summit Charter Academy",93257
"35340",54,71837,109009,4,2012,111,57.5423728813559,"Summit Charter Academy",93257
"35341",54,71837,109009,5,2012,31,42.6492890995261,"Summit Charter Academy",93257
"35342",54,71837,109009,5,2012,111,70.2252252252252,"Summit Charter Academy",93257
"35343",54,71837,109009,6,2012,31,43.74,"Summit Charter Academy",93257
"35344",54,71837,109009,6,2012,111,56,"Summit Charter Academy",93257
"35345",54,71837,109009,7,2012,31,49.0357142857143,"Summit Charter Academy",93257
"35346",54,71837,109009,7,2012,111,77.4090909090909,"Summit Charter Academy",93257
"35347",54,71837,109009,8,2012,31,46.5365853658537,"Summit Charter Academy",93257
"35348",54,71837,109009,8,2012,111,51.158273381295,"Summit Charter Academy",93257
"35349",54,71837,109009,9,2012,31,23.5869565217391,"Summit Charter Academy",93257
"35350",54,71837,109009,9,2012,111,92,"Summit Charter Academy",93257
"35351",54,71837,109009,10,2012,31,46.546511627907,"Summit Charter Academy",93257
"35352",54,71837,109009,10,2012,111,66.7222222222222,"Summit Charter Academy",93257
"35353",54,71837,109009,11,2012,31,37.5,"Summit Charter Academy",93257
"35354",54,71837,109009,11,2012,111,50,"Summit Charter Academy",93257
"35355",54,71837,6053870,2,2012,31,52,"Burton Elementary",93257
"35356",54,71837,6053870,2,2012,111,72.5,"Burton Elementary",93257
"35357",54,71837,6053870,3,2012,31,38.5427135678392,"Burton Elementary",93257
"35358",54,71837,6053870,3,2012,111,64,"Burton Elementary",93257
"35359",54,71837,6053870,4,2012,31,61.9692307692308,"Burton Elementary",93257
"35360",54,71837,6053870,4,2012,111,87,"Burton Elementary",93257
"35361",54,71837,6100267,7,2012,31,37.4029484029484,"Burton Middle",93257
"35362",54,71837,6100267,7,2012,111,52.8789473684211,"Burton Middle",93257
"35363",54,71837,6100267,8,2012,31,35.7055771725032,"Burton Middle",93257
"35364",54,71837,6100267,8,2012,111,52.9281767955801,"Burton Middle",93257
"35365",54,71837,6105506,2,2012,31,29,"Oak Grove Elementary",93257
"35366",54,71837,6105506,2,2012,111,75,"Oak Grove Elementary",93257
"35367",54,71837,6105506,3,2012,31,57.169014084507,"Oak Grove Elementary",93257
"35368",54,71837,6105506,3,2012,111,58,"Oak Grove Elementary",93257
"35369",54,71837,6105506,4,2012,31,62.4848484848485,"Oak Grove Elementary",93257
"35370",54,71837,6105506,4,2012,111,92.9090909090909,"Oak Grove Elementary",93257
"35371",54,71837,6114078,2,2012,31,51,"William R. Buckley Elementary",93257
"35372",54,71837,6114078,2,2012,111,72,"William R. Buckley Elementary",93257
"35373",54,71837,6114078,3,2012,31,55,"William R. Buckley Elementary",93257
"35374",54,71837,6114078,3,2012,111,69,"William R. Buckley Elementary",93257
"35375",54,71837,6114078,4,2012,31,74.5,"William R. Buckley Elementary",93257
"35376",54,71837,6114078,4,2012,111,87.5,"William R. Buckley Elementary",93257
"35377",54,71837,6120232,5,2012,31,49,"Jim Maples Academy",93257
"35378",54,71837,6120232,5,2012,111,77,"Jim Maples Academy",93257
"35379",54,71837,6120232,6,2012,31,35.9727272727273,"Jim Maples Academy",93257
"35380",54,71837,6120232,6,2012,111,62.5,"Jim Maples Academy",93257
"35381",54,71852,6053896,2,2012,31,79,"Columbine Elementary",93215
"35382",54,71852,6053896,3,2012,31,41,"Columbine Elementary",93215
"35383",54,71852,6053896,4,2012,31,93,"Columbine Elementary",93215
"35384",54,71852,6053896,5,2012,31,73.6666666666667,"Columbine Elementary",93215
"35385",54,71852,6053896,6,2012,31,60.5,"Columbine Elementary",93215
"35386",54,71852,6053896,7,2012,111,91,"Columbine Elementary",93215
"35387",54,71852,6053896,8,2012,31,72,"Columbine Elementary",93215
"35388",54,71852,6053896,8,2012,111,76,"Columbine Elementary",93215
"35389",54,71860,5430095,11,2012,31,0,"Esperanza High",93615
"35390",54,71860,5433230,9,2012,31,21.9437869822485,"Orosi High",93647
"35391",54,71860,5433230,10,2012,31,24.0380761523046,"Orosi High",93647
"35392",54,71860,5433230,11,2012,31,20.4302325581395,"Orosi High",93647
"35393",54,71860,6053904,2,2012,31,48.5,"Cutler Elementary",93615
"35394",54,71860,6053904,3,2012,31,53.1138211382114,"Cutler Elementary",93615
"35395",54,71860,6053904,4,2012,31,59.5399061032864,"Cutler Elementary",93615
"35396",54,71860,6053904,5,2012,31,43.7686567164179,"Cutler Elementary",93615
"35397",54,71860,6053938,2,2012,31,57.5,"Palm Elementary",93647
"35398",54,71860,6053938,3,2012,31,59,"Palm Elementary",93647
"35399",54,71860,6053938,4,2012,31,63.5,"Palm Elementary",93647
"35400",54,71860,6053938,5,2012,31,52.1181102362205,"Palm Elementary",93647
"35401",54,71860,6112684,2,2012,31,47.5,"Golden Valley Elementary",93647
"35402",54,71860,6112684,3,2012,31,48.5,"Golden Valley Elementary",93647
"35403",54,71860,6112684,4,2012,31,59,"Golden Valley Elementary",93647
"35404",54,71860,6112684,5,2012,31,59.4058823529412,"Golden Valley Elementary",93647
"35405",54,71860,6118111,6,2012,31,46.5361155698234,"El Monte Middle",93647
"35406",54,71860,6118111,7,2012,31,26.4861591695502,"El Monte Middle",93647
"35407",54,71860,6118111,8,2012,31,40.0623916811092,"El Monte Middle",93647
"35408",54,71894,6054019,2,2012,31,61,"Ducor Union Elementary",93218
"35409",54,71894,6054019,3,2012,31,39,"Ducor Union Elementary",93218
"35410",54,71894,6054019,4,2012,31,40,"Ducor Union Elementary",93218
"35411",54,71894,6054019,5,2012,31,55.6666666666667,"Ducor Union Elementary",93218
"35412",54,71894,6054019,6,2012,31,32.5,"Ducor Union Elementary",93218
"35413",54,71894,6054019,7,2012,31,75,"Ducor Union Elementary",93218
"35414",54,71894,6054019,8,2012,31,61.7303370786517,"Ducor Union Elementary",93218
"35415",54,71902,5430335,3,2012,31,44.4675052410901,"Alila",93219
"35416",54,71902,5430335,4,2012,31,54.5,"Alila",93219
"35417",54,71902,5430335,5,2012,31,44.208041958042,"Alila",93219
"35418",54,71902,6054027,2,2012,31,47.5080831408776,"Earlimart Elementary",93219
"35419",54,71902,6054035,6,2012,31,25.5,"Earlimart Middle",93219
"35420",54,71902,6054035,7,2012,31,41,"Earlimart Middle",93219
"35421",54,71902,6054035,8,2012,31,42.1111111111111,"Earlimart Middle",93219
"35422",54,71910,6054043,2,2012,31,49,"Lincoln Elementary",93221
"35423",54,71910,6054043,2,2012,111,78,"Lincoln Elementary",93221
"35424",54,71910,6054050,3,2012,31,49.9387755102041,"Rocky Hill Elementary",93221
"35425",54,71910,6054050,3,2012,111,62,"Rocky Hill Elementary",93221
"35426",54,71910,6054050,4,2012,31,58.4766355140187,"Rocky Hill Elementary",93221
"35427",54,71910,6054050,4,2012,111,78.5,"Rocky Hill Elementary",93221
"35428",54,71910,6054050,5,2012,31,47.0152284263959,"Rocky Hill Elementary",93221
"35429",54,71910,6054050,5,2012,111,66.3333333333333,"Rocky Hill Elementary",93221
"35430",54,71910,6110290,6,2012,31,41,"Wilson Middle",93221
"35431",54,71910,6110290,6,2012,111,56.5,"Wilson Middle",93221
"35432",54,71910,6110290,7,2012,31,37,"Wilson Middle",93221
"35433",54,71910,6110290,7,2012,111,61.5,"Wilson Middle",93221
"35434",54,71910,6110290,8,2012,31,36.9679715302491,"Wilson Middle",93221
"35435",54,71910,6110290,8,2012,111,64.7922848664688,"Wilson Middle",93221
"35436",54,71928,5431614,11,2012,31,0,"Kaweah High",93221
"35437",54,71944,6054092,2,2012,31,20,"Hope Elementary",93257
"35438",54,71944,6054092,3,2012,31,33.5,"Hope Elementary",93257
"35439",54,71944,6054092,4,2012,31,46,"Hope Elementary",93257
"35440",54,71944,6054092,5,2012,31,18.6666666666667,"Hope Elementary",93257
"35441",54,71944,6054092,6,2012,31,45.5,"Hope Elementary",93257
"35442",54,71944,6054092,7,2012,31,16,"Hope Elementary",93257
"35443",54,71969,6054126,2,2012,31,53.5,"Kings River Elementary",93631
"35444",54,71969,6054126,3,2012,31,60.5,"Kings River Elementary",93631
"35445",54,71969,6054126,4,2012,31,56.5,"Kings River Elementary",93631
"35446",54,71969,6054126,5,2012,31,47.3333333333333,"Kings River Elementary",93631
"35447",54,71969,6054126,6,2012,31,55.5,"Kings River Elementary",93631
"35448",54,71969,6054126,7,2012,31,47.5,"Kings River Elementary",93631
"35449",54,71969,6054126,8,2012,31,41.1796116504854,"Kings River Elementary",93631
"35450",54,71969,6054126,8,2012,111,57,"Kings River Elementary",93631
"35451",54,71993,123646,2,2012,31,50,"Roosevelt Elementary",93247
"35452",54,71993,123646,3,2012,31,35,"Roosevelt Elementary",93247
"35453",54,71993,123646,4,2012,31,43,"Roosevelt Elementary",93247
"35454",54,71993,123646,5,2012,31,55,"Roosevelt Elementary",93247
"35455",54,71993,123646,6,2012,31,34,"Roosevelt Elementary",93247
"35456",54,71993,123646,7,2012,31,26,"Roosevelt Elementary",93247
"35457",54,71993,123646,8,2012,31,44.0558375634518,"Roosevelt Elementary",93247
"35458",54,71993,123653,2,2012,31,39,"Kennedy Elementary",93247
"35459",54,71993,123653,3,2012,31,25.1318681318681,"Kennedy Elementary",93247
"35460",54,71993,123653,4,2012,31,34,"Kennedy Elementary",93247
"35461",54,71993,123653,5,2012,31,38.6712328767123,"Kennedy Elementary",93247
"35462",54,71993,123653,6,2012,31,21.9917355371901,"Kennedy Elementary",93247
"35463",54,71993,123653,7,2012,31,27.5,"Kennedy Elementary",93247
"35464",54,71993,123653,8,2012,31,27.8373205741627,"Kennedy Elementary",93247
"35465",54,71993,123661,2,2012,31,16,"Reagan Elementary",93247
"35466",54,71993,123661,3,2012,31,14,"Reagan Elementary",93247
"35467",54,71993,123661,4,2012,31,40.5,"Reagan Elementary",93247
"35468",54,71993,123661,5,2012,31,27.3731343283582,"Reagan Elementary",93247
"35469",54,71993,123661,6,2012,31,17.5,"Reagan Elementary",93247
"35470",54,71993,123661,7,2012,31,23.9310344827586,"Reagan Elementary",93247
"35471",54,71993,123661,8,2012,31,24.8341463414634,"Reagan Elementary",93247
"35472",54,71993,5430194,11,2012,31,3.75182481751825,"John J. Cairns Continuation",93247
"35473",54,71993,5432414,9,2012,31,30.5222623345367,"Lindsay Senior High",93247
"35474",54,71993,5432414,10,2012,31,30.1181434599156,"Lindsay Senior High",93247
"35475",54,71993,5432414,11,2012,31,29.042049934297,"Lindsay Senior High",93247
"35476",54,71993,6054142,2,2012,31,59,"Jefferson Elementary",93247
"35477",54,71993,6054142,3,2012,31,26,"Jefferson Elementary",93247
"35478",54,71993,6054142,4,2012,31,54,"Jefferson Elementary",93247
"35479",54,71993,6054142,5,2012,31,37.635,"Jefferson Elementary",93247
"35480",54,71993,6054142,6,2012,31,18.5360824742268,"Jefferson Elementary",93247
"35481",54,71993,6054142,7,2012,31,27,"Jefferson Elementary",93247
"35482",54,71993,6054142,8,2012,31,31.12,"Jefferson Elementary",93247
"35483",54,71993,6054159,2,2012,31,39,"Washington Elementary",93247
"35484",54,71993,6054159,3,2012,31,21,"Washington Elementary",93247
"35485",54,71993,6054159,4,2012,31,43,"Washington Elementary",93247
"35486",54,71993,6054159,5,2012,31,61.3333333333333,"Washington Elementary",93247
"35487",54,71993,6054159,6,2012,31,38,"Washington Elementary",93247
"35488",54,71993,6054159,7,2012,31,43,"Washington Elementary",93247
"35489",54,71993,6054159,8,2012,31,37.6649484536082,"Washington Elementary",93247
"35490",54,71993,6107262,2,2012,31,23.5,"Lincoln Elementary",93247
"35491",54,71993,6107262,3,2012,31,26,"Lincoln Elementary",93247
"35492",54,71993,6107262,4,2012,31,27,"Lincoln Elementary",93247
"35493",54,71993,6107262,5,2012,31,26,"Lincoln Elementary",93247
"35494",54,71993,6107262,6,2012,31,20,"Lincoln Elementary",93247
"35495",54,71993,6107262,7,2012,31,37,"Lincoln Elementary",93247
"35496",54,71993,6107262,8,2012,31,28.4568965517241,"Lincoln Elementary",93247
"35497",54,72017,6054175,2,2012,31,32,"Oak Valley Elementary",93274
"35498",54,72017,6054175,2,2012,111,36,"Oak Valley Elementary",93274
"35499",54,72017,6054175,3,2012,31,68,"Oak Valley Elementary",93274
"35500",54,72017,6054175,3,2012,111,77.5,"Oak Valley Elementary",93274
"35501",54,72017,6054175,4,2012,31,88.5,"Oak Valley Elementary",93274
"35502",54,72017,6054175,4,2012,111,87.5,"Oak Valley Elementary",93274
"35503",54,72017,6054175,5,2012,31,56,"Oak Valley Elementary",93274
"35504",54,72017,6054175,5,2012,111,75.3333333333333,"Oak Valley Elementary",93274
"35505",54,72017,6054175,6,2012,31,48.5,"Oak Valley Elementary",93274
"35506",54,72017,6054175,6,2012,111,38.5,"Oak Valley Elementary",93274
"35507",54,72017,6054175,7,2012,31,53,"Oak Valley Elementary",93274
"35508",54,72017,6054175,7,2012,111,75,"Oak Valley Elementary",93274
"35509",54,72017,6054175,8,2012,31,52,"Oak Valley Elementary",93274
"35510",54,72017,6054175,8,2012,111,83.25,"Oak Valley Elementary",93274
"35511",54,72025,6054183,7,2012,31,22.5,"Outside Creek Elementary",93292
"35512",54,72025,6054183,8,2012,31,41,"Outside Creek Elementary",93292
"35513",54,72033,6054191,2,2012,31,58,"Palo Verde Elementary",93274
"35514",54,72033,6054191,3,2012,31,60,"Palo Verde Elementary",93274
"35515",54,72033,6054191,4,2012,31,65,"Palo Verde Elementary",93274
"35516",54,72033,6054191,5,2012,31,54.3028169014084,"Palo Verde Elementary",93274
"35517",54,72033,6054191,6,2012,31,59,"Palo Verde Elementary",93274
"35518",54,72033,6054191,7,2012,31,56,"Palo Verde Elementary",93274
"35519",54,72033,6054191,8,2012,31,55.6126126126126,"Palo Verde Elementary",93274
"35520",54,72041,114165,6,2012,31,26,"Pixley Middle",93256
"35521",54,72041,114165,7,2012,31,29.4931506849315,"Pixley Middle",93256
"35522",54,72041,114165,8,2012,31,40.6835443037975,"Pixley Middle",93256
"35523",54,72041,6054209,2,2012,31,41,"Pixley Elementary",93256
"35524",54,72041,6054209,3,2012,31,37,"Pixley Elementary",93256
"35525",54,72041,6054209,4,2012,31,37.0080971659919,"Pixley Elementary",93256
"35526",54,72041,6054209,5,2012,31,46.1857585139319,"Pixley Elementary",93256
"35527",54,72058,6054217,2,2012,31,49.032,"Pleasant View Elementary",93257
"35528",54,72058,6054217,3,2012,31,44.0387596899225,"Pleasant View Elementary",93257
"35529",54,72058,6054217,4,2012,31,36,"Pleasant View Elementary",93257
"35530",54,72058,6054217,5,2012,31,40.9644970414201,"Pleasant View Elementary",93257
"35531",54,72058,6054217,6,2012,31,54.5,"Pleasant View Elementary",93257
"35532",54,72058,6054217,7,2012,31,42,"Pleasant View Elementary",93257
"35533",54,72058,6054217,8,2012,31,32.8982300884956,"Pleasant View Elementary",93257
"35534",54,72090,6054324,2,2012,31,58.1702127659574,"Rockford Elementary",93257
"35535",54,72090,6054324,2,2012,111,87,"Rockford Elementary",93257
"35536",54,72090,6054324,3,2012,31,61,"Rockford Elementary",93257
"35537",54,72090,6054324,3,2012,111,75,"Rockford Elementary",93257
"35538",54,72090,6054324,4,2012,31,42.5,"Rockford Elementary",93257
"35539",54,72090,6054324,4,2012,111,78.5,"Rockford Elementary",93257
"35540",54,72090,6054324,5,2012,31,44.6666666666667,"Rockford Elementary",93257
"35541",54,72090,6054324,5,2012,111,86,"Rockford Elementary",93257
"35542",54,72090,6054324,6,2012,31,33.5,"Rockford Elementary",93257
"35543",54,72090,6054324,6,2012,111,44.5,"Rockford Elementary",93257
"35544",54,72090,6054324,7,2012,31,50,"Rockford Elementary",93257
"35545",54,72090,6054324,7,2012,111,82.5,"Rockford Elementary",93257
"35546",54,72090,6054324,8,2012,31,39.5,"Rockford Elementary",93257
"35547",54,72090,6054324,8,2012,111,80.75,"Rockford Elementary",93257
"35548",54,72132,6054365,2,2012,31,44.5,"Springville Elementary",93265
"35549",54,72132,6054365,2,2012,111,75,"Springville Elementary",93265
"35550",54,72132,6054365,3,2012,111,80,"Springville Elementary",93265
"35551",54,72132,6054365,4,2012,31,59.5,"Springville Elementary",93265
"35552",54,72132,6054365,4,2012,111,87.5,"Springville Elementary",93265
"35553",54,72132,6054365,5,2012,111,78,"Springville Elementary",93265
"35554",54,72132,6054365,6,2012,111,54,"Springville Elementary",93265
"35555",54,72132,6054365,7,2012,31,43,"Springville Elementary",93265
"35556",54,72132,6054365,7,2012,111,54.5,"Springville Elementary",93265
"35557",54,72132,6054365,8,2012,31,64.3333333333333,"Springville Elementary",93265
"35558",54,72132,6054365,8,2012,111,40.6842105263158,"Springville Elementary",93265
"35559",54,72140,6054373,2,2012,31,17.5,"Stone Corral Elementary",93292
"35560",54,72140,6054373,3,2012,31,19,"Stone Corral Elementary",93292
"35561",54,72140,6054373,5,2012,31,9,"Stone Corral Elementary",93292
"35562",54,72140,6054373,6,2012,31,13.5,"Stone Corral Elementary",93292
"35563",54,72140,6054373,7,2012,31,25,"Stone Corral Elementary",93292
"35564",54,72140,6054373,8,2012,31,27.7818181818182,"Stone Corral Elementary",93292
"35565",54,72157,114595,2,2012,31,46.5,"Strathmore Elementary",93267
"35566",54,72157,114595,3,2012,31,50.568306010929,"Strathmore Elementary",93267
"35567",54,72157,114595,4,2012,31,64,"Strathmore Elementary",93267
"35568",54,72157,114595,5,2012,31,53.6231155778895,"Strathmore Elementary",93267
"35569",54,72157,114595,6,2012,31,34.9342105263158,"Strathmore Elementary",93267
"35570",54,72157,114595,7,2012,31,45,"Strathmore Elementary",93267
"35571",54,72157,114595,8,2012,31,47.7056737588652,"Strathmore Elementary",93267
"35572",54,72173,6054399,2,2012,31,69.5,"Sundale Elementary",93274
"35573",54,72173,6054399,2,2012,111,85.5,"Sundale Elementary",93274
"35574",54,72173,6054399,3,2012,31,48,"Sundale Elementary",93274
"35575",54,72173,6054399,3,2012,111,79,"Sundale Elementary",93274
"35576",54,72173,6054399,4,2012,31,48.5,"Sundale Elementary",93274
"35577",54,72173,6054399,4,2012,111,87.5,"Sundale Elementary",93274
"35578",54,72173,6054399,5,2012,31,60,"Sundale Elementary",93274
"35579",54,72173,6054399,5,2012,111,75.6511627906977,"Sundale Elementary",93274
"35580",54,72173,6054399,6,2012,31,46.5,"Sundale Elementary",93274
"35581",54,72173,6054399,6,2012,111,73,"Sundale Elementary",93274
"35582",54,72173,6054399,7,2012,31,70.4179104477612,"Sundale Elementary",93274
"35583",54,72173,6054399,7,2012,111,90,"Sundale Elementary",93274
"35584",54,72173,6054399,8,2012,31,34.6805555555556,"Sundale Elementary",93274
"35585",54,72173,6054399,8,2012,111,78.4201183431953,"Sundale Elementary",93274
"35586",54,72181,6054407,2,2012,31,61,"Sunnyside Elementary",93267
"35587",54,72181,6054407,3,2012,31,30.5,"Sunnyside Elementary",93267
"35588",54,72181,6054407,4,2012,31,62.5,"Sunnyside Elementary",93267
"35589",54,72181,6054407,5,2012,31,27.0082644628099,"Sunnyside Elementary",93267
"35590",54,72181,6054407,6,2012,31,47.3692307692308,"Sunnyside Elementary",93267
"35591",54,72181,6054407,7,2012,31,58,"Sunnyside Elementary",93267
"35592",54,72181,6054407,8,2012,31,39.625,"Sunnyside Elementary",93267
"35593",54,72199,6054415,2,2012,31,47.5,"Terra Bella Elementary",93270
"35594",54,72199,6054415,3,2012,31,41,"Terra Bella Elementary",93270
"35595",54,72199,6054415,4,2012,31,53.5,"Terra Bella Elementary",93270
"35596",54,72199,6054415,5,2012,31,28.4012738853503,"Terra Bella Elementary",93270
"35597",54,72207,6054423,3,2012,31,68.5,"Three Rivers Elementary",93271
"35598",54,72207,6054423,6,2012,111,75,"Three Rivers Elementary",93271
"35599",54,72207,6054423,8,2012,111,48.25,"Three Rivers Elementary",93271
"35600",54,72215,6054431,2,2012,31,55,"Tipton Elementary",93272
"35601",54,72215,6054431,3,2012,31,50.5,"Tipton Elementary",93272
"35602",54,72215,6054431,4,2012,31,58.5,"Tipton Elementary",93272
"35603",54,72215,6054431,5,2012,31,46.3333333333333,"Tipton Elementary",93272
"35604",54,72215,6054431,6,2012,31,32.5,"Tipton Elementary",93272
"35605",54,72215,6054431,7,2012,31,59,"Tipton Elementary",93272
"35606",54,72215,6054431,8,2012,31,52.1551724137931,"Tipton Elementary",93272
"35607",54,72223,6054449,2,2012,31,33,"Traver Elementary",93673
"35608",54,72223,6054449,3,2012,31,43,"Traver Elementary",93673
"35609",54,72223,6054449,4,2012,31,43.5,"Traver Elementary",93673
"35610",54,72223,6054449,5,2012,31,40,"Traver Elementary",93673
"35611",54,72223,6054449,6,2012,31,39,"Traver Elementary",93673
"35612",54,72223,6054449,7,2012,31,25,"Traver Elementary",93673
"35613",54,72223,6054449,8,2012,31,32.7238095238095,"Traver Elementary",93673
"35614",54,72231,100495,6,2012,31,37,"Los Tules Middle",93274
"35615",54,72231,100495,6,2012,111,50,"Los Tules Middle",93274
"35616",54,72231,100495,7,2012,31,41.5067024128686,"Los Tules Middle",93274
"35617",54,72231,100495,7,2012,111,43.5,"Los Tules Middle",93274
"35618",54,72231,100495,8,2012,31,36.9661426844015,"Los Tules Middle",93274
"35619",54,72231,100495,8,2012,111,59.5135135135135,"Los Tules Middle",93274
"35620",54,72231,113639,2,2012,31,49.5,"Mission Valley Elementary",93274
"35621",54,72231,113639,2,2012,111,80,"Mission Valley Elementary",93274
"35622",54,72231,113639,3,2012,31,55.6173913043478,"Mission Valley Elementary",93274
"35623",54,72231,113639,3,2012,111,82.5,"Mission Valley Elementary",93274
"35624",54,72231,113639,4,2012,31,78.5,"Mission Valley Elementary",93274
"35625",54,72231,113639,4,2012,111,86.5,"Mission Valley Elementary",93274
"35626",54,72231,113639,5,2012,31,53.3333333333333,"Mission Valley Elementary",93274
"35627",54,72231,113639,5,2012,111,78,"Mission Valley Elementary",93274
"35628",54,72231,113639,6,2012,31,59,"Mission Valley Elementary",93274
"35629",54,72231,113639,6,2012,111,84,"Mission Valley Elementary",93274
"35630",54,72231,6054456,5,2012,31,40,"Mulcahy Middle",93274
"35631",54,72231,6054456,6,2012,31,45,"Mulcahy Middle",93274
"35632",54,72231,6054456,6,2012,111,40,"Mulcahy Middle",93274
"35633",54,72231,6054456,7,2012,31,47.5,"Mulcahy Middle",93274
"35634",54,72231,6054456,8,2012,31,44.8166666666667,"Mulcahy Middle",93274
"35635",54,72231,6054472,2,2012,31,53.5,"Frank Kohn Elementary",93274
"35636",54,72231,6054472,2,2012,111,73,"Frank Kohn Elementary",93274
"35637",54,72231,6054472,3,2012,31,55.6444444444444,"Frank Kohn Elementary",93274
"35638",54,72231,6054472,3,2012,111,72.6315789473684,"Frank Kohn Elementary",93274
"35639",54,72231,6054472,4,2012,31,66.4751773049645,"Frank Kohn Elementary",93274
"35640",54,72231,6054472,4,2012,111,73.5,"Frank Kohn Elementary",93274
"35641",54,72231,6054472,5,2012,31,46,"Frank Kohn Elementary",93274
"35642",54,72231,6054472,5,2012,111,69,"Frank Kohn Elementary",93274
"35643",54,72231,6054472,6,2012,31,72.551724137931,"Frank Kohn Elementary",93274
"35644",54,72231,6054472,6,2012,111,78,"Frank Kohn Elementary",93274
"35645",54,72231,6054480,2,2012,31,57,"Garden Elementary",93274
"35646",54,72231,6054480,2,2012,111,80,"Garden Elementary",93274
"35647",54,72231,6054480,3,2012,31,50,"Garden Elementary",93274
"35648",54,72231,6054480,3,2012,111,66,"Garden Elementary",93274
"35649",54,72231,6054480,4,2012,31,64,"Garden Elementary",93274
"35650",54,72231,6054480,4,2012,111,78.5,"Garden Elementary",93274
"35651",54,72231,6054480,5,2012,31,62,"Garden Elementary",93274
"35652",54,72231,6054480,5,2012,111,77.9765625,"Garden Elementary",93274
"35653",54,72231,6054480,6,2012,31,44.5289256198347,"Garden Elementary",93274
"35654",54,72231,6054480,6,2012,111,74,"Garden Elementary",93274
"35655",54,72231,6054498,2,2012,31,29,"Lincoln Elementary",93274
"35656",54,72231,6054498,3,2012,31,52,"Lincoln Elementary",93274
"35657",54,72231,6054498,4,2012,31,51,"Lincoln Elementary",93274
"35658",54,72231,6054498,5,2012,31,67.3333333333333,"Lincoln Elementary",93274
"35659",54,72231,6054498,6,2012,31,63,"Lincoln Elementary",93274
"35660",54,72231,6054506,2,2012,31,50,"Maple Elementary",93274
"35661",54,72231,6054506,3,2012,31,53.5,"Maple Elementary",93274
"35662",54,72231,6054506,4,2012,31,71.5,"Maple Elementary",93274
"35663",54,72231,6054506,4,2012,111,75,"Maple Elementary",93274
"35664",54,72231,6054506,5,2012,31,41.3293413173653,"Maple Elementary",93274
"35665",54,72231,6054514,2,2012,31,42,"Roosevelt Elementary",93274
"35666",54,72231,6054514,3,2012,31,46,"Roosevelt Elementary",93274
"35667",54,72231,6054514,4,2012,31,49.4757709251101,"Roosevelt Elementary",93274
"35668",54,72231,6054522,2,2012,31,37.5,"Wilson Elementary",93274
"35669",54,72231,6054522,3,2012,31,31.5,"Wilson Elementary",93274
"35670",54,72231,6054522,4,2012,31,37,"Wilson Elementary",93274
"35671",54,72231,6054522,5,2012,31,49,"Wilson Elementary",93274
"35672",54,72231,6105381,2,2012,31,45.5167785234899,"Cypress Elementary",93274
"35673",54,72231,6105381,2,2012,111,79,"Cypress Elementary",93274
"35674",54,72231,6105381,3,2012,31,52.5,"Cypress Elementary",93274
"35675",54,72231,6105381,3,2012,111,76,"Cypress Elementary",93274
"35676",54,72231,6105381,4,2012,31,43.5,"Cypress Elementary",93274
"35677",54,72231,6105381,4,2012,111,79,"Cypress Elementary",93274
"35678",54,72231,6105381,5,2012,31,61.2983870967742,"Cypress Elementary",93274
"35679",54,72231,6105381,5,2012,111,69,"Cypress Elementary",93274
"35680",54,72231,6106553,2,2012,31,59,"Pleasant Elementary",93274
"35681",54,72231,6106553,3,2012,31,52.5,"Pleasant Elementary",93274
"35682",54,72231,6106553,3,2012,111,46.5,"Pleasant Elementary",93274
"35683",54,72231,6106553,4,2012,31,43,"Pleasant Elementary",93274
"35684",54,72231,6106553,4,2012,111,65.5,"Pleasant Elementary",93274
"35685",54,72231,6106553,5,2012,31,40.6677215189873,"Pleasant Elementary",93274
"35686",54,72231,6106553,5,2012,111,55.6666666666667,"Pleasant Elementary",93274
"35687",54,72231,6108385,6,2012,31,33,"Live Oak Middle",93274
"35688",54,72231,6108385,6,2012,111,56,"Live Oak Middle",93274
"35689",54,72231,6108385,7,2012,31,40.5,"Live Oak Middle",93274
"35690",54,72231,6108385,7,2012,111,68.5019920318725,"Live Oak Middle",93274
"35691",54,72231,6108385,8,2012,31,49.4109947643979,"Live Oak Middle",93274
"35692",54,72231,6108385,8,2012,111,62.8982683982684,"Live Oak Middle",93274
"35693",54,72231,6114656,2,2012,31,55.5,"Heritage Elementary",93274
"35694",54,72231,6114656,2,2012,111,77.5,"Heritage Elementary",93274
"35695",54,72231,6114656,3,2012,31,48.5,"Heritage Elementary",93274
"35696",54,72231,6114656,4,2012,31,65.5,"Heritage Elementary",93274
"35697",54,72231,6114656,5,2012,31,52.6666666666667,"Heritage Elementary",93274
"35698",54,72231,6114656,6,2012,31,35.5030303030303,"Heritage Elementary",93274
"35699",54,72231,6114656,6,2012,111,46.5,"Heritage Elementary",93274
"35700",54,72249,116368,9,2012,31,31.8600288600289,"Mission Oak High",93274
"35701",54,72249,116368,9,2012,111,46.6,"Mission Oak High",93274
"35702",54,72249,116368,10,2012,31,42.3667883211679,"Mission Oak High",93274
"35703",54,72249,116368,10,2012,111,57.2003514938489,"Mission Oak High",93274
"35704",54,72249,116368,11,2012,31,27.7015384615385,"Mission Oak High",93274
"35705",54,72249,116368,11,2012,111,42.0431965442765,"Mission Oak High",93274
"35706",54,72249,5435409,9,2012,31,36.655129789864,"Tulare Union High",93274
"35707",54,72249,5435409,9,2012,111,51.143661971831,"Tulare Union High",93274
"35708",54,72249,5435409,10,2012,31,43.4900398406375,"Tulare Union High",93274
"35709",54,72249,5435409,10,2012,111,65.2164674634794,"Tulare Union High",93274
"35710",54,72249,5435409,11,2012,31,41.706457925636,"Tulare Union High",93274
"35711",54,72249,5435409,11,2012,111,58.3098106712565,"Tulare Union High",93274
"35712",54,72249,5435466,9,2012,31,38.0143369175627,"Tulare Western High",93274
"35713",54,72249,5435466,9,2012,111,60.2208835341365,"Tulare Western High",93274
"35714",54,72249,5435466,10,2012,31,39.8057065217391,"Tulare Western High",93274
"35715",54,72249,5435466,10,2012,111,62.1180400890869,"Tulare Western High",93274
"35716",54,72249,5435466,11,2012,31,37.4699683877766,"Tulare Western High",93274
"35717",54,72249,5435466,11,2012,111,48.3341836734694,"Tulare Western High",93274
"35718",54,72256,101857,2,2012,31,84,"Oak Grove Elementary",93291
"35719",54,72256,101857,2,2012,111,94.5,"Oak Grove Elementary",93291
"35720",54,72256,101857,3,2012,31,77.1927710843374,"Oak Grove Elementary",93291
"35721",54,72256,101857,3,2012,111,88,"Oak Grove Elementary",93291
"35722",54,72256,101857,4,2012,31,89.5,"Oak Grove Elementary",93291
"35723",54,72256,101857,4,2012,111,90,"Oak Grove Elementary",93291
"35724",54,72256,101857,5,2012,31,76.3333333333333,"Oak Grove Elementary",93291
"35725",54,72256,101857,5,2012,111,92.6818181818182,"Oak Grove Elementary",93291
"35726",54,72256,101857,6,2012,31,78.2954545454545,"Oak Grove Elementary",93291
"35727",54,72256,101857,6,2012,111,93.9811320754717,"Oak Grove Elementary",93291
"35728",54,72256,105783,2,2012,31,46.5,"Four Creeks Elementary",93291
"35729",54,72256,105783,3,2012,31,44.2,"Four Creeks Elementary",93291
"35730",54,72256,105783,4,2012,31,64,"Four Creeks Elementary",93291
"35731",54,72256,105783,5,2012,31,38.9835526315789,"Four Creeks Elementary",93291
"35732",54,72256,105783,6,2012,31,56.9839572192513,"Four Creeks Elementary",93291
"35733",54,72256,110940,2,2012,31,64.5,"Cottonwood Creek Elementary",93277
"35734",54,72256,110940,2,2012,111,83,"Cottonwood Creek Elementary",93277
"35735",54,72256,110940,3,2012,31,38,"Cottonwood Creek Elementary",93277
"35736",54,72256,110940,3,2012,111,57.6847826086956,"Cottonwood Creek Elementary",93277
"35737",54,72256,110940,4,2012,31,58.0654205607477,"Cottonwood Creek Elementary",93277
"35738",54,72256,110940,4,2012,111,69.5393258426966,"Cottonwood Creek Elementary",93277
"35739",54,72256,110940,5,2012,31,52,"Cottonwood Creek Elementary",93277
"35740",54,72256,110940,5,2012,111,72.3333333333333,"Cottonwood Creek Elementary",93277
"35741",54,72256,110940,6,2012,31,42.4096385542169,"Cottonwood Creek Elementary",93277
"35742",54,72256,110940,6,2012,111,69.5,"Cottonwood Creek Elementary",93277
"35743",54,72256,116517,2,2012,31,69.5,"Manuel F. Hernandez",93291
"35744",54,72256,116517,2,2012,111,81,"Manuel F. Hernandez",93291
"35745",54,72256,116517,3,2012,31,71.5911949685535,"Manuel F. Hernandez",93291
"35746",54,72256,116517,3,2012,111,90.5,"Manuel F. Hernandez",93291
"35747",54,72256,116517,4,2012,31,75.9655172413793,"Manuel F. Hernandez",93291
"35748",54,72256,116517,4,2012,111,95,"Manuel F. Hernandez",93291
"35749",54,72256,116517,5,2012,31,45.0740740740741,"Manuel F. Hernandez",93291
"35750",54,72256,116517,5,2012,111,76,"Manuel F. Hernandez",93291
"35751",54,72256,116517,6,2012,31,58,"Manuel F. Hernandez",93291
"35752",54,72256,116517,6,2012,111,75.7931034482759,"Manuel F. Hernandez",93291
"35753",54,72256,5430046,9,2012,31,28.35318275154,"Golden West High",93292
"35754",54,72256,5430046,9,2012,111,43.6689189189189,"Golden West High",93292
"35755",54,72256,5430046,10,2012,31,45.5630975143403,"Golden West High",93292
"35756",54,72256,5430046,10,2012,111,58.0334872979215,"Golden West High",93292
"35757",54,72256,5430046,11,2012,31,32.8445229681979,"Golden West High",93292
"35758",54,72256,5430046,11,2012,111,38.5580985915493,"Golden West High",93292
"35759",54,72256,5430368,9,2012,31,39.2993890020367,"El Diamante High",93277
"35760",54,72256,5430368,9,2012,111,57.4368530020704,"El Diamante High",93277
"35761",54,72256,5430368,10,2012,31,47.8562874251497,"El Diamante High",93277
"35762",54,72256,5430368,10,2012,111,63.7519858781995,"El Diamante High",93277
"35763",54,72256,5430368,11,2012,31,39.2058823529412,"El Diamante High",93277
"35764",54,72256,5430368,11,2012,111,55.403080872914,"El Diamante High",93277
"35765",54,72256,5432828,9,2012,31,37.4659300184162,"Mt. Whitney High",93277
"35766",54,72256,5432828,9,2012,111,60.6865671641791,"Mt. Whitney High",93277
"35767",54,72256,5432828,10,2012,31,42.0112994350282,"Mt. Whitney High",93277
"35768",54,72256,5432828,10,2012,111,58.3700564971751,"Mt. Whitney High",93277
"35769",54,72256,5432828,11,2012,31,43.8297872340426,"Mt. Whitney High",93277
"35770",54,72256,5432828,11,2012,111,50.8406304728546,"Mt. Whitney High",93277
"35771",54,72256,5434527,9,2012,31,40.0731292517007,"Redwood High",93291
"35772",54,72256,5434527,9,2012,111,68.9662379421222,"Redwood High",93291
"35773",54,72256,5434527,10,2012,31,36.6517775752051,"Redwood High",93291
"35774",54,72256,5434527,10,2012,111,65.1320422535211,"Redwood High",93291
"35775",54,72256,5434527,11,2012,31,34.5526315789474,"Redwood High",93291
"35776",54,72256,5434527,11,2012,111,51.7694090382387,"Redwood High",93291
"35777",54,72256,5435839,10,2012,31,8.77906976744186,"Sequoia High",93291
"35778",54,72256,5435839,11,2012,31,7.33185840707965,"Sequoia High",93291
"35779",54,72256,5435839,11,2012,111,7.03007518796993,"Sequoia High",93291
"35780",54,72256,6054530,2,2012,31,48,"Conyer Elementary",93277
"35781",54,72256,6054530,2,2012,111,72,"Conyer Elementary",93277
"35782",54,72256,6054530,3,2012,31,49.6091954022989,"Conyer Elementary",93277
"35783",54,72256,6054530,4,2012,31,70.5176470588235,"Conyer Elementary",93277
"35784",54,72256,6054530,4,2012,111,90.9090909090909,"Conyer Elementary",93277
"35785",54,72256,6054530,6,2012,31,54.3448275862069,"Conyer Elementary",93277
"35786",54,72256,6054530,6,2012,111,61,"Conyer Elementary",93277
"35787",54,72256,6054548,2,2012,31,47.9473684210526,"Crowley Elementary",93291
"35788",54,72256,6054548,3,2012,31,35.4371584699454,"Crowley Elementary",93291
"35789",54,72256,6054548,4,2012,31,40.5679012345679,"Crowley Elementary",93291
"35790",54,72256,6054548,5,2012,31,16.6666666666667,"Crowley Elementary",93291
"35791",54,72256,6054548,6,2012,31,19.5433070866142,"Crowley Elementary",93291
"35792",54,72256,6054555,7,2012,31,44.5072,"Divisadero Middle",93277
"35793",54,72256,6054555,7,2012,111,67.9805447470817,"Divisadero Middle",93277
"35794",54,72256,6054555,8,2012,31,53.064332247557,"Divisadero Middle",93277
"35795",54,72256,6054555,8,2012,111,68.8498023715415,"Divisadero Middle",93277
"35796",54,72256,6054563,2,2012,31,42,"Elbow Creek Elementary",93292
"35797",54,72256,6054563,2,2012,111,78.5,"Elbow Creek Elementary",93292
"35798",54,72256,6054563,3,2012,31,29.8901098901099,"Elbow Creek Elementary",93292
"35799",54,72256,6054563,3,2012,111,75,"Elbow Creek Elementary",93292
"35800",54,72256,6054563,4,2012,31,55.5,"Elbow Creek Elementary",93292
"35801",54,72256,6054563,4,2012,111,82.5,"Elbow Creek Elementary",93292
"35802",54,72256,6054563,5,2012,31,56.3333333333333,"Elbow Creek Elementary",93292
"35803",54,72256,6054563,5,2012,111,68.6666666666667,"Elbow Creek Elementary",93292
"35804",54,72256,6054563,6,2012,31,36.5,"Elbow Creek Elementary",93292
"35805",54,72256,6054563,6,2012,111,71,"Elbow Creek Elementary",93292
"35806",54,72256,6054597,2,2012,31,23,"Goshen Elementary",93291
"35807",54,72256,6054597,3,2012,31,31,"Goshen Elementary",93291
"35808",54,72256,6054597,4,2012,31,49.5478723404255,"Goshen Elementary",93291
"35809",54,72256,6054597,5,2012,31,35.9175257731959,"Goshen Elementary",93291
"35810",54,72256,6054597,6,2012,31,38,"Goshen Elementary",93291
"35811",54,72256,6054605,7,2012,31,54.5449358059914,"Green Acres Middle",93291
"35812",54,72256,6054605,7,2012,111,81.5,"Green Acres Middle",93291
"35813",54,72256,6054605,8,2012,31,54.2315869400152,"Green Acres Middle",93291
"35814",54,72256,6054605,8,2012,111,80.709219858156,"Green Acres Middle",93291
"35815",54,72256,6054613,2,2012,31,32.5,"Highland Elementary",93291
"35816",54,72256,6054613,3,2012,31,34.5,"Highland Elementary",93291
"35817",54,72256,6054613,4,2012,31,33,"Highland Elementary",93291
"35818",54,72256,6054613,5,2012,31,48.3333333333333,"Highland Elementary",93291
"35819",54,72256,6054613,6,2012,31,57.5,"Highland Elementary",93291
"35820",54,72256,6054621,2,2012,31,50.440251572327,"Houston Elementary",93291
"35821",54,72256,6054621,3,2012,31,59,"Houston Elementary",93291
"35822",54,72256,6054621,4,2012,31,46.5,"Houston Elementary",93291
"35823",54,72256,6054639,2,2012,31,41.5,"Ivanhoe Elementary",93235
"35824",54,72256,6054639,3,2012,31,25.0683229813665,"Ivanhoe Elementary",93235
"35825",54,72256,6054639,4,2012,31,43.0204081632653,"Ivanhoe Elementary",93235
"35826",54,72256,6054639,5,2012,31,39.1072961373391,"Ivanhoe Elementary",93235
"35827",54,72256,6054639,6,2012,31,47.5166666666667,"Ivanhoe Elementary",93235
"35828",54,72256,6054647,2,2012,31,53,"Mineral King Elementary",93292
"35829",54,72256,6054647,2,2012,111,72.5,"Mineral King Elementary",93292
"35830",54,72256,6054647,3,2012,31,55.0534351145038,"Mineral King Elementary",93292
"35831",54,72256,6054647,3,2012,111,65.5,"Mineral King Elementary",93292
"35832",54,72256,6054647,4,2012,31,70.5,"Mineral King Elementary",93292
"35833",54,72256,6054647,4,2012,111,73.5,"Mineral King Elementary",93292
"35834",54,72256,6054647,5,2012,31,59.3333333333333,"Mineral King Elementary",93292
"35835",54,72256,6054647,5,2012,111,74.3333333333333,"Mineral King Elementary",93292
"35836",54,72256,6054647,6,2012,31,45.5050505050505,"Mineral King Elementary",93292
"35837",54,72256,6054647,6,2012,111,76.5,"Mineral King Elementary",93292
"35838",54,72256,6054654,2,2012,31,52.5,"Mountain View Elementary",93277
"35839",54,72256,6054654,2,2012,111,75.5,"Mountain View Elementary",93277
"35840",54,72256,6054654,3,2012,31,29.0973451327434,"Mountain View Elementary",93277
"35841",54,72256,6054654,3,2012,111,64.8461538461538,"Mountain View Elementary",93277
"35842",54,72256,6054654,4,2012,31,41.5106382978723,"Mountain View Elementary",93277
"35843",54,72256,6054654,4,2012,111,66.5,"Mountain View Elementary",93277
"35844",54,72256,6054654,5,2012,31,45.0236686390533,"Mountain View Elementary",93277
"35845",54,72256,6054654,5,2012,111,73.0560747663551,"Mountain View Elementary",93277
"35846",54,72256,6054654,6,2012,31,40.0816326530612,"Mountain View Elementary",93277
"35847",54,72256,6054654,6,2012,111,45.1076923076923,"Mountain View Elementary",93277
"35848",54,72256,6054670,2,2012,31,45,"Royal Oaks Elementary",93277
"35849",54,72256,6054670,2,2012,111,68.5,"Royal Oaks Elementary",93277
"35850",54,72256,6054670,3,2012,31,38.1214953271028,"Royal Oaks Elementary",93277
"35851",54,72256,6054670,3,2012,111,77.5,"Royal Oaks Elementary",93277
"35852",54,72256,6054670,4,2012,31,47.0550458715596,"Royal Oaks Elementary",93277
"35853",54,72256,6054670,4,2012,111,78,"Royal Oaks Elementary",93277
"35854",54,72256,6054670,5,2012,31,57.1656804733728,"Royal Oaks Elementary",93277
"35855",54,72256,6054670,5,2012,111,81.6666666666667,"Royal Oaks Elementary",93277
"35856",54,72256,6054670,6,2012,31,44.4941176470588,"Royal Oaks Elementary",93277
"35857",54,72256,6054670,6,2012,111,82,"Royal Oaks Elementary",93277
"35858",54,72256,6054688,2,2012,31,41.5,"Crestwood Elementary",93277
"35859",54,72256,6054688,2,2012,111,74,"Crestwood Elementary",93277
"35860",54,72256,6054688,3,2012,31,35.5547445255474,"Crestwood Elementary",93277
"35861",54,72256,6054688,3,2012,111,53.0612244897959,"Crestwood Elementary",93277
"35862",54,72256,6054688,4,2012,31,47.015037593985,"Crestwood Elementary",93277
"35863",54,72256,6054688,4,2012,111,58,"Crestwood Elementary",93277
"35864",54,72256,6054688,5,2012,31,44.8333333333333,"Crestwood Elementary",93277
"35865",54,72256,6054688,5,2012,111,68,"Crestwood Elementary",93277
"35866",54,72256,6054688,6,2012,31,38.4647887323944,"Crestwood Elementary",93277
"35867",54,72256,6054688,6,2012,111,69,"Crestwood Elementary",93277
"35868",54,72256,6054704,2,2012,31,47,"Annie R. Mitchell",93292
"35869",54,72256,6054704,2,2012,111,81,"Annie R. Mitchell",93292
"35870",54,72256,6054704,3,2012,31,61.616,"Annie R. Mitchell",93292
"35871",54,72256,6054704,3,2012,111,75,"Annie R. Mitchell",93292
"35872",54,72256,6054704,4,2012,31,48.9870967741935,"Annie R. Mitchell",93292
"35873",54,72256,6054704,4,2012,111,73.4222222222222,"Annie R. Mitchell",93292
"35874",54,72256,6054704,5,2012,31,41.356783919598,"Annie R. Mitchell",93292
"35875",54,72256,6054704,5,2012,111,67.9512195121951,"Annie R. Mitchell",93292
"35876",54,72256,6054704,6,2012,31,41.9826086956522,"Annie R. Mitchell",93292
"35877",54,72256,6054704,6,2012,111,64,"Annie R. Mitchell",93292
"35878",54,72256,6054712,2,2012,31,58.5,"Veva Blunt Elementary",93277
"35879",54,72256,6054712,3,2012,31,44.7767857142857,"Veva Blunt Elementary",93277
"35880",54,72256,6054712,3,2012,111,69.5,"Veva Blunt Elementary",93277
"35881",54,72256,6054712,4,2012,31,60.52,"Veva Blunt Elementary",93277
"35882",54,72256,6054712,4,2012,111,87.5,"Veva Blunt Elementary",93277
"35883",54,72256,6054712,5,2012,31,29.6428571428571,"Veva Blunt Elementary",93277
"35884",54,72256,6054712,5,2012,111,60.3333333333333,"Veva Blunt Elementary",93277
"35885",54,72256,6054712,6,2012,31,29.5,"Veva Blunt Elementary",93277
"35886",54,72256,6054712,6,2012,111,79,"Veva Blunt Elementary",93277
"35887",54,72256,6054720,2,2012,31,36.5,"Washington Elementary",93277
"35888",54,72256,6054720,3,2012,31,33.9431818181818,"Washington Elementary",93277
"35889",54,72256,6054720,4,2012,31,57.15,"Washington Elementary",93277
"35890",54,72256,6054720,5,2012,31,48.3333333333333,"Washington Elementary",93277
"35891",54,72256,6054720,6,2012,31,42.5,"Washington Elementary",93277
"35892",54,72256,6054746,2,2012,31,71,"Willow Glen Elementary",93291
"35893",54,72256,6054746,2,2012,111,91.5,"Willow Glen Elementary",93291
"35894",54,72256,6054746,3,2012,31,66.5,"Willow Glen Elementary",93291
"35895",54,72256,6054746,3,2012,111,79.5,"Willow Glen Elementary",93291
"35896",54,72256,6054746,4,2012,31,49,"Willow Glen Elementary",93291
"35897",54,72256,6054746,4,2012,111,79,"Willow Glen Elementary",93291
"35898",54,72256,6054746,5,2012,31,47.3333333333333,"Willow Glen Elementary",93291
"35899",54,72256,6054746,5,2012,111,68.2439024390244,"Willow Glen Elementary",93291
"35900",54,72256,6054746,6,2012,31,48.4388489208633,"Willow Glen Elementary",93291
"35901",54,72256,6054746,6,2012,111,87,"Willow Glen Elementary",93291
"35902",54,72256,6092373,7,2012,31,64.1345291479821,"Valley Oak Middle",93292
"35903",54,72256,6092373,7,2012,111,83.9808612440191,"Valley Oak Middle",93292
"35904",54,72256,6092373,8,2012,31,63.2986899563319,"Valley Oak Middle",93292
"35905",54,72256,6092373,8,2012,111,79.758865248227,"Valley Oak Middle",93292
"35906",54,72256,6092795,2,2012,31,81.5,"Linwood Elementary",93277
"35907",54,72256,6092795,2,2012,111,94.5,"Linwood Elementary",93277
"35908",54,72256,6092795,3,2012,31,71.6363636363636,"Linwood Elementary",93277
"35909",54,72256,6092795,3,2012,111,93.5,"Linwood Elementary",93277
"35910",54,72256,6092795,4,2012,31,80.57,"Linwood Elementary",93277
"35911",54,72256,6092795,4,2012,111,86.5421686746988,"Linwood Elementary",93277
"35912",54,72256,6092795,5,2012,31,80.8790322580645,"Linwood Elementary",93277
"35913",54,72256,6092795,5,2012,111,90.3333333333333,"Linwood Elementary",93277
"35914",54,72256,6092795,6,2012,31,71.9090909090909,"Linwood Elementary",93277
"35915",54,72256,6092795,6,2012,111,96.9108910891089,"Linwood Elementary",93277
"35916",54,72256,6106249,2,2012,31,55.5,"Golden Oak Elementary",93292
"35917",54,72256,6106249,2,2012,111,71,"Golden Oak Elementary",93292
"35918",54,72256,6106249,3,2012,31,42.672131147541,"Golden Oak Elementary",93292
"35919",54,72256,6106249,3,2012,111,81,"Golden Oak Elementary",93292
"35920",54,72256,6106249,4,2012,31,45.5,"Golden Oak Elementary",93292
"35921",54,72256,6106249,4,2012,111,68.5,"Golden Oak Elementary",93292
"35922",54,72256,6106249,5,2012,31,46.0812182741117,"Golden Oak Elementary",93292
"35923",54,72256,6106249,5,2012,111,64.3421052631579,"Golden Oak Elementary",93292
"35924",54,72256,6106249,6,2012,31,45,"Golden Oak Elementary",93292
"35925",54,72256,6106249,6,2012,111,51.5,"Golden Oak Elementary",93292
"35926",54,72256,6107536,2,2012,31,61,"Pinkham Elementary",93292
"35927",54,72256,6107536,2,2012,111,64.5,"Pinkham Elementary",93292
"35928",54,72256,6107536,3,2012,31,47,"Pinkham Elementary",93292
"35929",54,72256,6107536,3,2012,111,80.2439024390244,"Pinkham Elementary",93292
"35930",54,72256,6107536,4,2012,31,42.1707317073171,"Pinkham Elementary",93292
"35931",54,72256,6107536,4,2012,111,66.0243902439024,"Pinkham Elementary",93292
"35932",54,72256,6107536,5,2012,31,53.6666666666667,"Pinkham Elementary",93292
"35933",54,72256,6107536,5,2012,111,76,"Pinkham Elementary",93292
"35934",54,72256,6107536,6,2012,31,34.5,"Pinkham Elementary",93292
"35935",54,72256,6107536,6,2012,111,55.6222222222222,"Pinkham Elementary",93292
"35936",54,72256,6110902,2,2012,31,85.5,"Hurley Elementary",93291
"35937",54,72256,6110902,2,2012,111,91.5,"Hurley Elementary",93291
"35938",54,72256,6110902,3,2012,31,60.5,"Hurley Elementary",93291
"35939",54,72256,6110902,3,2012,111,78.5537190082645,"Hurley Elementary",93291
"35940",54,72256,6110902,4,2012,31,77,"Hurley Elementary",93291
"35941",54,72256,6110902,4,2012,111,94.4859813084112,"Hurley Elementary",93291
"35942",54,72256,6110902,5,2012,31,52.3333333333333,"Hurley Elementary",93291
"35943",54,72256,6110902,5,2012,111,81.6666666666667,"Hurley Elementary",93291
"35944",54,72256,6110902,6,2012,31,76.5,"Hurley Elementary",93291
"35945",54,72256,6110902,6,2012,111,82.0086956521739,"Hurley Elementary",93291
"35946",54,72256,6112049,7,2012,31,50.9920255183413,"La Joya Middle",93277
"35947",54,72256,6112049,7,2012,111,71.015625,"La Joya Middle",93277
"35948",54,72256,6112049,8,2012,31,57.2215013901761,"La Joya Middle",93277
"35949",54,72256,6112049,8,2012,111,75.1193595342067,"La Joya Middle",93277
"35950",54,72264,6054753,2,2012,31,25,"Waukena Joint Union Elementary",93274
"35951",54,72264,6054753,3,2012,31,28.5,"Waukena Joint Union Elementary",93274
"35952",54,72264,6054753,4,2012,31,62,"Waukena Joint Union Elementary",93274
"35953",54,72264,6054753,5,2012,31,50.6666666666667,"Waukena Joint Union Elementary",93274
"35954",54,72264,6054753,6,2012,31,46,"Waukena Joint Union Elementary",93274
"35955",54,72264,6054753,7,2012,31,65,"Waukena Joint Union Elementary",93274
"35956",54,72264,6054753,8,2012,31,48.6774193548387,"Waukena Joint Union Elementary",93274
"35957",54,72272,6054761,6,2012,31,35.5,"Woodlake Valley Middle",93286
"35958",54,72272,6054761,7,2012,31,49,"Woodlake Valley Middle",93286
"35959",54,72272,6054761,8,2012,31,45.1104815864023,"Woodlake Valley Middle",93286
"35960",54,72272,6108286,3,2012,31,46.5,"Castle Rock Elementary",93286
"35961",54,72272,6108286,4,2012,31,55.5,"Castle Rock Elementary",93286
"35962",54,72272,6108286,5,2012,31,32.3333333333333,"Castle Rock Elementary",93286
"35963",54,72280,5436282,9,2012,31,31.3439252336449,"Woodlake High",93286
"35964",54,72280,5436282,10,2012,31,33.7238403451996,"Woodlake High",93286
"35965",54,72280,5436282,11,2012,31,31.8563432835821,"Woodlake High",93286
"35966",54,72298,6054779,2,2012,31,44,"Woodville Elementary",93257
"35967",54,72298,6054779,3,2012,31,36.5,"Woodville Elementary",93257
"35968",54,72298,6054779,4,2012,31,34,"Woodville Elementary",93257
"35969",54,72298,6054779,5,2012,31,27.6666666666667,"Woodville Elementary",93257
"35970",54,72298,6054779,6,2012,31,29.5,"Woodville Elementary",93257
"35971",54,72298,6054779,7,2012,31,17.5,"Woodville Elementary",93257
"35972",54,72298,6054779,8,2012,31,35.25,"Woodville Elementary",93257
"35973",54,75325,106021,4,2012,31,59.5,"Freedom Elementary",93223
"35974",54,75325,106021,5,2012,31,46.3726812816189,"Freedom Elementary",93223
"35975",54,75325,5430210,9,2012,31,29.8698060941828,"Farmersville High",93223
"35976",54,75325,5430210,10,2012,31,25.6678362573099,"Farmersville High",93223
"35977",54,75325,5430210,11,2012,31,28.4704944178628,"Farmersville High",93223
"35978",54,75325,5430277,10,2012,31,0,"Deep Creek Academy",93223
"35979",54,75325,5430277,11,2012,31,3.24137931034483,"Deep Creek Academy",93223
"35980",54,75325,6054076,2,2012,31,33.5531914893617,"George L. Snowden Elementary",93223
"35981",54,75325,6054076,2,2012,111,44,"George L. Snowden Elementary",93223
"35982",54,75325,6100275,6,2012,31,36.5,"Farmersville Junior High",93223
"35983",54,75325,6100275,6,2012,111,44.5,"Farmersville Junior High",93223
"35984",54,75325,6100275,7,2012,31,35.1632047477745,"Farmersville Junior High",93223
"35985",54,75325,6100275,7,2012,111,32.4,"Farmersville Junior High",93223
"35986",54,75325,6100275,8,2012,31,41.1448467966574,"Farmersville Junior High",93223
"35987",54,75325,6100275,8,2012,111,40.7931034482759,"Farmersville Junior High",93223
"35988",54,75523,102574,2,2012,31,59,"Santa Fe Elementary",93257
"35989",54,75523,102574,3,2012,31,57.6132596685083,"Santa Fe Elementary",93257
"35990",54,75523,102574,3,2012,111,86.5,"Santa Fe Elementary",93257
"35991",54,75523,102574,4,2012,31,78.5,"Santa Fe Elementary",93257
"35992",54,75523,102574,5,2012,31,54.6666666666667,"Santa Fe Elementary",93257
"35993",54,75523,102574,5,2012,111,70,"Santa Fe Elementary",93257
"35994",54,75523,102574,6,2012,31,61,"Santa Fe Elementary",93257
"35995",54,75523,110692,7,2012,31,52.9970501474926,"Sequoia Middle",93257
"35996",54,75523,110692,7,2012,111,81,"Sequoia Middle",93257
"35997",54,75523,110692,8,2012,31,39.3642052565707,"Sequoia Middle",93257
"35998",54,75523,110692,8,2012,111,64.75,"Sequoia Middle",93257
"35999",54,75523,5430251,9,2012,31,32.0764872521246,"Granite Hills High",93257
"36000",54,75523,5430251,9,2012,111,41.3983050847458,"Granite Hills High",93257
"36001",54,75523,5430251,10,2012,31,33.5704162976085,"Granite Hills High",93257
"36002",54,75523,5430251,10,2012,111,52.2986111111111,"Granite Hills High",93257
"36003",54,75523,5430251,11,2012,31,30.8391812865497,"Granite Hills High",93257
"36004",54,75523,5430251,11,2012,111,37.84,"Granite Hills High",93257
"36005",54,75523,5432786,9,2012,31,36.1299492385787,"Monache High",93257
"36006",54,75523,5432786,9,2012,111,49.5660714285714,"Monache High",93257
"36007",54,75523,5432786,10,2012,31,38.3680183626626,"Monache High",93257
"36008",54,75523,5432786,10,2012,111,57.9654403567447,"Monache High",93257
"36009",54,75523,5432786,11,2012,31,35.1931696905016,"Monache High",93257
"36010",54,75523,5432786,11,2012,111,52.1292517006803,"Monache High",93257
"36011",54,75523,5434113,9,2012,31,35.3247706422018,"Porterville High",93257
"36012",54,75523,5434113,9,2012,111,50.715,"Porterville High",93257
"36013",54,75523,5434113,10,2012,31,28.8590308370044,"Porterville High",93257
"36014",54,75523,5434113,10,2012,111,46.3047619047619,"Porterville High",93257
"36015",54,75523,5434113,11,2012,31,31.4540918163673,"Porterville High",93257
"36016",54,75523,5434113,11,2012,111,45.2600806451613,"Porterville High",93257
"36017",54,75523,6054225,7,2012,31,44.5086848635236,"Bartlett Middle",93257
"36018",54,75523,6054225,7,2012,111,48,"Bartlett Middle",93257
"36019",54,75523,6054225,8,2012,31,39.8603213844252,"Bartlett Middle",93257
"36020",54,75523,6054225,8,2012,111,45.695652173913,"Bartlett Middle",93257
"36021",54,75523,6054233,2,2012,31,34,"Belleview Elementary",93257
"36022",54,75523,6054233,2,2012,111,53.5,"Belleview Elementary",93257
"36023",54,75523,6054233,3,2012,31,43.3298969072165,"Belleview Elementary",93257
"36024",54,75523,6054233,3,2012,111,50,"Belleview Elementary",93257
"36025",54,75523,6054233,4,2012,31,74.3553719008264,"Belleview Elementary",93257
"36026",54,75523,6054233,5,2012,31,55.6666666666667,"Belleview Elementary",93257
"36027",54,75523,6054233,6,2012,31,37.5242718446602,"Belleview Elementary",93257
"36028",54,75523,6054233,6,2012,111,73,"Belleview Elementary",93257
"36029",54,75523,6054258,2,2012,31,71.5,"Olive Street Elementary",93257
"36030",54,75523,6054258,3,2012,31,47.1882352941176,"Olive Street Elementary",93257
"36031",54,75523,6054258,4,2012,31,54.0804597701149,"Olive Street Elementary",93257
"36032",54,75523,6054258,5,2012,31,43.7,"Olive Street Elementary",93257
"36033",54,75523,6054258,6,2012,31,46.4833333333333,"Olive Street Elementary",93257
"36034",54,75523,6054266,7,2012,31,46,"Pioneer Middle",93257
"36035",54,75523,6054266,8,2012,31,40.3349875930521,"Pioneer Middle",93257
"36036",54,75523,6054266,8,2012,111,42.5221238938053,"Pioneer Middle",93257
"36037",54,75523,6054274,2,2012,31,57,"Roche Elementary",93257
"36038",54,75523,6054274,3,2012,31,60.5,"Roche Elementary",93257
"36039",54,75523,6054274,4,2012,31,70,"Roche Elementary",93257
"36040",54,75523,6054274,5,2012,31,38,"Roche Elementary",93257
"36041",54,75523,6054274,6,2012,31,60,"Roche Elementary",93257
"36042",54,75523,6054282,2,2012,31,38.5,"Vandalia Elementary",93257
"36043",54,75523,6054282,2,2012,111,64,"Vandalia Elementary",93257
"36044",54,75523,6054282,3,2012,31,31.5,"Vandalia Elementary",93257
"36045",54,75523,6054282,4,2012,31,66.559585492228,"Vandalia Elementary",93257
"36046",54,75523,6054282,5,2012,31,45.280701754386,"Vandalia Elementary",93257
"36047",54,75523,6054282,6,2012,31,39.5,"Vandalia Elementary",93257
"36048",54,75523,6054290,2,2012,31,53.0338983050847,"West Putnam Elementary",93257
"36049",54,75523,6054290,3,2012,31,55.2380952380952,"West Putnam Elementary",93257
"36050",54,75523,6054290,4,2012,31,64.0821917808219,"West Putnam Elementary",93257
"36051",54,75523,6054290,5,2012,31,54.6877828054299,"West Putnam Elementary",93257
"36052",54,75523,6054290,6,2012,31,35,"West Putnam Elementary",93257
"36053",54,75523,6054308,2,2012,31,53.5,"Westfield Elementary",93257
"36054",54,75523,6054308,2,2012,111,69,"Westfield Elementary",93257
"36055",54,75523,6054308,3,2012,31,62.5,"Westfield Elementary",93257
"36056",54,75523,6054308,3,2012,111,91.5,"Westfield Elementary",93257
"36057",54,75523,6054308,4,2012,31,61.5,"Westfield Elementary",93257
"36058",54,75523,6054308,4,2012,111,88,"Westfield Elementary",93257
"36059",54,75523,6054308,5,2012,31,58.3333333333333,"Westfield Elementary",93257
"36060",54,75523,6054308,5,2012,111,89,"Westfield Elementary",93257
"36061",54,75523,6054308,6,2012,31,44.5,"Westfield Elementary",93257
"36062",54,75523,6054308,6,2012,111,79,"Westfield Elementary",93257
"36063",54,75523,6107379,2,2012,31,54,"Los Robles Elementary",93257
"36064",54,75523,6107379,3,2012,31,67.5,"Los Robles Elementary",93257
"36065",54,75523,6107379,4,2012,31,52,"Los Robles Elementary",93257
"36066",54,75523,6107379,5,2012,31,51,"Los Robles Elementary",93257
"36067",54,75523,6107379,6,2012,31,49.993006993007,"Los Robles Elementary",93257
"36068",54,75523,6114193,2,2012,31,67,"Monte Vista Elementary",93257
"36069",54,75523,6114193,2,2012,111,32,"Monte Vista Elementary",93257
"36070",54,75523,6114193,3,2012,31,61,"Monte Vista Elementary",93257
"36071",54,75523,6114193,4,2012,31,65,"Monte Vista Elementary",93257
"36072",54,75523,6114193,5,2012,31,22.3333333333333,"Monte Vista Elementary",93257
"36073",54,75523,6114193,5,2012,111,20.6666666666667,"Monte Vista Elementary",93257
"36074",54,75523,6114193,6,2012,31,37.5,"Monte Vista Elementary",93257
"36075",54,75523,6114193,6,2012,111,37.5,"Monte Vista Elementary",93257
"36076",54,75531,102186,10,2012,31,14.0666666666667,"Ronald Reagan Academy",93618
"36077",54,75531,102186,11,2012,31,8.39285714285714,"Ronald Reagan Academy",93618
"36078",54,75531,5431184,9,2012,31,29.2923186344239,"Dinuba High",93618
"36079",54,75531,5431184,10,2012,31,28.74940673944,"Dinuba High",93618
"36080",54,75531,5431184,11,2012,31,45.2738853503185,"Dinuba High",93618
"36081",54,75531,6053961,2,2012,31,62,"Grand View Elementary",93618
"36082",54,75531,6053961,3,2012,31,49.7916666666667,"Grand View Elementary",93618
"36083",54,75531,6053961,4,2012,31,61,"Grand View Elementary",93618
"36084",54,75531,6053961,5,2012,31,53.6666666666667,"Grand View Elementary",93618
"36085",54,75531,6053979,2,2012,31,57.972972972973,"Jefferson Elementary",93618
"36086",54,75531,6053979,3,2012,31,45,"Jefferson Elementary",93618
"36087",54,75531,6053979,4,2012,31,77,"Jefferson Elementary",93618
"36088",54,75531,6053979,5,2012,31,49.6699669966997,"Jefferson Elementary",93618
"36089",54,75531,6053987,2,2012,31,64.9658536585366,"Lincoln Elementary",93618
"36090",54,75531,6053987,3,2012,31,50.5,"Lincoln Elementary",93618
"36091",54,75531,6053987,4,2012,31,68.5,"Lincoln Elementary",93618
"36092",54,75531,6053987,5,2012,31,59.3333333333333,"Lincoln Elementary",93618
"36093",54,75531,6053995,7,2012,31,45.5891089108911,"Washington Intermediate",93618
"36094",54,75531,6053995,8,2012,31,45.6884700665188,"Washington Intermediate",93618
"36095",54,75531,6054001,2,2012,31,50,"Wilson Elementary",93618
"36096",54,75531,6054001,3,2012,31,47.5,"Wilson Elementary",93618
"36097",54,75531,6054001,4,2012,31,60.5,"Wilson Elementary",93618
"36098",54,75531,6054001,5,2012,31,52,"Wilson Elementary",93618
"36099",54,75531,6107650,2,2012,31,58.5,"Roosevelt Elementary",93618
"36100",54,75531,6107650,3,2012,31,63,"Roosevelt Elementary",93618
"36101",54,75531,6107650,4,2012,31,56.9765258215962,"Roosevelt Elementary",93618
"36102",54,75531,6107650,5,2012,31,74.7238805970149,"Roosevelt Elementary",93618
"36103",55,10553,5530118,8,2012,31,29.25,"Tuolumne County Community/ISP",95370
"36104",55,72348,6054860,2,2012,31,51.5,"Columbia Elementary",95310
"36105",55,72348,6054860,2,2012,111,85.5,"Columbia Elementary",95310
"36106",55,72348,6054860,3,2012,31,60.5,"Columbia Elementary",95310
"36107",55,72348,6054860,3,2012,111,65.5,"Columbia Elementary",95310
"36108",55,72348,6054860,4,2012,31,69.5,"Columbia Elementary",95310
"36109",55,72348,6054860,4,2012,111,87,"Columbia Elementary",95310
"36110",55,72348,6054860,5,2012,31,56,"Columbia Elementary",95310
"36111",55,72348,6054860,5,2012,111,80,"Columbia Elementary",95310
"36112",55,72348,6054860,6,2012,31,66.5,"Columbia Elementary",95310
"36113",55,72348,6054860,6,2012,111,87,"Columbia Elementary",95310
"36114",55,72348,6054860,7,2012,31,45,"Columbia Elementary",95310
"36115",55,72348,6054860,7,2012,111,60.5,"Columbia Elementary",95310
"36116",55,72348,6054860,8,2012,31,46.5444444444444,"Columbia Elementary",95310
"36117",55,72348,6054860,8,2012,111,79.68,"Columbia Elementary",95310
"36118",55,72355,6054894,2,2012,31,62,"Curtis Creek Elementary",95370
"36119",55,72355,6054894,2,2012,111,82.5,"Curtis Creek Elementary",95370
"36120",55,72355,6054894,3,2012,31,57.5,"Curtis Creek Elementary",95370
"36121",55,72355,6054894,3,2012,111,70,"Curtis Creek Elementary",95370
"36122",55,72355,6054894,4,2012,31,55.4864864864865,"Curtis Creek Elementary",95370
"36123",55,72355,6054894,4,2012,111,77.5,"Curtis Creek Elementary",95370
"36124",55,72355,6054894,5,2012,31,38.7142857142857,"Curtis Creek Elementary",95370
"36125",55,72355,6054894,5,2012,111,87,"Curtis Creek Elementary",95370
"36126",55,72355,6054894,6,2012,31,48,"Curtis Creek Elementary",95370
"36127",55,72355,6054894,6,2012,111,60,"Curtis Creek Elementary",95370
"36128",55,72355,6054894,7,2012,31,37.0980392156863,"Curtis Creek Elementary",95370
"36129",55,72355,6054894,7,2012,111,70.325,"Curtis Creek Elementary",95370
"36130",55,72355,6054894,8,2012,31,56.2280701754386,"Curtis Creek Elementary",95370
"36131",55,72355,6054894,8,2012,111,76.0506329113924,"Curtis Creek Elementary",95370
"36132",55,72363,6054902,2,2012,31,31,"Jamestown Elementary",95327
"36133",55,72363,6054902,3,2012,31,67.5,"Jamestown Elementary",95327
"36134",55,72363,6054902,3,2012,111,82,"Jamestown Elementary",95327
"36135",55,72363,6054902,4,2012,31,58.551724137931,"Jamestown Elementary",95327
"36136",55,72363,6054902,5,2012,31,47.84,"Jamestown Elementary",95327
"36137",55,72363,6054902,6,2012,31,59.0204081632653,"Jamestown Elementary",95327
"36138",55,72363,6054902,6,2012,111,58,"Jamestown Elementary",95327
"36139",55,72363,6054902,7,2012,31,53.9365079365079,"Jamestown Elementary",95327
"36140",55,72363,6054902,7,2012,111,69.6969696969697,"Jamestown Elementary",95327
"36141",55,72363,6054902,8,2012,31,42.7333333333333,"Jamestown Elementary",95327
"36142",55,72363,6054902,8,2012,111,63.5774647887324,"Jamestown Elementary",95327
"36143",55,72371,6054910,2,2012,31,47.5,"Sonora Elementary",95370
"36144",55,72371,6054910,2,2012,111,58.5,"Sonora Elementary",95370
"36145",55,72371,6054910,3,2012,31,50,"Sonora Elementary",95370
"36146",55,72371,6054910,3,2012,111,82.5,"Sonora Elementary",95370
"36147",55,72371,6054910,4,2012,31,74,"Sonora Elementary",95370
"36148",55,72371,6054910,4,2012,111,85.5,"Sonora Elementary",95370
"36149",55,72371,6054910,5,2012,31,68,"Sonora Elementary",95370
"36150",55,72371,6054910,5,2012,111,76.3333333333333,"Sonora Elementary",95370
"36151",55,72371,6054910,6,2012,31,58.5,"Sonora Elementary",95370
"36152",55,72371,6054910,6,2012,111,79,"Sonora Elementary",95370
"36153",55,72371,6054910,7,2012,31,66,"Sonora Elementary",95370
"36154",55,72371,6054910,7,2012,111,85.5463917525773,"Sonora Elementary",95370
"36155",55,72371,6054910,8,2012,31,55.3125,"Sonora Elementary",95370
"36156",55,72371,6054910,8,2012,111,72.8947368421053,"Sonora Elementary",95370
"36157",55,72389,5536503,9,2012,31,42.2438016528926,"Sonora High",95370
"36158",55,72389,5536503,9,2012,111,68.7397260273973,"Sonora High",95370
"36159",55,72389,5536503,10,2012,31,38.2242562929062,"Sonora High",95370
"36160",55,72389,5536503,10,2012,111,58.6062246278755,"Sonora High",95370
"36161",55,72389,5536503,11,2012,31,45.1404255319149,"Sonora High",95370
"36162",55,72389,5536503,11,2012,111,52.4338842975207,"Sonora High",95370
"36163",55,72397,6054928,2,2012,31,50,"Soulsbyville Elementary",95372
"36164",55,72397,6054928,2,2012,111,67.5,"Soulsbyville Elementary",95372
"36165",55,72397,6054928,3,2012,31,61.5,"Soulsbyville Elementary",95372
"36166",55,72397,6054928,3,2012,111,76,"Soulsbyville Elementary",95372
"36167",55,72397,6054928,4,2012,31,64,"Soulsbyville Elementary",95372
"36168",55,72397,6054928,4,2012,111,89.5,"Soulsbyville Elementary",95372
"36169",55,72397,6054928,5,2012,31,49.3333333333333,"Soulsbyville Elementary",95372
"36170",55,72397,6054928,5,2012,111,73,"Soulsbyville Elementary",95372
"36171",55,72397,6054928,6,2012,31,69.1538461538462,"Soulsbyville Elementary",95372
"36172",55,72397,6054928,6,2012,111,83,"Soulsbyville Elementary",95372
"36173",55,72397,6054928,7,2012,31,56.695652173913,"Soulsbyville Elementary",95372
"36174",55,72397,6054928,7,2012,111,79.5,"Soulsbyville Elementary",95372
"36175",55,72397,6054928,8,2012,31,39.2857142857143,"Soulsbyville Elementary",95372
"36176",55,72397,6054928,8,2012,111,57.685534591195,"Soulsbyville Elementary",95372
"36177",55,72405,6054936,2,2012,31,59,"Summerville Elementary",95379
"36178",55,72405,6054936,2,2012,111,79,"Summerville Elementary",95379
"36179",55,72405,6054936,3,2012,31,47.1388888888889,"Summerville Elementary",95379
"36180",55,72405,6054936,3,2012,111,75,"Summerville Elementary",95379
"36181",55,72405,6054936,5,2012,31,51.9565217391304,"Summerville Elementary",95379
"36182",55,72405,6054936,5,2012,111,78.5405405405405,"Summerville Elementary",95379
"36183",55,72405,6054936,6,2012,31,53.4666666666667,"Summerville Elementary",95379
"36184",55,72405,6054936,6,2012,111,78.3137254901961,"Summerville Elementary",95379
"36185",55,72405,6054936,7,2012,31,54,"Summerville Elementary",95379
"36186",55,72405,6054936,7,2012,111,92,"Summerville Elementary",95379
"36187",55,72405,6054936,8,2012,31,50.719298245614,"Summerville Elementary",95379
"36188",55,72405,6054936,8,2012,111,69.5294117647059,"Summerville Elementary",95379
"36189",55,72413,112276,8,2012,111,48.0740740740741,"Gold Rush Charter",95370
"36190",55,72413,112276,9,2012,31,27,"Gold Rush Charter",95370
"36191",55,72413,112276,9,2012,111,62,"Gold Rush Charter",95370
"36192",55,72413,112276,10,2012,31,33.1428571428571,"Gold Rush Charter",95370
"36193",55,72413,112276,10,2012,111,34.0571428571429,"Gold Rush Charter",95370
"36194",55,72413,112276,11,2012,31,18.125,"Gold Rush Charter",95370
"36195",55,72413,112276,11,2012,111,33.8947368421053,"Gold Rush Charter",95370
"36196",55,72413,5536750,9,2012,31,56.7928571428571,"Summerville High",95379
"36197",55,72413,5536750,9,2012,111,54.3877551020408,"Summerville High",95379
"36198",55,72413,5536750,10,2012,31,56.7040816326531,"Summerville High",95379
"36199",55,72413,5536750,10,2012,111,55.3781818181818,"Summerville High",95379
"36200",55,72413,5536750,11,2012,31,42.6607142857143,"Summerville High",95379
"36201",55,72413,5536750,11,2012,111,51.4646464646465,"Summerville High",95379
"36202",55,75184,5530076,9,2012,31,68.2307692307692,"Tioga High",95321
"36203",55,75184,5530076,10,2012,31,13.72,"Tioga High",95321
"36204",55,75184,5530076,11,2012,111,42.5,"Tioga High",95321
"36205",55,75184,6054837,2,2012,111,52.5,"Tenaya Elementary",95321
"36206",55,75184,6054837,3,2012,31,53.5,"Tenaya Elementary",95321
"36207",55,75184,6054837,3,2012,111,56.5,"Tenaya Elementary",95321
"36208",55,75184,6054837,4,2012,31,69,"Tenaya Elementary",95321
"36209",55,75184,6054837,5,2012,31,64.6666666666667,"Tenaya Elementary",95321
"36210",55,75184,6054837,6,2012,31,39,"Tenaya Elementary",95321
"36211",55,75184,6054837,7,2012,31,62.5,"Tenaya Elementary",95321
"36212",55,75184,6054837,7,2012,111,64,"Tenaya Elementary",95321
"36213",55,75184,6054837,8,2012,31,54.6666666666667,"Tenaya Elementary",95321
"36214",55,75184,6054837,8,2012,111,62,"Tenaya Elementary",95321
"36215",56,10561,109900,9,2012,31,12.6417910447761,"Vista Real Charter High",93030
"36216",56,10561,109900,9,2012,111,39.5,"Vista Real Charter High",93030
"36217",56,10561,109900,10,2012,31,16.1014492753623,"Vista Real Charter High",93030
"36218",56,10561,109900,10,2012,111,20.1212121212121,"Vista Real Charter High",93030
"36219",56,10561,109900,11,2012,31,13.0187891440501,"Vista Real Charter High",93030
"36220",56,10561,109900,11,2012,111,23.8490566037736,"Vista Real Charter High",93030
"36221",56,10561,121756,2,2012,111,60.5,"BRIDGES Charter",91360
"36222",56,10561,121756,3,2012,111,50,"BRIDGES Charter",91360
"36223",56,10561,121756,4,2012,111,79.5,"BRIDGES Charter",91360
"36224",56,10561,121756,5,2012,111,62.178947368421,"BRIDGES Charter",91360
"36225",56,10561,121756,6,2012,111,62,"BRIDGES Charter",91360
"36226",56,10561,121756,7,2012,111,61,"BRIDGES Charter",91360
"36227",56,10561,121756,8,2012,111,61.1578947368421,"BRIDGES Charter",91360
"36228",56,10561,5630223,9,2012,31,20,"Providence",93036
"36229",56,10561,5630223,10,2012,31,1.36708860759494,"Providence",93036
"36230",56,10561,5630223,11,2012,31,10.7326732673267,"Providence",93036
"36231",56,72447,6054969,5,2012,31,39.3333333333333,"Briggs Elementary",93060
"36232",56,72447,6054969,5,2012,111,64,"Briggs Elementary",93060
"36233",56,72447,6054969,6,2012,31,34.8913043478261,"Briggs Elementary",93060
"36234",56,72447,6054969,6,2012,111,46.6976744186046,"Briggs Elementary",93060
"36235",56,72447,6054969,7,2012,31,31,"Briggs Elementary",93060
"36236",56,72447,6054969,7,2012,111,46.2432432432432,"Briggs Elementary",93060
"36237",56,72447,6054969,8,2012,31,51.45,"Briggs Elementary",93060
"36238",56,72447,6054969,8,2012,111,57.9032258064516,"Briggs Elementary",93060
"36239",56,72447,6054977,2,2012,31,42,"Olivelands Elementary",93060
"36240",56,72447,6054977,2,2012,111,76,"Olivelands Elementary",93060
"36241",56,72447,6054977,3,2012,31,41.7076923076923,"Olivelands Elementary",93060
"36242",56,72447,6054977,3,2012,111,50,"Olivelands Elementary",93060
"36243",56,72447,6054977,4,2012,31,57.5,"Olivelands Elementary",93060
"36244",56,72447,6054977,4,2012,111,83.5,"Olivelands Elementary",93060
"36245",56,72454,6054985,2,2012,31,49,"Piru Elementary",93040
"36246",56,72454,6054985,3,2012,31,43.5,"Piru Elementary",93040
"36247",56,72454,6054985,4,2012,31,59,"Piru Elementary",93040
"36248",56,72454,6054985,5,2012,31,55,"Piru Elementary",93040
"36249",56,72454,6054985,6,2012,31,21.7647058823529,"Piru Elementary",93040
"36250",56,72454,6054993,2,2012,31,46,"San Cayetano Elementary",93016
"36251",56,72454,6054993,2,2012,111,64,"San Cayetano Elementary",93016
"36252",56,72454,6054993,3,2012,31,39,"San Cayetano Elementary",93016
"36253",56,72454,6054993,3,2012,111,52.5,"San Cayetano Elementary",93016
"36254",56,72454,6054993,4,2012,31,51,"San Cayetano Elementary",93016
"36255",56,72454,6054993,4,2012,111,91.5,"San Cayetano Elementary",93016
"36256",56,72454,6054993,5,2012,31,36,"San Cayetano Elementary",93016
"36257",56,72454,6054993,5,2012,111,50.6666666666667,"San Cayetano Elementary",93016
"36258",56,72454,6060321,6,2012,31,31.4708994708995,"Fillmore Middle",93016
"36259",56,72454,6060321,6,2012,111,54.5,"Fillmore Middle",93016
"36260",56,72454,6060321,7,2012,31,32.9416445623342,"Fillmore Middle",93016
"36261",56,72454,6060321,7,2012,111,47.5789473684211,"Fillmore Middle",93016
"36262",56,72454,6060321,8,2012,31,38.6106965174129,"Fillmore Middle",93016
"36263",56,72454,6060321,8,2012,111,62.0744186046512,"Fillmore Middle",93016
"36264",56,72462,6055016,2,2012,31,45.5,"Ansgar Larsen Elementary",93033
"36265",56,72462,6055016,3,2012,31,30.5,"Ansgar Larsen Elementary",93033
"36266",56,72462,6055016,4,2012,31,54,"Ansgar Larsen Elementary",93033
"36267",56,72462,6055016,5,2012,31,49,"Ansgar Larsen Elementary",93033
"36268",56,72462,6055024,2,2012,31,31,"Art Haycox Elementary",93033
"36269",56,72462,6055024,3,2012,31,33.0494699646643,"Art Haycox Elementary",93033
"36270",56,72462,6055024,4,2012,31,50.0512820512821,"Art Haycox Elementary",93033
"36271",56,72462,6055024,5,2012,31,46.9931506849315,"Art Haycox Elementary",93033
"36272",56,72462,6055040,6,2012,31,34.4715447154472,"E. O. Green Junior High",93033
"36273",56,72462,6055040,6,2012,111,42.4605263157895,"E. O. Green Junior High",93033
"36274",56,72462,6055040,7,2012,31,40.4975609756098,"E. O. Green Junior High",93033
"36275",56,72462,6055040,7,2012,111,57,"E. O. Green Junior High",93033
"36276",56,72462,6055040,8,2012,31,34.0701754385965,"E. O. Green Junior High",93033
"36277",56,72462,6055040,8,2012,111,58.1538461538462,"E. O. Green Junior High",93033
"36278",56,72462,6055057,2,2012,31,26,"Fred L. Williams Elementary",93033
"36279",56,72462,6055057,2,2012,111,66,"Fred L. Williams Elementary",93033
"36280",56,72462,6055057,3,2012,31,34.559585492228,"Fred L. Williams Elementary",93033
"36281",56,72462,6055057,3,2012,111,68,"Fred L. Williams Elementary",93033
"36282",56,72462,6055057,4,2012,31,44.4968152866242,"Fred L. Williams Elementary",93033
"36283",56,72462,6055057,4,2012,111,82.5,"Fred L. Williams Elementary",93033
"36284",56,72462,6055057,5,2012,31,48.3359683794466,"Fred L. Williams Elementary",93033
"36285",56,72462,6055057,5,2012,111,78.1454545454545,"Fred L. Williams Elementary",93033
"36286",56,72462,6055065,2,2012,111,76.5,"Hollywood Beach Elementary",93035
"36287",56,72462,6055065,3,2012,31,69.6086956521739,"Hollywood Beach Elementary",93035
"36288",56,72462,6055065,3,2012,111,68,"Hollywood Beach Elementary",93035
"36289",56,72462,6055065,4,2012,31,75,"Hollywood Beach Elementary",93035
"36290",56,72462,6055065,4,2012,111,79,"Hollywood Beach Elementary",93035
"36291",56,72462,6055065,5,2012,31,69,"Hollywood Beach Elementary",93035
"36292",56,72462,6055065,5,2012,111,80.7123287671233,"Hollywood Beach Elementary",93035
"36293",56,72462,6055065,6,2012,111,74,"Hollywood Beach Elementary",93035
"36294",56,72462,6055073,2,2012,31,28.5,"Hueneme Elementary",93041
"36295",56,72462,6055073,2,2012,111,65.5,"Hueneme Elementary",93041
"36296",56,72462,6055073,3,2012,31,51,"Hueneme Elementary",93041
"36297",56,72462,6055073,3,2012,111,78.5,"Hueneme Elementary",93041
"36298",56,72462,6055073,4,2012,31,39,"Hueneme Elementary",93041
"36299",56,72462,6055073,4,2012,111,67,"Hueneme Elementary",93041
"36300",56,72462,6055073,5,2012,31,50.7,"Hueneme Elementary",93041
"36301",56,72462,6055073,5,2012,111,64.6612903225806,"Hueneme Elementary",93041
"36302",56,72462,6055073,6,2012,31,60.7213114754098,"Hueneme Elementary",93041
"36303",56,72462,6055073,6,2012,111,82,"Hueneme Elementary",93041
"36304",56,72462,6055081,2,2012,31,37.5,"Julien Hathaway Elementary",93033
"36305",56,72462,6055081,3,2012,31,20.5,"Julien Hathaway Elementary",93033
"36306",56,72462,6055081,4,2012,31,58.5515151515152,"Julien Hathaway Elementary",93033
"36307",56,72462,6055081,5,2012,31,41.3385826771654,"Julien Hathaway Elementary",93033
"36308",56,72462,6055099,2,2012,31,42.5,"Parkview Elementary",93041
"36309",56,72462,6055099,3,2012,31,32.0220264317181,"Parkview Elementary",93041
"36310",56,72462,6055099,4,2012,31,46.9668246445498,"Parkview Elementary",93041
"36311",56,72462,6055099,5,2012,31,37.2861842105263,"Parkview Elementary",93041
"36312",56,72462,6055107,2,2012,31,24,"Richard Bard Elementary",93041
"36313",56,72462,6055107,2,2012,111,42,"Richard Bard Elementary",93041
"36314",56,72462,6055107,3,2012,31,42,"Richard Bard Elementary",93041
"36315",56,72462,6055107,3,2012,111,64.5,"Richard Bard Elementary",93041
"36316",56,72462,6055107,4,2012,31,48.9831932773109,"Richard Bard Elementary",93041
"36317",56,72462,6055107,4,2012,111,61.5,"Richard Bard Elementary",93041
"36318",56,72462,6055107,5,2012,31,30.0091743119266,"Richard Bard Elementary",93041
"36319",56,72462,6055107,5,2012,111,44.4939759036145,"Richard Bard Elementary",93041
"36320",56,72462,6055107,6,2012,31,33.8630136986301,"Richard Bard Elementary",93041
"36321",56,72462,6055107,6,2012,111,72,"Richard Bard Elementary",93041
"36322",56,72462,6055115,2,2012,31,35.5,"Sunkist Elementary",93041
"36323",56,72462,6055115,3,2012,31,40.1408450704225,"Sunkist Elementary",93041
"36324",56,72462,6055115,4,2012,31,49.0098039215686,"Sunkist Elementary",93041
"36325",56,72462,6055115,5,2012,31,46,"Sunkist Elementary",93041
"36326",56,72470,5630363,2,2012,31,54.5,"Golden Valley Charter",93003
"36327",56,72470,5630363,2,2012,111,60.5,"Golden Valley Charter",93003
"36328",56,72470,5630363,3,2012,31,53,"Golden Valley Charter",93003
"36329",56,72470,5630363,3,2012,111,46,"Golden Valley Charter",93003
"36330",56,72470,5630363,4,2012,31,41.5,"Golden Valley Charter",93003
"36331",56,72470,5630363,4,2012,111,78.5,"Golden Valley Charter",93003
"36332",56,72470,5630363,5,2012,31,52,"Golden Valley Charter",93003
"36333",56,72470,5630363,5,2012,111,71.6666666666667,"Golden Valley Charter",93003
"36334",56,72470,5630363,6,2012,31,55.5,"Golden Valley Charter",93003
"36335",56,72470,5630363,6,2012,111,68.5,"Golden Valley Charter",93003
"36336",56,72470,5630363,7,2012,31,82,"Golden Valley Charter",93003
"36337",56,72470,5630363,7,2012,111,72.5789473684211,"Golden Valley Charter",93003
"36338",56,72470,5630363,8,2012,31,71.6666666666667,"Golden Valley Charter",93003
"36339",56,72470,5630363,8,2012,111,68.0295566502463,"Golden Valley Charter",93003
"36340",56,72470,5630363,9,2012,111,72,"Golden Valley Charter",93003
"36341",56,72470,5630363,10,2012,111,60.6829268292683,"Golden Valley Charter",93003
"36342",56,72470,5630363,11,2012,31,64,"Golden Valley Charter",93003
"36343",56,72470,5630363,11,2012,111,50,"Golden Valley Charter",93003
"36344",56,72470,6055123,2,2012,31,50,"Mesa Elementary",93066
"36345",56,72470,6055123,2,2012,111,70.5,"Mesa Elementary",93066
"36346",56,72470,6055123,3,2012,31,44.5,"Mesa Elementary",93066
"36347",56,72470,6055123,3,2012,111,71.1505376344086,"Mesa Elementary",93066
"36348",56,72470,6055123,4,2012,31,64.5945945945946,"Mesa Elementary",93066
"36349",56,72470,6055123,4,2012,111,89,"Mesa Elementary",93066
"36350",56,72470,6055123,5,2012,31,43.6666666666667,"Mesa Elementary",93066
"36351",56,72470,6055123,5,2012,111,86,"Mesa Elementary",93066
"36352",56,72470,6055123,6,2012,31,59,"Mesa Elementary",93066
"36353",56,72470,6055123,6,2012,111,90.5157894736842,"Mesa Elementary",93066
"36354",56,72470,6055123,7,2012,31,30.25,"Mesa Elementary",93066
"36355",56,72470,6055123,7,2012,111,67.0909090909091,"Mesa Elementary",93066
"36356",56,72470,6055123,8,2012,31,61.96,"Mesa Elementary",93066
"36357",56,72470,6055123,8,2012,111,78.4450549450549,"Mesa Elementary",93066
"36358",56,72504,6055156,6,2012,31,59.5,"Mupu Elementary",93060
"36359",56,72504,6055156,7,2012,31,82,"Mupu Elementary",93060
"36360",56,72512,6055164,2,2012,31,57.965034965035,"Laguna Vista Elementary",93033
"36361",56,72512,6055164,3,2012,31,64,"Laguna Vista Elementary",93033
"36362",56,72512,6055164,4,2012,31,61.9457364341085,"Laguna Vista Elementary",93033
"36363",56,72512,6055164,5,2012,31,57.3058252427184,"Laguna Vista Elementary",93033
"36364",56,72512,6055172,2,2012,31,54.5598086124402,"Mar Vista Elementary",93033
"36365",56,72512,6055172,3,2012,31,25.6987951807229,"Mar Vista Elementary",93033
"36366",56,72512,6055172,4,2012,31,56.5,"Mar Vista Elementary",93033
"36367",56,72512,6055172,5,2012,31,39.0674157303371,"Mar Vista Elementary",93033
"36368",56,72512,6055180,2,2012,31,37.5,"Tierra Vista Elementary",93033
"36369",56,72512,6055180,3,2012,31,36.3263157894737,"Tierra Vista Elementary",93033
"36370",56,72512,6055180,4,2012,31,49.5,"Tierra Vista Elementary",93033
"36371",56,72512,6055180,5,2012,31,38.6756756756757,"Tierra Vista Elementary",93033
"36372",56,72520,5634076,9,2012,31,41.1776649746193,"Nordhoff High",93023
"36373",56,72520,5634076,9,2012,111,65.9244712990937,"Nordhoff High",93023
"36374",56,72520,5634076,10,2012,31,38.3984375,"Nordhoff High",93023
"36375",56,72520,5634076,10,2012,111,61.2863924050633,"Nordhoff High",93023
"36376",56,72520,5634076,11,2012,31,37.5126050420168,"Nordhoff High",93023
"36377",56,72520,5634076,11,2012,111,53.3597430406852,"Nordhoff High",93023
"36378",56,72520,6055198,2,2012,31,20.5,"Meiners Oaks Elementary",93023
"36379",56,72520,6055198,2,2012,111,59,"Meiners Oaks Elementary",93023
"36380",56,72520,6055198,3,2012,31,37.5,"Meiners Oaks Elementary",93023
"36381",56,72520,6055198,3,2012,111,91.5,"Meiners Oaks Elementary",93023
"36382",56,72520,6055198,4,2012,31,48.4186046511628,"Meiners Oaks Elementary",93023
"36383",56,72520,6055198,4,2012,111,94,"Meiners Oaks Elementary",93023
"36384",56,72520,6055198,5,2012,31,45.6666666666667,"Meiners Oaks Elementary",93023
"36385",56,72520,6055198,5,2012,111,79.3333333333333,"Meiners Oaks Elementary",93023
"36386",56,72520,6055198,6,2012,31,41.5,"Meiners Oaks Elementary",93023
"36387",56,72520,6055198,6,2012,111,73.5,"Meiners Oaks Elementary",93023
"36388",56,72520,6055206,2,2012,31,58,"Mira Monte Elementary",93023
"36389",56,72520,6055206,2,2012,111,64,"Mira Monte Elementary",93023
"36390",56,72520,6055206,3,2012,31,31,"Mira Monte Elementary",93023
"36391",56,72520,6055206,3,2012,111,73,"Mira Monte Elementary",93023
"36392",56,72520,6055206,4,2012,31,85,"Mira Monte Elementary",93023
"36393",56,72520,6055206,4,2012,111,93,"Mira Monte Elementary",93023
"36394",56,72520,6055206,5,2012,31,39.92,"Mira Monte Elementary",93023
"36395",56,72520,6055206,5,2012,111,44,"Mira Monte Elementary",93023
"36396",56,72520,6055206,6,2012,31,60.5,"Mira Monte Elementary",93023
"36397",56,72520,6055206,6,2012,111,82.5,"Mira Monte Elementary",93023
"36398",56,72520,6055222,2,2012,111,73.5,"San Antonio Elementary",93023
"36399",56,72520,6055222,3,2012,111,41,"San Antonio Elementary",93023
"36400",56,72520,6055222,4,2012,111,83.5,"San Antonio Elementary",93023
"36401",56,72520,6055222,5,2012,111,90.3333333333333,"San Antonio Elementary",93023
"36402",56,72520,6055222,6,2012,111,80.5121951219512,"San Antonio Elementary",93023
"36403",56,72520,6055248,2,2012,31,48,"Topa Topa Elementary",93023
"36404",56,72520,6055248,2,2012,111,70,"Topa Topa Elementary",93023
"36405",56,72520,6055248,3,2012,31,43,"Topa Topa Elementary",93023
"36406",56,72520,6055248,3,2012,111,85.049504950495,"Topa Topa Elementary",93023
"36407",56,72520,6055248,4,2012,31,46,"Topa Topa Elementary",93023
"36408",56,72520,6055248,4,2012,111,89,"Topa Topa Elementary",93023
"36409",56,72520,6055248,5,2012,31,49.3333333333333,"Topa Topa Elementary",93023
"36410",56,72520,6055248,5,2012,111,71,"Topa Topa Elementary",93023
"36411",56,72520,6055248,6,2012,31,61.9818181818182,"Topa Topa Elementary",93023
"36412",56,72520,6055248,6,2012,111,90,"Topa Topa Elementary",93023
"36413",56,72538,6055263,2,2012,31,49,"Curren Elementary",93030
"36414",56,72538,6055263,3,2012,31,59.2717391304348,"Curren Elementary",93030
"36415",56,72538,6055263,4,2012,31,50.1,"Curren Elementary",93030
"36416",56,72538,6055263,5,2012,31,39.2382671480144,"Curren Elementary",93030
"36417",56,72538,6055263,6,2012,31,42,"Curren Elementary",93030
"36418",56,72538,6055271,2,2012,31,31.9829351535836,"Driffill Elementary",93030
"36419",56,72538,6055271,3,2012,31,33.1376146788991,"Driffill Elementary",93030
"36420",56,72538,6055271,4,2012,31,43.5,"Driffill Elementary",93030
"36421",56,72538,6055271,5,2012,31,37.7471264367816,"Driffill Elementary",93030
"36422",56,72538,6055271,6,2012,31,28.9903381642512,"Driffill Elementary",93030
"36423",56,72538,6055289,2,2012,31,33,"Elm Street Elementary",93033
"36424",56,72538,6055289,3,2012,31,38.0796019900498,"Elm Street Elementary",93033
"36425",56,72538,6055289,4,2012,31,65.0641025641026,"Elm Street Elementary",93033
"36426",56,72538,6055289,5,2012,31,45.8081180811808,"Elm Street Elementary",93033
"36427",56,72538,6055289,6,2012,31,39.0606060606061,"Elm Street Elementary",93033
"36428",56,72538,6055321,2,2012,31,26.5,"Cesar E. Chavez Elementary",93030
"36429",56,72538,6055321,3,2012,31,29.0359281437126,"Cesar E. Chavez Elementary",93030
"36430",56,72538,6055321,4,2012,31,35,"Cesar E. Chavez Elementary",93030
"36431",56,72538,6055321,5,2012,31,35.3333333333333,"Cesar E. Chavez Elementary",93030
"36432",56,72538,6055321,6,2012,31,29.4971751412429,"Cesar E. Chavez Elementary",93030
"36433",56,72538,6055362,2,2012,31,54,"Ramona Elementary",93030
"36434",56,72538,6055362,3,2012,31,32,"Ramona Elementary",93030
"36435",56,72538,6055362,4,2012,31,57,"Ramona Elementary",93030
"36436",56,72538,6055362,5,2012,31,21.6619718309859,"Ramona Elementary",93030
"36437",56,72538,6055362,6,2012,31,31.5,"Ramona Elementary",93030
"36438",56,72538,6055370,2,2012,31,27,"Rose Avenue Elementary",93030
"36439",56,72538,6055370,3,2012,31,31.5,"Rose Avenue Elementary",93030
"36440",56,72538,6055370,4,2012,31,42.5138121546961,"Rose Avenue Elementary",93030
"36441",56,72538,6055370,5,2012,31,28,"Rose Avenue Elementary",93030
"36442",56,72538,6055370,6,2012,31,47.5,"Rose Avenue Elementary",93030
"36443",56,72538,6110738,2,2012,31,26.5,"Emilie Ritchen Elementary",93030
"36444",56,72538,6110738,2,2012,111,62,"Emilie Ritchen Elementary",93030
"36445",56,72538,6110738,3,2012,31,32.5,"Emilie Ritchen Elementary",93030
"36446",56,72538,6110738,3,2012,111,47.5,"Emilie Ritchen Elementary",93030
"36447",56,72538,6110738,4,2012,31,42.5816993464052,"Emilie Ritchen Elementary",93030
"36448",56,72538,6110738,4,2012,111,52,"Emilie Ritchen Elementary",93030
"36449",56,72538,6110738,5,2012,31,40.3333333333333,"Emilie Ritchen Elementary",93030
"36450",56,72538,6110738,5,2012,111,62.6666666666667,"Emilie Ritchen Elementary",93030
"36451",56,72538,6110738,6,2012,31,46.5,"Emilie Ritchen Elementary",93030
"36452",56,72538,6110738,6,2012,111,62,"Emilie Ritchen Elementary",93030
"36453",56,72538,6114029,2,2012,31,50,"Norman R. Brekke Elementary",93030
"36454",56,72538,6114029,2,2012,111,65,"Norman R. Brekke Elementary",93030
"36455",56,72538,6114029,3,2012,31,45.5,"Norman R. Brekke Elementary",93030
"36456",56,72538,6114029,3,2012,111,71,"Norman R. Brekke Elementary",93030
"36457",56,72538,6114029,4,2012,31,66.5,"Norman R. Brekke Elementary",93030
"36458",56,72538,6114029,4,2012,111,57.5,"Norman R. Brekke Elementary",93030
"36459",56,72538,6114029,5,2012,31,45,"Norman R. Brekke Elementary",93030
"36460",56,72538,6114029,5,2012,111,70,"Norman R. Brekke Elementary",93030
"36461",56,72538,6114029,6,2012,31,49,"Norman R. Brekke Elementary",93030
"36462",56,72538,6114029,6,2012,111,71.463768115942,"Norman R. Brekke Elementary",93030
"36463",56,72546,5631742,9,2012,31,31.2790845518118,"Channel Islands High",93033
"36464",56,72546,5631742,9,2012,111,45.6565096952909,"Channel Islands High",93033
"36465",56,72546,5631742,10,2012,31,31.9408188082692,"Channel Islands High",93033
"36466",56,72546,5631742,10,2012,111,44.3346693386774,"Channel Islands High",93033
"36467",56,72546,5631742,11,2012,31,26.3613832853026,"Channel Islands High",93033
"36468",56,72546,5631742,11,2012,111,38.7276995305164,"Channel Islands High",93033
"36469",56,72546,5632849,9,2012,31,28.5778761061947,"Hueneme High",93033
"36470",56,72546,5632849,9,2012,111,43.0132743362832,"Hueneme High",93033
"36471",56,72546,5632849,10,2012,31,27.3686058174524,"Hueneme High",93033
"36472",56,72546,5632849,10,2012,111,47.6190476190476,"Hueneme High",93033
"36473",56,72546,5632849,11,2012,31,27.3688037012558,"Hueneme High",93033
"36474",56,72546,5632849,11,2012,111,44.3589743589744,"Hueneme High",93033
"36475",56,72546,5634548,9,2012,31,35.7114682249817,"Oxnard High",93036
"36476",56,72546,5634548,9,2012,111,54.2143727161998,"Oxnard High",93036
"36477",56,72546,5634548,10,2012,31,28.3603275705187,"Oxnard High",93036
"36478",56,72546,5634548,10,2012,111,53.172268907563,"Oxnard High",93036
"36479",56,72546,5634548,11,2012,31,31.5492125984252,"Oxnard High",93036
"36480",56,72546,5634548,11,2012,111,45.0131147540984,"Oxnard High",93036
"36481",56,72546,5634761,9,2012,31,29.2130937098845,"Rio Mesa High",93030
"36482",56,72546,5634761,9,2012,111,57.6746987951807,"Rio Mesa High",93030
"36483",56,72546,5634761,10,2012,31,32.2713347921225,"Rio Mesa High",93030
"36484",56,72546,5634761,10,2012,111,63.3941463414634,"Rio Mesa High",93030
"36485",56,72546,5634761,11,2012,31,27.660046728972,"Rio Mesa High",93030
"36486",56,72546,5634761,11,2012,111,58.5814814814815,"Rio Mesa High",93030
"36487",56,72553,101378,6,2012,31,51.8131868131868,"Las Colinas Middle",93012
"36488",56,72553,101378,6,2012,111,74.5,"Las Colinas Middle",93012
"36489",56,72553,101378,7,2012,31,71.5168539325843,"Las Colinas Middle",93012
"36490",56,72553,101378,7,2012,111,86.0320855614973,"Las Colinas Middle",93012
"36491",56,72553,101378,8,2012,31,45.1506849315069,"Las Colinas Middle",93012
"36492",56,72553,101378,8,2012,111,76.0255198487713,"Las Colinas Middle",93012
"36493",56,72553,110502,2,2012,31,40,"Rancho Rosal Elementary",93012
"36494",56,72553,110502,2,2012,111,78.5,"Rancho Rosal Elementary",93012
"36495",56,72553,110502,3,2012,31,35,"Rancho Rosal Elementary",93012
"36496",56,72553,110502,3,2012,111,79.5,"Rancho Rosal Elementary",93012
"36497",56,72553,110502,4,2012,31,58.6666666666667,"Rancho Rosal Elementary",93012
"36498",56,72553,110502,4,2012,111,88.4925373134328,"Rancho Rosal Elementary",93012
"36499",56,72553,110502,5,2012,31,46.4246575342466,"Rancho Rosal Elementary",93012
"36500",56,72553,110502,5,2012,111,85.2882352941176,"Rancho Rosal Elementary",93012
"36501",56,72553,6055404,2,2012,31,49,"Dos Caminos Elementary",93010
"36502",56,72553,6055404,2,2012,111,73.5,"Dos Caminos Elementary",93010
"36503",56,72553,6055404,3,2012,31,54.5,"Dos Caminos Elementary",93010
"36504",56,72553,6055404,3,2012,111,67.5,"Dos Caminos Elementary",93010
"36505",56,72553,6055404,4,2012,31,63.5,"Dos Caminos Elementary",93010
"36506",56,72553,6055404,4,2012,111,81.5,"Dos Caminos Elementary",93010
"36507",56,72553,6055404,5,2012,31,33.3333333333333,"Dos Caminos Elementary",93010
"36508",56,72553,6055404,5,2012,111,66.6304347826087,"Dos Caminos Elementary",93010
"36509",56,72553,6055438,2,2012,31,63.5,"Las Posas Elementary",93010
"36510",56,72553,6055438,2,2012,111,79.3731343283582,"Las Posas Elementary",93010
"36511",56,72553,6055438,3,2012,31,46,"Las Posas Elementary",93010
"36512",56,72553,6055438,3,2012,111,70,"Las Posas Elementary",93010
"36513",56,72553,6055438,4,2012,31,58,"Las Posas Elementary",93010
"36514",56,72553,6055438,4,2012,111,70.5,"Las Posas Elementary",93010
"36515",56,72553,6055438,5,2012,31,40.6666666666667,"Las Posas Elementary",93010
"36516",56,72553,6055438,5,2012,111,61.5504587155963,"Las Posas Elementary",93010
"36517",56,72553,6055461,6,2012,31,54.6492146596859,"Monte Vista Middle",93010
"36518",56,72553,6055461,6,2012,111,66,"Monte Vista Middle",93010
"36519",56,72553,6055461,7,2012,31,43.970297029703,"Monte Vista Middle",93010
"36520",56,72553,6055461,7,2012,111,73.8895899053628,"Monte Vista Middle",93010
"36521",56,72553,6055461,8,2012,31,42.4468664850136,"Monte Vista Middle",93010
"36522",56,72553,6055461,8,2012,111,67.6194926568758,"Monte Vista Middle",93010
"36523",56,72553,6112171,2,2012,31,44.5,"Tierra Linda Elementary",93012
"36524",56,72553,6112171,2,2012,111,80,"Tierra Linda Elementary",93012
"36525",56,72553,6112171,3,2012,31,68,"Tierra Linda Elementary",93012
"36526",56,72553,6112171,3,2012,111,75.5,"Tierra Linda Elementary",93012
"36527",56,72553,6112171,4,2012,31,81,"Tierra Linda Elementary",93012
"36528",56,72553,6112171,4,2012,111,88.4924242424242,"Tierra Linda Elementary",93012
"36529",56,72553,6112171,5,2012,31,70.6666666666667,"Tierra Linda Elementary",93012
"36530",56,72553,6112171,5,2012,111,87.3333333333333,"Tierra Linda Elementary",93012
"36531",56,72553,6120117,2,2012,31,73,"La Mariposa",93012
"36532",56,72553,6120117,2,2012,111,81,"La Mariposa",93012
"36533",56,72553,6120117,3,2012,111,73,"La Mariposa",93012
"36534",56,72553,6120117,4,2012,31,68.5,"La Mariposa",93012
"36535",56,72553,6120117,4,2012,111,91.4929577464789,"La Mariposa",93012
"36536",56,72553,6120117,5,2012,111,92.0033783783784,"La Mariposa",93012
"36537",56,72561,112631,2,2012,31,45.5,"Rio Del Mar",93036
"36538",56,72561,112631,2,2012,111,55,"Rio Del Mar",93036
"36539",56,72561,112631,3,2012,31,40,"Rio Del Mar",93036
"36540",56,72561,112631,3,2012,111,70.5,"Rio Del Mar",93036
"36541",56,72561,112631,4,2012,31,53,"Rio Del Mar",93036
"36542",56,72561,112631,4,2012,111,79,"Rio Del Mar",93036
"36543",56,72561,112631,5,2012,31,55.6666666666667,"Rio Del Mar",93036
"36544",56,72561,112631,5,2012,111,82,"Rio Del Mar",93036
"36545",56,72561,113977,6,2012,31,30.9774011299435,"Rio Vista Middle",93036
"36546",56,72561,113977,6,2012,111,52.9747899159664,"Rio Vista Middle",93036
"36547",56,72561,113977,7,2012,31,30.4956011730205,"Rio Vista Middle",93036
"36548",56,72561,113977,7,2012,111,53.5547445255474,"Rio Vista Middle",93036
"36549",56,72561,113977,8,2012,31,44.4216133942161,"Rio Vista Middle",93036
"36550",56,72561,113977,8,2012,111,58.4880952380952,"Rio Vista Middle",93036
"36551",56,72561,6055495,6,2012,31,36.956043956044,"Rio del Valle Middle",93036
"36552",56,72561,6055495,7,2012,31,45.5217391304348,"Rio del Valle Middle",93036
"36553",56,72561,6055495,8,2012,31,35.2588614393126,"Rio del Valle Middle",93036
"36554",56,72561,6055503,2,2012,31,26,"Rio Lindo Elementary",93036
"36555",56,72561,6055503,2,2012,111,47,"Rio Lindo Elementary",93036
"36556",56,72561,6055503,3,2012,31,34.0743801652893,"Rio Lindo Elementary",93036
"36557",56,72561,6055503,3,2012,111,45,"Rio Lindo Elementary",93036
"36558",56,72561,6055503,4,2012,31,48,"Rio Lindo Elementary",93036
"36559",56,72561,6055503,4,2012,111,67.5,"Rio Lindo Elementary",93036
"36560",56,72561,6055503,5,2012,31,36.3544303797468,"Rio Lindo Elementary",93036
"36561",56,72561,6055503,5,2012,111,72,"Rio Lindo Elementary",93036
"36562",56,72561,6055511,2,2012,31,44.4716981132075,"Rio Plaza Elementary",93036
"36563",56,72561,6055511,3,2012,31,42.5,"Rio Plaza Elementary",93036
"36564",56,72561,6055511,4,2012,31,50.5314285714286,"Rio Plaza Elementary",93036
"36565",56,72561,6055511,5,2012,31,38.048309178744,"Rio Plaza Elementary",93036
"36566",56,72561,6055529,2,2012,31,28.5,"Rio Real Elementary",93036
"36567",56,72561,6055529,3,2012,31,34.5,"Rio Real Elementary",93036
"36568",56,72561,6055529,4,2012,31,49,"Rio Real Elementary",93036
"36569",56,72561,6055529,5,2012,31,33.6666666666667,"Rio Real Elementary",93036
"36570",56,72561,6119242,2,2012,31,35,"Rio del Norte",93036
"36571",56,72561,6119242,2,2012,111,71,"Rio del Norte",93036
"36572",56,72561,6119242,3,2012,31,41.5748031496063,"Rio del Norte",93036
"36573",56,72561,6119242,3,2012,111,39,"Rio del Norte",93036
"36574",56,72561,6119242,4,2012,31,39.9473684210526,"Rio del Norte",93036
"36575",56,72561,6119242,4,2012,111,41,"Rio del Norte",93036
"36576",56,72561,6119242,5,2012,31,38.6568047337278,"Rio del Norte",93036
"36577",56,72561,6119242,5,2012,111,52.3333333333333,"Rio del Norte",93036
"36578",56,72587,6055552,2,2012,31,42.5,"Blanchard Elementary",93060
"36579",56,72587,6055552,3,2012,31,26.8888888888889,"Blanchard Elementary",93060
"36580",56,72587,6055552,4,2012,31,58,"Blanchard Elementary",93060
"36581",56,72587,6055552,5,2012,31,63.3333333333333,"Blanchard Elementary",93060
"36582",56,72587,6055578,2,2012,31,50,"Glen City Elementary",93060
"36583",56,72587,6055578,3,2012,31,41,"Glen City Elementary",93060
"36584",56,72587,6055578,4,2012,31,68.6378378378378,"Glen City Elementary",93060
"36585",56,72587,6055578,5,2012,31,45.6928571428571,"Glen City Elementary",93060
"36586",56,72587,6055594,6,2012,31,48.9848024316109,"Isbell Middle",93060
"36587",56,72587,6055594,7,2012,31,45.0104529616725,"Isbell Middle",93060
"36588",56,72587,6055594,8,2012,31,48.927446954141,"Isbell Middle",93060
"36589",56,72587,6055602,2,2012,31,58,"McKevett Elementary",93060
"36590",56,72587,6055602,3,2012,31,55.5,"McKevett Elementary",93060
"36591",56,72587,6055602,4,2012,31,81.009009009009,"McKevett Elementary",93060
"36592",56,72587,6055602,5,2012,31,61.3351955307263,"McKevett Elementary",93060
"36593",56,72595,5635776,9,2012,31,34.0657769304099,"Santa Paula High",93060
"36594",56,72595,5635776,9,2012,111,50.5760368663594,"Santa Paula High",93060
"36595",56,72595,5635776,10,2012,31,37.0389221556886,"Santa Paula High",93060
"36596",56,72595,5635776,10,2012,111,51.9903846153846,"Santa Paula High",93060
"36597",56,72595,5635776,11,2012,31,37.7402945113788,"Santa Paula High",93060
"36598",56,72595,5635776,11,2012,111,48.3349282296651,"Santa Paula High",93060
"36599",56,72603,5630249,9,2012,111,61.2272727272727,"Monte Vista",93065
"36600",56,72603,5630249,10,2012,31,23,"Monte Vista",93065
"36601",56,72603,5630249,10,2012,111,29,"Monte Vista",93065
"36602",56,72603,5630249,11,2012,111,41.741935483871,"Monte Vista",93065
"36603",56,72603,5630322,9,2012,31,52.9384615384615,"Santa Susana High",93063
"36604",56,72603,5630322,9,2012,111,73.5050946142649,"Santa Susana High",93063
"36605",56,72603,5630322,10,2012,31,67.037558685446,"Santa Susana High",93063
"36606",56,72603,5630322,10,2012,111,76.8536209553159,"Santa Susana High",93063
"36607",56,72603,5630322,11,2012,31,43.2594142259414,"Santa Susana High",93063
"36608",56,72603,5630322,11,2012,111,59.2358175750834,"Santa Susana High",93063
"36609",56,72603,5635008,9,2012,31,36.6102362204724,"Royal High",93065
"36610",56,72603,5635008,9,2012,111,61.4359223300971,"Royal High",93065
"36611",56,72603,5635008,10,2012,31,31.2714617169374,"Royal High",93065
"36612",56,72603,5635008,10,2012,111,53.8072847682119,"Royal High",93065
"36613",56,72603,5635008,11,2012,31,33.3747454175153,"Royal High",93065
"36614",56,72603,5635008,11,2012,111,49.929614873838,"Royal High",93065
"36615",56,72603,5636188,9,2012,31,39.7911832946636,"Simi Valley High",93063
"36616",56,72603,5636188,9,2012,111,62.4319248826291,"Simi Valley High",93063
"36617",56,72603,5636188,10,2012,31,43.0833333333333,"Simi Valley High",93063
"36618",56,72603,5636188,10,2012,111,61.4010294805803,"Simi Valley High",93063
"36619",56,72603,5636188,11,2012,31,44.3962848297214,"Simi Valley High",93063
"36620",56,72603,5636188,11,2012,111,57.8875291375291,"Simi Valley High",93063
"36621",56,72603,6055636,2,2012,31,50,"Arroyo Elementary",93065
"36622",56,72603,6055636,2,2012,111,75,"Arroyo Elementary",93065
"36623",56,72603,6055636,3,2012,31,55.1290322580645,"Arroyo Elementary",93065
"36624",56,72603,6055636,3,2012,111,77.5,"Arroyo Elementary",93065
"36625",56,72603,6055636,4,2012,31,62.027027027027,"Arroyo Elementary",93065
"36626",56,72603,6055636,4,2012,111,84,"Arroyo Elementary",93065
"36627",56,72603,6055636,5,2012,31,62.3734939759036,"Arroyo Elementary",93065
"36628",56,72603,6055636,5,2012,111,69.0689655172414,"Arroyo Elementary",93065
"36629",56,72603,6055651,2,2012,31,59.5,"Berylwood Elementary",93065
"36630",56,72603,6055651,3,2012,31,49,"Berylwood Elementary",93065
"36631",56,72603,6055651,4,2012,31,55.5,"Berylwood Elementary",93065
"36632",56,72603,6055651,5,2012,31,32.3098591549296,"Berylwood Elementary",93065
"36633",56,72603,6055651,6,2012,31,36.5,"Berylwood Elementary",93065
"36634",56,72603,6055669,2,2012,31,71,"Big Springs Elementary",93063
"36635",56,72603,6055669,2,2012,111,83,"Big Springs Elementary",93063
"36636",56,72603,6055669,3,2012,31,80.2,"Big Springs Elementary",93063
"36637",56,72603,6055669,3,2012,111,87.0431654676259,"Big Springs Elementary",93063
"36638",56,72603,6055669,4,2012,31,83,"Big Springs Elementary",93063
"36639",56,72603,6055669,4,2012,111,92.0382165605096,"Big Springs Elementary",93063
"36640",56,72603,6055669,5,2012,31,72.2093023255814,"Big Springs Elementary",93063
"36641",56,72603,6055669,5,2012,111,79.6666666666667,"Big Springs Elementary",93063
"36642",56,72603,6055669,6,2012,31,81.4444444444444,"Big Springs Elementary",93063
"36643",56,72603,6055669,6,2012,111,91.4967741935484,"Big Springs Elementary",93063
"36644",56,72603,6055685,2,2012,31,36.5,"Crestview Elementary",93065
"36645",56,72603,6055685,2,2012,111,56,"Crestview Elementary",93065
"36646",56,72603,6055685,3,2012,31,48,"Crestview Elementary",93065
"36647",56,72603,6055685,3,2012,111,51,"Crestview Elementary",93065
"36648",56,72603,6055685,4,2012,31,66.5,"Crestview Elementary",93065
"36649",56,72603,6055685,4,2012,111,75.4057971014493,"Crestview Elementary",93065
"36650",56,72603,6055685,5,2012,31,56.3106796116505,"Crestview Elementary",93065
"36651",56,72603,6055685,5,2012,111,68,"Crestview Elementary",93065
"36652",56,72603,6055685,6,2012,31,44.4230769230769,"Crestview Elementary",93065
"36653",56,72603,6055685,6,2012,111,65,"Crestview Elementary",93065
"36654",56,72603,6055693,2,2012,31,52,"Garden Grove Elementary",93063
"36655",56,72603,6055693,2,2012,111,71.5,"Garden Grove Elementary",93063
"36656",56,72603,6055693,3,2012,31,55,"Garden Grove Elementary",93063
"36657",56,72603,6055693,3,2012,111,71,"Garden Grove Elementary",93063
"36658",56,72603,6055693,4,2012,31,74.1538461538462,"Garden Grove Elementary",93063
"36659",56,72603,6055693,4,2012,111,78.041095890411,"Garden Grove Elementary",93063
"36660",56,72603,6055693,5,2012,31,70,"Garden Grove Elementary",93063
"36661",56,72603,6055693,5,2012,111,71.3333333333333,"Garden Grove Elementary",93063
"36662",56,72603,6055693,6,2012,31,57.5,"Garden Grove Elementary",93063
"36663",56,72603,6055693,6,2012,111,57,"Garden Grove Elementary",93063
"36664",56,72603,6055701,2,2012,111,84,"Hollow Hills Elementary",93065
"36665",56,72603,6055701,3,2012,31,47,"Hollow Hills Elementary",93065
"36666",56,72603,6055701,3,2012,111,85,"Hollow Hills Elementary",93065
"36667",56,72603,6055701,4,2012,31,85,"Hollow Hills Elementary",93065
"36668",56,72603,6055701,4,2012,111,90,"Hollow Hills Elementary",93065
"36669",56,72603,6055701,5,2012,111,85.6666666666667,"Hollow Hills Elementary",93065
"36670",56,72603,6055701,6,2012,31,83.1379310344828,"Hollow Hills Elementary",93065
"36671",56,72603,6055701,6,2012,111,72.5,"Hollow Hills Elementary",93065
"36672",56,72603,6055719,2,2012,31,55.5,"Katherine Elementary",93063
"36673",56,72603,6055719,2,2012,111,71,"Katherine Elementary",93063
"36674",56,72603,6055719,3,2012,31,65,"Katherine Elementary",93063
"36675",56,72603,6055719,3,2012,111,61.4698795180723,"Katherine Elementary",93063
"36676",56,72603,6055719,4,2012,31,70,"Katherine Elementary",93063
"36677",56,72603,6055719,4,2012,111,84.4166666666667,"Katherine Elementary",93063
"36678",56,72603,6055719,5,2012,31,47.3333333333333,"Katherine Elementary",93063
"36679",56,72603,6055719,5,2012,111,77.6293706293706,"Katherine Elementary",93063
"36680",56,72603,6055719,6,2012,31,48,"Katherine Elementary",93063
"36681",56,72603,6055719,6,2012,111,76,"Katherine Elementary",93063
"36682",56,72603,6055727,2,2012,31,64.5,"Knolls Elementary",93063
"36683",56,72603,6055727,2,2012,111,74.5,"Knolls Elementary",93063
"36684",56,72603,6055727,3,2012,31,26.5,"Knolls Elementary",93063
"36685",56,72603,6055727,3,2012,111,72,"Knolls Elementary",93063
"36686",56,72603,6055727,4,2012,31,75,"Knolls Elementary",93063
"36687",56,72603,6055727,4,2012,111,80,"Knolls Elementary",93063
"36688",56,72603,6055727,5,2012,31,64.6764705882353,"Knolls Elementary",93063
"36689",56,72603,6055727,5,2012,111,73.6666666666667,"Knolls Elementary",93063
"36690",56,72603,6055727,6,2012,31,57.5,"Knolls Elementary",93063
"36691",56,72603,6055727,6,2012,111,71.5,"Knolls Elementary",93063
"36692",56,72603,6055743,2,2012,31,59.5,"Madera Elementary",93065
"36693",56,72603,6055743,2,2012,111,73.5,"Madera Elementary",93065
"36694",56,72603,6055743,3,2012,31,55.5,"Madera Elementary",93065
"36695",56,72603,6055743,3,2012,111,65.5488721804511,"Madera Elementary",93065
"36696",56,72603,6055743,4,2012,111,95,"Madera Elementary",93065
"36697",56,72603,6055743,5,2012,31,64.1025641025641,"Madera Elementary",93065
"36698",56,72603,6055743,5,2012,111,75.6771653543307,"Madera Elementary",93065
"36699",56,72603,6055743,6,2012,111,50.5,"Madera Elementary",93065
"36700",56,72603,6055750,2,2012,31,50,"Mountain View Elementary",93065
"36701",56,72603,6055750,2,2012,111,73.5,"Mountain View Elementary",93065
"36702",56,72603,6055750,3,2012,31,51.72,"Mountain View Elementary",93065
"36703",56,72603,6055750,3,2012,111,62,"Mountain View Elementary",93065
"36704",56,72603,6055750,5,2012,31,50,"Mountain View Elementary",93065
"36705",56,72603,6055750,5,2012,111,97.6666666666667,"Mountain View Elementary",93065
"36706",56,72603,6055768,2,2012,31,41.5,"Park View Elementary",93065
"36707",56,72603,6055768,3,2012,31,28.2535211267606,"Park View Elementary",93065
"36708",56,72603,6055768,4,2012,31,62.5,"Park View Elementary",93065
"36709",56,72603,6055768,5,2012,31,50.6666666666667,"Park View Elementary",93065
"36710",56,72603,6055768,6,2012,31,44.936170212766,"Park View Elementary",93065
"36711",56,72603,6055776,2,2012,31,57.5,"Santa Susana Elementary",93063
"36712",56,72603,6055776,3,2012,31,53.4193548387097,"Santa Susana Elementary",93063
"36713",56,72603,6055776,4,2012,31,84,"Santa Susana Elementary",93063
"36714",56,72603,6055776,5,2012,31,70,"Santa Susana Elementary",93063
"36715",56,72603,6055776,5,2012,111,94.3333333333333,"Santa Susana Elementary",93063
"36716",56,72603,6055792,2,2012,31,69,"Sycamore Elementary",93065
"36717",56,72603,6055792,2,2012,111,79,"Sycamore Elementary",93065
"36718",56,72603,6055792,3,2012,31,41.9677419354839,"Sycamore Elementary",93065
"36719",56,72603,6055792,3,2012,111,88.5,"Sycamore Elementary",93065
"36720",56,72603,6055792,4,2012,31,88,"Sycamore Elementary",93065
"36721",56,72603,6055792,4,2012,111,92.5,"Sycamore Elementary",93065
"36722",56,72603,6055792,5,2012,31,69.9811320754717,"Sycamore Elementary",93065
"36723",56,72603,6055792,5,2012,111,84,"Sycamore Elementary",93065
"36724",56,72603,6055800,2,2012,31,42.5,"Township Elementary",93063
"36725",56,72603,6055800,2,2012,111,74,"Township Elementary",93063
"36726",56,72603,6055800,3,2012,31,52.12,"Township Elementary",93063
"36727",56,72603,6055800,3,2012,111,77.5326086956522,"Township Elementary",93063
"36728",56,72603,6055800,4,2012,31,70.5,"Township Elementary",93063
"36729",56,72603,6055800,4,2012,111,76.4503816793893,"Township Elementary",93063
"36730",56,72603,6055800,5,2012,31,65.6666666666667,"Township Elementary",93063
"36731",56,72603,6055800,5,2012,111,82.9754601226994,"Township Elementary",93063
"36732",56,72603,6055800,6,2012,31,82.5,"Township Elementary",93063
"36733",56,72603,6055800,6,2012,111,80.5671641791045,"Township Elementary",93063
"36734",56,72603,6055818,2,2012,111,89.5,"Vista Elementary",93065
"36735",56,72603,6055818,3,2012,31,73,"Vista Elementary",93065
"36736",56,72603,6055818,3,2012,111,85.5222929936306,"Vista Elementary",93065
"36737",56,72603,6055818,4,2012,31,100,"Vista Elementary",93065
"36738",56,72603,6055818,4,2012,111,96.9939393939394,"Vista Elementary",93065
"36739",56,72603,6055818,5,2012,111,91.9961832061069,"Vista Elementary",93065
"36740",56,72603,6055818,6,2012,111,96.5,"Vista Elementary",93065
"36741",56,72603,6060354,6,2012,31,57,"Sinaloa Middle",93065
"36742",56,72603,6060354,6,2012,111,78.981684981685,"Sinaloa Middle",93065
"36743",56,72603,6060354,7,2012,31,47.0640569395018,"Sinaloa Middle",93065
"36744",56,72603,6060354,7,2012,111,75.4810810810811,"Sinaloa Middle",93065
"36745",56,72603,6060354,8,2012,31,42.6131528046422,"Sinaloa Middle",93065
"36746",56,72603,6060354,8,2012,111,70.0324909747292,"Sinaloa Middle",93065
"36747",56,72603,6060362,6,2012,31,62,"Valley View Middle",93063
"36748",56,72603,6060362,6,2012,111,75,"Valley View Middle",93063
"36749",56,72603,6060362,7,2012,31,48.7211538461538,"Valley View Middle",93063
"36750",56,72603,6060362,7,2012,111,67.6115196078431,"Valley View Middle",93063
"36751",56,72603,6060362,8,2012,31,51.2503681885125,"Valley View Middle",93063
"36752",56,72603,6060362,8,2012,111,78.1703703703704,"Valley View Middle",93063
"36753",56,72603,6067292,2,2012,31,67.5,"White Oak Elementary",93063
"36754",56,72603,6067292,2,2012,111,79,"White Oak Elementary",93063
"36755",56,72603,6067292,3,2012,31,52,"White Oak Elementary",93063
"36756",56,72603,6067292,3,2012,111,75.0751879699248,"White Oak Elementary",93063
"36757",56,72603,6067292,4,2012,31,45,"White Oak Elementary",93063
"36758",56,72603,6067292,4,2012,111,80.8709677419355,"White Oak Elementary",93063
"36759",56,72603,6067292,5,2012,31,52.6666666666667,"White Oak Elementary",93063
"36760",56,72603,6067292,5,2012,111,77.6666666666667,"White Oak Elementary",93063
"36761",56,72603,6067292,6,2012,31,75,"White Oak Elementary",93063
"36762",56,72603,6067292,6,2012,111,79.0776699029126,"White Oak Elementary",93063
"36763",56,72603,6084917,2,2012,31,73,"Atherwood Elementary",93065
"36764",56,72603,6084917,2,2012,111,81,"Atherwood Elementary",93065
"36765",56,72603,6084917,3,2012,31,45,"Atherwood Elementary",93065
"36766",56,72603,6084917,3,2012,111,85,"Atherwood Elementary",93065
"36767",56,72603,6084917,4,2012,31,84.5,"Atherwood Elementary",93065
"36768",56,72603,6084917,4,2012,111,94.503937007874,"Atherwood Elementary",93065
"36769",56,72603,6084917,5,2012,31,61.3269230769231,"Atherwood Elementary",93065
"36770",56,72603,6084917,5,2012,111,90,"Atherwood Elementary",93065
"36771",56,72603,6084917,6,2012,31,64,"Atherwood Elementary",93065
"36772",56,72603,6084917,6,2012,111,74.5,"Atherwood Elementary",93065
"36773",56,72603,6084925,6,2012,31,45,"Hillside Middle",93065
"36774",56,72603,6084925,6,2012,111,74,"Hillside Middle",93065
"36775",56,72603,6084925,7,2012,31,44.6174698795181,"Hillside Middle",93065
"36776",56,72603,6084925,7,2012,111,65.6978021978022,"Hillside Middle",93065
"36777",56,72603,6084925,8,2012,31,54.546511627907,"Hillside Middle",93065
"36778",56,72603,6084925,8,2012,111,71.2378516624041,"Hillside Middle",93065
"36779",56,72603,6115653,2,2012,111,77.5,"Wood Ranch Elementary",93065
"36780",56,72603,6115653,3,2012,111,84,"Wood Ranch Elementary",93065
"36781",56,72603,6115653,4,2012,111,88.969696969697,"Wood Ranch Elementary",93065
"36782",56,72603,6115653,5,2012,111,82.6280991735537,"Wood Ranch Elementary",93065
"36783",56,72603,6115653,6,2012,111,90.4193548387097,"Wood Ranch Elementary",93065
"36784",56,72611,6055834,2,2012,31,23.5,"Somis Elementary",93066
"36785",56,72611,6055834,3,2012,31,37,"Somis Elementary",93066
"36786",56,72611,6055834,4,2012,31,43.76,"Somis Elementary",93066
"36787",56,72611,6055834,5,2012,31,50.3333333333333,"Somis Elementary",93066
"36788",56,72611,6055834,5,2012,111,83.3333333333333,"Somis Elementary",93066
"36789",56,72611,6055834,6,2012,31,45,"Somis Elementary",93066
"36790",56,72611,6055834,6,2012,111,56.5,"Somis Elementary",93066
"36791",56,72611,6055834,7,2012,31,60.6363636363636,"Somis Elementary",93066
"36792",56,72611,6055834,7,2012,111,51.4814814814815,"Somis Elementary",93066
"36793",56,72611,6055834,8,2012,31,46.3275862068966,"Somis Elementary",93066
"36794",56,72611,6055834,8,2012,111,36.8666666666667,"Somis Elementary",93066
"36795",56,72652,5630272,11,2012,31,6.50955414012739,"Pacific High",93003
"36796",56,72652,5630298,9,2012,111,71.8702290076336,"El Camino High",93023
"36797",56,72652,5630298,10,2012,111,64.0110294117647,"El Camino High",93023
"36798",56,72652,5630298,11,2012,31,56.5,"El Camino High",93023
"36799",56,72652,5630298,11,2012,111,62.6704545454545,"El Camino High",93023
"36800",56,72652,5630348,9,2012,31,66.9081081081081,"Foothill Technology High",93003
"36801",56,72652,5630348,9,2012,111,84.5770547945205,"Foothill Technology High",93003
"36802",56,72652,5630348,10,2012,31,54.0836501901141,"Foothill Technology High",93003
"36803",56,72652,5630348,10,2012,111,75.7641418983701,"Foothill Technology High",93003
"36804",56,72652,5630348,11,2012,31,58.4784482758621,"Foothill Technology High",93003
"36805",56,72652,5630348,11,2012,111,77.7479674796748,"Foothill Technology High",93003
"36806",56,72652,5630793,9,2012,31,38.2065040650406,"Buena High",93003
"36807",56,72652,5630793,9,2012,111,64.6440049443758,"Buena High",93003
"36808",56,72652,5630793,10,2012,31,36.2841691248771,"Buena High",93003
"36809",56,72652,5630793,10,2012,111,50.9509803921569,"Buena High",93003
"36810",56,72652,5630793,11,2012,31,37.2542372881356,"Buena High",93003
"36811",56,72652,5630793,11,2012,111,54.8594024604569,"Buena High",93003
"36812",56,72652,5637822,9,2012,31,44.4316353887399,"Ventura High",93001
"36813",56,72652,5637822,9,2012,111,71.5793103448276,"Ventura High",93001
"36814",56,72652,5637822,10,2012,31,30.9853539462978,"Ventura High",93001
"36815",56,72652,5637822,10,2012,111,62.1830769230769,"Ventura High",93001
"36816",56,72652,5637822,11,2012,31,31.36375,"Ventura High",93001
"36817",56,72652,5637822,11,2012,111,57.7665952890792,"Ventura High",93001
"36818",56,72652,6056030,2,2012,31,62.5,"Sunset Elementary",93022
"36819",56,72652,6056030,3,2012,31,42.5,"Sunset Elementary",93022
"36820",56,72652,6056030,3,2012,111,79.5,"Sunset Elementary",93022
"36821",56,72652,6056030,4,2012,31,34,"Sunset Elementary",93022
"36822",56,72652,6056030,4,2012,111,60.5,"Sunset Elementary",93022
"36823",56,72652,6056030,5,2012,31,42.1969696969697,"Sunset Elementary",93022
"36824",56,72652,6056030,6,2012,31,54.5428571428571,"Sunset Elementary",93022
"36825",56,72652,6056030,7,2012,31,39.5,"Sunset Elementary",93022
"36826",56,72652,6056030,8,2012,31,64.3333333333333,"Sunset Elementary",93022
"36827",56,72652,6056063,2,2012,31,36.5549132947977,"E. P. Foster Elementary",93001
"36828",56,72652,6056063,3,2012,31,27.955223880597,"E. P. Foster Elementary",93001
"36829",56,72652,6056063,4,2012,31,47.0372670807453,"E. P. Foster Elementary",93001
"36830",56,72652,6056063,5,2012,31,56.0876494023904,"E. P. Foster Elementary",93001
"36831",56,72652,6056089,2,2012,31,42,"Elmhurst Elementary",93003
"36832",56,72652,6056089,2,2012,111,71.5,"Elmhurst Elementary",93003
"36833",56,72652,6056089,3,2012,31,50.1234567901235,"Elmhurst Elementary",93003
"36834",56,72652,6056089,3,2012,111,66.5,"Elmhurst Elementary",93003
"36835",56,72652,6056089,4,2012,31,58,"Elmhurst Elementary",93003
"36836",56,72652,6056089,4,2012,111,89,"Elmhurst Elementary",93003
"36837",56,72652,6056089,5,2012,31,46,"Elmhurst Elementary",93003
"36838",56,72652,6056089,5,2012,111,69.6603773584906,"Elmhurst Elementary",93003
"36839",56,72652,6056097,2,2012,31,38.5,"Juanamaria Elementary",93004
"36840",56,72652,6056097,2,2012,111,86,"Juanamaria Elementary",93004
"36841",56,72652,6056097,3,2012,31,59,"Juanamaria Elementary",93004
"36842",56,72652,6056097,3,2012,111,85.5,"Juanamaria Elementary",93004
"36843",56,72652,6056097,4,2012,31,66,"Juanamaria Elementary",93004
"36844",56,72652,6056097,4,2012,111,94,"Juanamaria Elementary",93004
"36845",56,72652,6056097,5,2012,31,55.8736842105263,"Juanamaria Elementary",93004
"36846",56,72652,6056097,5,2012,111,80.3333333333333,"Juanamaria Elementary",93004
"36847",56,72652,6056105,2,2012,31,48.5,"Junipero Serra Elementary",93004
"36848",56,72652,6056105,2,2012,111,69,"Junipero Serra Elementary",93004
"36849",56,72652,6056105,3,2012,31,43,"Junipero Serra Elementary",93004
"36850",56,72652,6056105,3,2012,111,68,"Junipero Serra Elementary",93004
"36851",56,72652,6056105,4,2012,31,76.5166666666667,"Junipero Serra Elementary",93004
"36852",56,72652,6056105,4,2012,111,91,"Junipero Serra Elementary",93004
"36853",56,72652,6056105,5,2012,31,68.4059405940594,"Junipero Serra Elementary",93004
"36854",56,72652,6056105,5,2012,111,92.3333333333333,"Junipero Serra Elementary",93004
"36855",56,72652,6056113,2,2012,31,36.5,"Lincoln Elementary",93001
"36856",56,72652,6056113,2,2012,111,75,"Lincoln Elementary",93001
"36857",56,72652,6056113,3,2012,31,46.5,"Lincoln Elementary",93001
"36858",56,72652,6056113,3,2012,111,64,"Lincoln Elementary",93001
"36859",56,72652,6056113,4,2012,31,66,"Lincoln Elementary",93001
"36860",56,72652,6056113,4,2012,111,88,"Lincoln Elementary",93001
"36861",56,72652,6056113,5,2012,31,54,"Lincoln Elementary",93001
"36862",56,72652,6056113,5,2012,111,85.3333333333333,"Lincoln Elementary",93001
"36863",56,72652,6056121,2,2012,31,64,"Loma Vista Elementary",93003
"36864",56,72652,6056121,2,2012,111,80.5,"Loma Vista Elementary",93003
"36865",56,72652,6056121,3,2012,31,20.5,"Loma Vista Elementary",93003
"36866",56,72652,6056121,3,2012,111,67,"Loma Vista Elementary",93003
"36867",56,72652,6056121,4,2012,31,51.4516129032258,"Loma Vista Elementary",93003
"36868",56,72652,6056121,4,2012,111,86,"Loma Vista Elementary",93003
"36869",56,72652,6056121,5,2012,111,70.8870967741936,"Loma Vista Elementary",93003
"36870",56,72652,6056147,2,2012,31,50,"Montalvo Elementary",93003
"36871",56,72652,6056147,3,2012,31,39.5984251968504,"Montalvo Elementary",93003
"36872",56,72652,6056147,4,2012,31,66.5,"Montalvo Elementary",93003
"36873",56,72652,6056147,5,2012,31,53,"Montalvo Elementary",93003
"36874",56,72652,6056154,2,2012,111,91,"Mound Elementary",93003
"36875",56,72652,6056154,3,2012,111,86.5,"Mound Elementary",93003
"36876",56,72652,6056154,4,2012,111,96,"Mound Elementary",93003
"36877",56,72652,6056154,5,2012,111,84.3333333333333,"Mound Elementary",93003
"36878",56,72652,6056170,2,2012,111,85,"Pierpont Elementary",93001
"36879",56,72652,6056170,3,2012,31,53.5,"Pierpont Elementary",93001
"36880",56,72652,6056170,3,2012,111,75,"Pierpont Elementary",93001
"36881",56,72652,6056170,4,2012,111,83.5,"Pierpont Elementary",93001
"36882",56,72652,6056170,5,2012,31,68.3333333333333,"Pierpont Elementary",93001
"36883",56,72652,6056170,5,2012,111,88.3653846153846,"Pierpont Elementary",93001
"36884",56,72652,6056188,2,2012,31,54,"Poinsettia Elementary",93003
"36885",56,72652,6056188,2,2012,111,82,"Poinsettia Elementary",93003
"36886",56,72652,6056188,3,2012,111,81.0254777070064,"Poinsettia Elementary",93003
"36887",56,72652,6056188,4,2012,31,63.7272727272727,"Poinsettia Elementary",93003
"36888",56,72652,6056188,4,2012,111,83.4842767295598,"Poinsettia Elementary",93003
"36889",56,72652,6056188,5,2012,31,64.0869565217391,"Poinsettia Elementary",93003
"36890",56,72652,6056188,5,2012,111,93,"Poinsettia Elementary",93003
"36891",56,72652,6056212,2,2012,31,17.5,"Sheridan Way Elementary",93001
"36892",56,72652,6056212,3,2012,31,18.5,"Sheridan Way Elementary",93001
"36893",56,72652,6056212,4,2012,31,40.5,"Sheridan Way Elementary",93001
"36894",56,72652,6056212,5,2012,31,32.3318777292576,"Sheridan Way Elementary",93001
"36895",56,72652,6056238,2,2012,31,57,"Will Rogers Elementary",93003
"36896",56,72652,6056238,3,2012,31,43.6893203883495,"Will Rogers Elementary",93003
"36897",56,72652,6056238,4,2012,31,39.3177570093458,"Will Rogers Elementary",93003
"36898",56,72652,6056238,5,2012,31,59.6666666666667,"Will Rogers Elementary",93003
"36899",56,72652,6060370,6,2012,31,45,"Balboa Middle",93003
"36900",56,72652,6060370,6,2012,111,75.5,"Balboa Middle",93003
"36901",56,72652,6060370,7,2012,31,49,"Balboa Middle",93003
"36902",56,72652,6060370,7,2012,111,78.0189573459716,"Balboa Middle",93003
"36903",56,72652,6060370,8,2012,31,47.1959378733572,"Balboa Middle",93003
"36904",56,72652,6060370,8,2012,111,75.1909090909091,"Balboa Middle",93003
"36905",56,72652,6060388,6,2012,31,53.5023474178404,"Cabrillo Middle",93001
"36906",56,72652,6060388,6,2012,111,82.5,"Cabrillo Middle",93001
"36907",56,72652,6060388,7,2012,31,47,"Cabrillo Middle",93001
"36908",56,72652,6060388,7,2012,111,78.5546218487395,"Cabrillo Middle",93001
"36909",56,72652,6060388,8,2012,31,55.326352530541,"Cabrillo Middle",93001
"36910",56,72652,6060388,8,2012,111,81.6704545454545,"Cabrillo Middle",93001
"36911",56,72652,6062145,6,2012,31,37.4911660777385,"Anacapa Middle",93003
"36912",56,72652,6062145,6,2012,111,56,"Anacapa Middle",93003
"36913",56,72652,6062145,7,2012,31,50.9906542056075,"Anacapa Middle",93003
"36914",56,72652,6062145,7,2012,111,76.5056179775281,"Anacapa Middle",93003
"36915",56,72652,6062145,8,2012,31,48.3059490084986,"Anacapa Middle",93003
"36916",56,72652,6062145,8,2012,111,64.8705701078582,"Anacapa Middle",93003
"36917",56,72652,6097034,2,2012,31,76,"Portola Elementary",93003
"36918",56,72652,6097034,2,2012,111,95.5,"Portola Elementary",93003
"36919",56,72652,6097034,3,2012,31,59.5,"Portola Elementary",93003
"36920",56,72652,6097034,3,2012,111,85.0919540229885,"Portola Elementary",93003
"36921",56,72652,6097034,4,2012,31,82.025641025641,"Portola Elementary",93003
"36922",56,72652,6097034,4,2012,111,92.5,"Portola Elementary",93003
"36923",56,72652,6097034,5,2012,31,66.6335403726708,"Portola Elementary",93003
"36924",56,72652,6097034,5,2012,111,87.0434782608696,"Portola Elementary",93003
"36925",56,72652,6116040,2,2012,31,57.5,"Citrus Glen Elementary",93004
"36926",56,72652,6116040,2,2012,111,85,"Citrus Glen Elementary",93004
"36927",56,72652,6116040,3,2012,31,44.2962962962963,"Citrus Glen Elementary",93004
"36928",56,72652,6116040,3,2012,111,80.5794392523364,"Citrus Glen Elementary",93004
"36929",56,72652,6116040,4,2012,31,71.0963855421687,"Citrus Glen Elementary",93004
"36930",56,72652,6116040,4,2012,111,94,"Citrus Glen Elementary",93004
"36931",56,72652,6116040,5,2012,31,57.0909090909091,"Citrus Glen Elementary",93004
"36932",56,72652,6116040,5,2012,111,91.0445859872611,"Citrus Glen Elementary",93004
"36933",56,73759,123349,10,2012,111,73.5102040816327,"Century Academy",91360
"36934",56,73759,123349,11,2012,111,70.5,"Century Academy",91360
"36935",56,73759,5630116,9,2012,31,47.862660944206,"Westlake High",91362
"36936",56,73759,5630116,9,2012,111,77.7542595019659,"Westlake High",91362
"36937",56,73759,5630116,10,2012,31,50.8429487179487,"Westlake High",91362
"36938",56,73759,5630116,10,2012,111,74.962478920742,"Westlake High",91362
"36939",56,73759,5630116,11,2012,31,41.8308823529412,"Westlake High",91362
"36940",56,73759,5630116,11,2012,111,71.3068984247691,"Westlake High",91362
"36941",56,73759,5633748,9,2012,31,54.2018348623853,"Newbury Park High",91320
"36942",56,73759,5633748,9,2012,111,78.3952618453865,"Newbury Park High",91320
"36943",56,73759,5633748,10,2012,31,47.9038961038961,"Newbury Park High",91320
"36944",56,73759,5633748,10,2012,111,76.2131510897673,"Newbury Park High",91320
"36945",56,73759,5633748,11,2012,31,37.6299559471366,"Newbury Park High",91320
"36946",56,73759,5633748,11,2012,111,67.6062628336756,"Newbury Park High",91320
"36947",56,73759,5637004,9,2012,31,51.2841225626741,"Thousand Oaks High",91360
"36948",56,73759,5637004,9,2012,111,73.9369582348306,"Thousand Oaks High",91360
"36949",56,73759,5637004,10,2012,31,42.9662921348315,"Thousand Oaks High",91360
"36950",56,73759,5637004,10,2012,111,70.3581314878893,"Thousand Oaks High",91360
"36951",56,73759,5637004,11,2012,31,36.7750865051903,"Thousand Oaks High",91360
"36952",56,73759,5637004,11,2012,111,63.4320413436692,"Thousand Oaks High",91360
"36953",56,73759,6055859,2,2012,111,85,"Aspen Elementary",91360
"36954",56,73759,6055859,3,2012,111,88.5,"Aspen Elementary",91360
"36955",56,73759,6055859,4,2012,31,64,"Aspen Elementary",91360
"36956",56,73759,6055859,4,2012,111,83.5051546391753,"Aspen Elementary",91360
"36957",56,73759,6055859,5,2012,111,90,"Aspen Elementary",91360
"36958",56,73759,6055867,2,2012,31,33,"Banyan Elementary",91320
"36959",56,73759,6055867,2,2012,111,83.5,"Banyan Elementary",91320
"36960",56,73759,6055867,3,2012,31,52.5,"Banyan Elementary",91320
"36961",56,73759,6055867,3,2012,111,93,"Banyan Elementary",91320
"36962",56,73759,6055867,4,2012,31,51.5806451612903,"Banyan Elementary",91320
"36963",56,73759,6055867,4,2012,111,90,"Banyan Elementary",91320
"36964",56,73759,6055867,5,2012,31,42,"Banyan Elementary",91320
"36965",56,73759,6055867,5,2012,111,75.3333333333333,"Banyan Elementary",91320
"36966",56,73759,6055875,2,2012,31,54,"Madrona Elementary",91360
"36967",56,73759,6055875,2,2012,111,88.5,"Madrona Elementary",91360
"36968",56,73759,6055875,3,2012,31,48,"Madrona Elementary",91360
"36969",56,73759,6055875,3,2012,111,82.5608108108108,"Madrona Elementary",91360
"36970",56,73759,6055875,4,2012,31,41,"Madrona Elementary",91360
"36971",56,73759,6055875,4,2012,111,96.0177514792899,"Madrona Elementary",91360
"36972",56,73759,6055875,5,2012,31,54.9245283018868,"Madrona Elementary",91360
"36973",56,73759,6055875,5,2012,111,86.6224489795918,"Madrona Elementary",91360
"36974",56,73759,6055891,6,2012,31,51.472,"Redwood Middle",91360
"36975",56,73759,6055891,6,2012,111,84.508064516129,"Redwood Middle",91360
"36976",56,73759,6055891,7,2012,31,60.0892857142857,"Redwood Middle",91360
"36977",56,73759,6055891,7,2012,111,89.807619047619,"Redwood Middle",91360
"36978",56,73759,6055891,8,2012,31,53.8484848484849,"Redwood Middle",91360
"36979",56,73759,6055891,8,2012,111,78.739879414298,"Redwood Middle",91360
"36980",56,73759,6055909,2,2012,31,37.5,"Maple Elementary",91320
"36981",56,73759,6055909,2,2012,111,77.5,"Maple Elementary",91320
"36982",56,73759,6055909,3,2012,31,36.5,"Maple Elementary",91320
"36983",56,73759,6055909,3,2012,111,70.5,"Maple Elementary",91320
"36984",56,73759,6055909,4,2012,31,38,"Maple Elementary",91320
"36985",56,73759,6055909,4,2012,111,98.5,"Maple Elementary",91320
"36986",56,73759,6055909,5,2012,31,59.0869565217391,"Maple Elementary",91320
"36987",56,73759,6055909,5,2012,111,87,"Maple Elementary",91320
"36988",56,73759,6055917,2,2012,31,33.5,"Walnut Elementary",91320
"36989",56,73759,6055917,2,2012,111,73,"Walnut Elementary",91320
"36990",56,73759,6055917,3,2012,31,63,"Walnut Elementary",91320
"36991",56,73759,6055917,3,2012,111,78.5,"Walnut Elementary",91320
"36992",56,73759,6055917,4,2012,31,73.5,"Walnut Elementary",91320
"36993",56,73759,6055917,4,2012,111,84.5,"Walnut Elementary",91320
"36994",56,73759,6055917,5,2012,31,66.6666666666667,"Walnut Elementary",91320
"36995",56,73759,6055917,5,2012,111,68.6753246753247,"Walnut Elementary",91320
"36996",56,73759,6055925,6,2012,31,53.9815950920245,"Colina Middle",91362
"36997",56,73759,6055925,6,2012,111,85.5,"Colina Middle",91362
"36998",56,73759,6055925,7,2012,31,47.5414364640884,"Colina Middle",91362
"36999",56,73759,6055925,7,2012,111,85.0321285140562,"Colina Middle",91362
"37000",56,73759,6055925,8,2012,31,49.7608695652174,"Colina Middle",91362
"37001",56,73759,6055925,8,2012,111,83.3069498069498,"Colina Middle",91362
"37002",56,73759,6055933,2,2012,31,44.5,"Conejo Elementary",91362
"37003",56,73759,6055933,2,2012,111,60,"Conejo Elementary",91362
"37004",56,73759,6055933,3,2012,31,38.5,"Conejo Elementary",91362
"37005",56,73759,6055933,3,2012,111,79,"Conejo Elementary",91362
"37006",56,73759,6055933,4,2012,31,41.622641509434,"Conejo Elementary",91362
"37007",56,73759,6055933,4,2012,111,77.2,"Conejo Elementary",91362
"37008",56,73759,6055933,5,2012,31,44.6666666666667,"Conejo Elementary",91362
"37009",56,73759,6055933,5,2012,111,69,"Conejo Elementary",91362
"37010",56,73759,6055941,2,2012,31,40,"Glenwood Elementary",91360
"37011",56,73759,6055941,2,2012,111,70.5,"Glenwood Elementary",91360
"37012",56,73759,6055941,3,2012,31,52.1192660550459,"Glenwood Elementary",91360
"37013",56,73759,6055941,4,2012,31,54.5,"Glenwood Elementary",91360
"37014",56,73759,6055941,4,2012,111,83,"Glenwood Elementary",91360
"37015",56,73759,6055941,5,2012,31,41.6666666666667,"Glenwood Elementary",91360
"37016",56,73759,6055941,5,2012,111,57.6666666666667,"Glenwood Elementary",91360
"37017",56,73759,6056022,2,2012,31,55,"Weathersfield Elementary",91360
"37018",56,73759,6056022,2,2012,111,82.5,"Weathersfield Elementary",91360
"37019",56,73759,6056022,3,2012,31,25,"Weathersfield Elementary",91360
"37020",56,73759,6056022,3,2012,111,65.5238095238095,"Weathersfield Elementary",91360
"37021",56,73759,6056022,4,2012,31,60,"Weathersfield Elementary",91360
"37022",56,73759,6056022,4,2012,111,91.978947368421,"Weathersfield Elementary",91360
"37023",56,73759,6056022,5,2012,31,54.8493150684931,"Weathersfield Elementary",91360
"37024",56,73759,6056022,5,2012,111,89.3258426966292,"Weathersfield Elementary",91360
"37025",56,73759,6067300,6,2012,31,44.3979057591623,"Sequoia Middle",91320
"37026",56,73759,6067300,6,2012,111,84.5,"Sequoia Middle",91320
"37027",56,73759,6067300,7,2012,31,52.06,"Sequoia Middle",91320
"37028",56,73759,6067300,7,2012,111,85.0422535211268,"Sequoia Middle",91320
"37029",56,73759,6067300,8,2012,31,56.3450881612091,"Sequoia Middle",91320
"37030",56,73759,6067300,8,2012,111,80.8841927303466,"Sequoia Middle",91320
"37031",56,73759,6071286,2,2012,111,89.5,"Westlake Elementary",91361
"37032",56,73759,6071286,3,2012,31,42.1538461538462,"Westlake Elementary",91361
"37033",56,73759,6071286,3,2012,111,87.5,"Westlake Elementary",91361
"37034",56,73759,6071286,4,2012,111,95,"Westlake Elementary",91361
"37035",56,73759,6071286,5,2012,111,85.6666666666667,"Westlake Elementary",91361
"37036",56,73759,6084933,2,2012,111,85.5,"Wildwood Elementary",91360
"37037",56,73759,6084933,3,2012,31,36,"Wildwood Elementary",91360
"37038",56,73759,6084933,3,2012,111,76.1333333333333,"Wildwood Elementary",91360
"37039",56,73759,6084933,4,2012,111,93.4766355140187,"Wildwood Elementary",91360
"37040",56,73759,6084933,5,2012,111,89.2694610778443,"Wildwood Elementary",91360
"37041",56,73759,6093165,2,2012,111,75.5,"Cypress Elementary",91320
"37042",56,73759,6093165,3,2012,111,85.5,"Cypress Elementary",91320
"37043",56,73759,6093165,4,2012,111,89.5,"Cypress Elementary",91320
"37044",56,73759,6093165,5,2012,111,77.3333333333333,"Cypress Elementary",91320
"37045",56,73759,6093173,6,2012,31,57.007874015748,"Los Cerritos Middle",91362
"37046",56,73759,6093173,6,2012,111,82,"Los Cerritos Middle",91362
"37047",56,73759,6093173,7,2012,31,54.5,"Los Cerritos Middle",91362
"37048",56,73759,6093173,7,2012,111,88.0508166969147,"Los Cerritos Middle",91362
"37049",56,73759,6093173,8,2012,31,55.7186440677966,"Los Cerritos Middle",91362
"37050",56,73759,6093173,8,2012,111,86.0538687561214,"Los Cerritos Middle",91362
"37051",56,73759,6093181,2,2012,31,42.5,"Westlake Hills Elementary",91362
"37052",56,73759,6093181,2,2012,111,73.5,"Westlake Hills Elementary",91362
"37053",56,73759,6093181,3,2012,111,92.0120481927711,"Westlake Hills Elementary",91362
"37054",56,73759,6093181,4,2012,31,91,"Westlake Hills Elementary",91362
"37055",56,73759,6093181,4,2012,111,94,"Westlake Hills Elementary",91362
"37056",56,73759,6093181,5,2012,111,87.9732441471572,"Westlake Hills Elementary",91362
"37057",56,73759,6115760,2,2012,111,90,"Lang Ranch",91362
"37058",56,73759,6115760,3,2012,31,43,"Lang Ranch",91362
"37059",56,73759,6115760,3,2012,111,88,"Lang Ranch",91362
"37060",56,73759,6115760,4,2012,111,92.5,"Lang Ranch",91362
"37061",56,73759,6115760,5,2012,31,48.3333333333333,"Lang Ranch",91362
"37062",56,73759,6115760,5,2012,111,90.9809264305177,"Lang Ranch",91362
"37063",56,73759,6118582,2,2012,111,86.5,"Sycamore Canyon",91320
"37064",56,73759,6118582,3,2012,111,84.5015974440895,"Sycamore Canyon",91320
"37065",56,73759,6118582,4,2012,111,90.5,"Sycamore Canyon",91320
"37066",56,73759,6118582,5,2012,111,93,"Sycamore Canyon",91320
"37067",56,73759,6118582,6,2012,111,89.5,"Sycamore Canyon",91320
"37068",56,73759,6118582,7,2012,111,91.0680473372781,"Sycamore Canyon",91320
"37069",56,73759,6118582,8,2012,111,89.3333333333333,"Sycamore Canyon",91320
"37070",56,73874,5630132,9,2012,31,74.3846153846154,"Oak Park High",91377
"37071",56,73874,5630132,9,2012,111,89.1726354453627,"Oak Park High",91377
"37072",56,73874,5630132,10,2012,31,55,"Oak Park High",91377
"37073",56,73874,5630132,10,2012,111,82.5082547169811,"Oak Park High",91377
"37074",56,73874,5630132,11,2012,111,77.0830670926518,"Oak Park High",91377
"37075",56,73874,5630256,8,2012,111,72.6666666666667,"Oak Park Independent",91377
"37076",56,73874,5630256,9,2012,111,93.0357142857143,"Oak Park Independent",91377
"37077",56,73874,5630256,10,2012,111,50.1216216216216,"Oak Park Independent",91377
"37078",56,73874,5630256,11,2012,111,44.6666666666667,"Oak Park Independent",91377
"37079",56,73874,6055677,2,2012,111,93.5,"Brookside Elementary",91377
"37080",56,73874,6055677,3,2012,111,87.989847715736,"Brookside Elementary",91377
"37081",56,73874,6055677,4,2012,111,97,"Brookside Elementary",91377
"37082",56,73874,6055677,5,2012,111,94.6666666666667,"Brookside Elementary",91377
"37083",56,73874,6098255,6,2012,31,66,"Medea Creek Middle",91377
"37084",56,73874,6098255,6,2012,111,88,"Medea Creek Middle",91377
"37085",56,73874,6098255,7,2012,31,82,"Medea Creek Middle",91377
"37086",56,73874,6098255,7,2012,111,86.4024024024024,"Medea Creek Middle",91377
"37087",56,73874,6098255,8,2012,31,86.6764705882353,"Medea Creek Middle",91377
"37088",56,73874,6098255,8,2012,111,86.0822416302766,"Medea Creek Middle",91377
"37089",56,73874,6107528,2,2012,111,97,"Oak Hills Elementary",91377
"37090",56,73874,6107528,3,2012,111,92,"Oak Hills Elementary",91377
"37091",56,73874,6107528,4,2012,111,90.5,"Oak Hills Elementary",91377
"37092",56,73874,6107528,5,2012,111,90,"Oak Hills Elementary",91377
"37093",56,73874,6111496,2,2012,111,90,"Red Oak Elementary",91377
"37094",56,73874,6111496,3,2012,111,86.9931034482759,"Red Oak Elementary",91377
"37095",56,73874,6111496,4,2012,111,96.9763779527559,"Red Oak Elementary",91377
"37096",56,73874,6111496,5,2012,111,85.988,"Red Oak Elementary",91377
"37097",56,73940,121426,8,2012,111,31.5,"IvyTech Charter",93021
"37098",56,73940,121426,10,2012,111,26.1190476190476,"IvyTech Charter",93021
"37099",56,73940,121426,11,2012,111,29.2903225806452,"IvyTech Charter",93021
"37100",56,73940,5633250,9,2012,31,30.9977678571429,"Moorpark High",93021
"37101",56,73940,5633250,9,2012,111,66.3073516386182,"Moorpark High",93021
"37102",56,73940,5633250,10,2012,31,31.8008658008658,"Moorpark High",93021
"37103",56,73940,5633250,10,2012,111,71.311320754717,"Moorpark High",93021
"37104",56,73940,5633250,11,2012,31,35.8891966759003,"Moorpark High",93021
"37105",56,73940,5633250,11,2012,111,60.2994310099573,"Moorpark High",93021
"37106",56,73940,6102230,6,2012,31,30.0229007633588,"Chaparral Middle",93021
"37107",56,73940,6102230,6,2012,111,81.4732510288066,"Chaparral Middle",93021
"37108",56,73940,6102230,7,2012,31,37.5,"Chaparral Middle",93021
"37109",56,73940,6102230,7,2012,111,82.7741935483871,"Chaparral Middle",93021
"37110",56,73940,6102230,8,2012,31,44.0940438871473,"Chaparral Middle",93021
"37111",56,73940,6102230,8,2012,111,83.1228070175439,"Chaparral Middle",93021
"37112",56,73940,6106439,2,2012,31,54.5,"Campus Canyon Elementary",93021
"37113",56,73940,6106439,2,2012,111,63,"Campus Canyon Elementary",93021
"37114",56,73940,6106439,3,2012,31,42.5,"Campus Canyon Elementary",93021
"37115",56,73940,6106439,3,2012,111,68.5,"Campus Canyon Elementary",93021
"37116",56,73940,6106439,4,2012,31,65.0909090909091,"Campus Canyon Elementary",93021
"37117",56,73940,6106439,4,2012,111,83.5925925925926,"Campus Canyon Elementary",93021
"37118",56,73940,6106439,5,2012,31,44.9338842975207,"Campus Canyon Elementary",93021
"37119",56,73940,6106439,5,2012,111,83.3333333333333,"Campus Canyon Elementary",93021
"37120",56,73940,6106439,6,2012,31,38,"Campus Canyon Elementary",93021
"37121",56,73940,6106439,6,2012,111,79,"Campus Canyon Elementary",93021
"37122",56,73940,6106447,2,2012,31,37,"Mountain Meadows Elementary",93021
"37123",56,73940,6106447,2,2012,111,73.5,"Mountain Meadows Elementary",93021
"37124",56,73940,6106447,3,2012,31,63,"Mountain Meadows Elementary",93021
"37125",56,73940,6106447,3,2012,111,83.5565217391304,"Mountain Meadows Elementary",93021
"37126",56,73940,6106447,4,2012,31,62.5,"Mountain Meadows Elementary",93021
"37127",56,73940,6106447,4,2012,111,90.9837398373984,"Mountain Meadows Elementary",93021
"37128",56,73940,6106447,5,2012,31,55.2340425531915,"Mountain Meadows Elementary",93021
"37129",56,73940,6106447,5,2012,111,90,"Mountain Meadows Elementary",93021
"37130",56,73940,6109847,2,2012,31,51.5,"Arroyo West Elementary",93021
"37131",56,73940,6109847,2,2012,111,76,"Arroyo West Elementary",93021
"37132",56,73940,6109847,3,2012,31,37.7627118644068,"Arroyo West Elementary",93021
"37133",56,73940,6109847,3,2012,111,84,"Arroyo West Elementary",93021
"37134",56,73940,6109847,4,2012,31,38.4912280701754,"Arroyo West Elementary",93021
"37135",56,73940,6109847,4,2012,111,74,"Arroyo West Elementary",93021
"37136",56,73940,6109847,5,2012,31,52.6666666666667,"Arroyo West Elementary",93021
"37137",56,73940,6109847,5,2012,111,91.6666666666667,"Arroyo West Elementary",93021
"37138",56,73940,6112189,6,2012,31,47.5036496350365,"Mesa Verde Middle",93021
"37139",56,73940,6112189,6,2012,111,71.9829545454545,"Mesa Verde Middle",93021
"37140",56,73940,6112189,7,2012,31,40.2280701754386,"Mesa Verde Middle",93021
"37141",56,73940,6112189,7,2012,111,79.3443526170799,"Mesa Verde Middle",93021
"37142",56,73940,6112189,8,2012,31,57.7777777777778,"Mesa Verde Middle",93021
"37143",56,73940,6112189,8,2012,111,81.2591549295775,"Mesa Verde Middle",93021
"37144",56,73940,6115430,2,2012,31,39.5,"Walnut Canyon Elementary",93021
"37145",56,73940,6115430,2,2012,111,90,"Walnut Canyon Elementary",93021
"37146",56,73940,6115430,3,2012,31,34.7818181818182,"Walnut Canyon Elementary",93021
"37147",56,73940,6115430,3,2012,111,83.0530973451327,"Walnut Canyon Elementary",93021
"37148",56,73940,6115430,4,2012,31,71,"Walnut Canyon Elementary",93021
"37149",56,73940,6115430,4,2012,111,93.4700854700855,"Walnut Canyon Elementary",93021
"37150",56,73940,6115430,5,2012,31,64.5849056603774,"Walnut Canyon Elementary",93021
"37151",56,73940,6115430,5,2012,111,90.3381294964029,"Walnut Canyon Elementary",93021
"37152",57,72678,119578,7,2012,111,79.4444444444444,"Da Vinci Charter Academy",95616
"37153",57,72678,119578,8,2012,111,75.9757281553398,"Da Vinci Charter Academy",95616
"37154",57,72678,119578,9,2012,111,75.5281690140845,"Da Vinci Charter Academy",95616
"37155",57,72678,119578,10,2012,111,66.633431085044,"Da Vinci Charter Academy",95616
"37156",57,72678,119578,11,2012,111,61.3980263157895,"Da Vinci Charter Academy",95616
"37157",57,72678,5732201,10,2012,31,42.1472868217054,"Davis Senior High",95616
"37158",57,72678,5732201,10,2012,111,72.3941398865784,"Davis Senior High",95616
"37159",57,72678,5732201,11,2012,31,31.95625,"Davis Senior High",95616
"37160",57,72678,5732201,11,2012,111,73.4658634538153,"Davis Senior High",95616
"37161",57,72678,6056246,2,2012,31,47,"Birch Lane Elementary",95616
"37162",57,72678,6056246,2,2012,111,75.5,"Birch Lane Elementary",95616
"37163",57,72678,6056246,3,2012,31,32,"Birch Lane Elementary",95616
"37164",57,72678,6056246,3,2012,111,75.5547445255474,"Birch Lane Elementary",95616
"37165",57,72678,6056246,4,2012,31,69.5,"Birch Lane Elementary",95616
"37166",57,72678,6056246,4,2012,111,80,"Birch Lane Elementary",95616
"37167",57,72678,6056246,5,2012,31,60.4827586206897,"Birch Lane Elementary",95616
"37168",57,72678,6056246,5,2012,111,86.6344827586207,"Birch Lane Elementary",95616
"37169",57,72678,6056246,6,2012,31,45,"Birch Lane Elementary",95616
"37170",57,72678,6056246,6,2012,111,85.5,"Birch Lane Elementary",95616
"37171",57,72678,6056253,2,2012,111,96,"Fairfield Elementary",95616
"37172",57,72678,6056261,2,2012,31,39.5,"North Davis Elementary",95616
"37173",57,72678,6056261,2,2012,111,81.5,"North Davis Elementary",95616
"37174",57,72678,6056261,3,2012,31,59.5,"North Davis Elementary",95616
"37175",57,72678,6056261,3,2012,111,77,"North Davis Elementary",95616
"37176",57,72678,6056261,4,2012,111,93,"North Davis Elementary",95616
"37177",57,72678,6056261,5,2012,31,78.6666666666667,"North Davis Elementary",95616
"37178",57,72678,6056261,5,2012,111,85.6666666666667,"North Davis Elementary",95616
"37179",57,72678,6056261,6,2012,31,67.8387096774194,"North Davis Elementary",95616
"37180",57,72678,6056261,6,2012,111,95.503355704698,"North Davis Elementary",95616
"37181",57,72678,6056279,2,2012,31,50,"Pioneer Elementary",95616
"37182",57,72678,6056279,2,2012,111,77.5,"Pioneer Elementary",95616
"37183",57,72678,6056279,3,2012,31,77.5,"Pioneer Elementary",95616
"37184",57,72678,6056279,3,2012,111,83.5,"Pioneer Elementary",95616
"37185",57,72678,6056279,4,2012,111,83.5,"Pioneer Elementary",95616
"37186",57,72678,6056279,5,2012,31,45.3333333333333,"Pioneer Elementary",95616
"37187",57,72678,6056279,5,2012,111,84.3090128755365,"Pioneer Elementary",95616
"37188",57,72678,6056279,6,2012,31,39.5,"Pioneer Elementary",95616
"37189",57,72678,6056279,6,2012,111,77,"Pioneer Elementary",95616
"37190",57,72678,6110894,2,2012,31,37.5,"Patwin Elementary",95616
"37191",57,72678,6110894,2,2012,111,82,"Patwin Elementary",95616
"37192",57,72678,6110894,3,2012,31,25,"Patwin Elementary",95616
"37193",57,72678,6110894,3,2012,111,71,"Patwin Elementary",95616
"37194",57,72678,6110894,4,2012,31,68.04,"Patwin Elementary",95616
"37195",57,72678,6110894,4,2012,111,87.5,"Patwin Elementary",95616
"37196",57,72678,6110894,5,2012,31,55.4464285714286,"Patwin Elementary",95616
"37197",57,72678,6110894,5,2012,111,87.3475177304964,"Patwin Elementary",95616
"37198",57,72678,6110894,6,2012,31,46.5,"Patwin Elementary",95616
"37199",57,72678,6110894,6,2012,111,90.020618556701,"Patwin Elementary",95616
"37200",57,72686,5732904,9,2012,31,30.4146341463415,"Esparto High",95627
"37201",57,72686,5732904,9,2012,111,33.8983050847458,"Esparto High",95627
"37202",57,72686,5732904,10,2012,31,58.8461538461538,"Esparto High",95627
"37203",57,72686,5732904,10,2012,111,59,"Esparto High",95627
"37204",57,72686,5732904,11,2012,31,33.5196078431373,"Esparto High",95627
"37205",57,72686,5732904,11,2012,111,44.9230769230769,"Esparto High",95627
"37206",57,72694,116996,3,2012,31,36.5,"Riverbank Elementary",95605
"37207",57,72694,116996,4,2012,31,64,"Riverbank Elementary",95605
"37208",57,72694,116996,5,2012,31,46.2965779467681,"Riverbank Elementary",95605
"37209",57,72694,116996,6,2012,31,26,"Riverbank Elementary",95605
"37210",57,72694,116996,6,2012,111,53.5,"Riverbank Elementary",95605
"37211",57,72694,116996,7,2012,31,35.0602409638554,"Riverbank Elementary",95605
"37212",57,72694,116996,8,2012,31,41.7307692307692,"Riverbank Elementary",95605
"37213",57,72694,124875,4,2012,111,78,"Sacramento Valley Charter",95691
"37214",57,72694,124875,5,2012,111,56.6666666666667,"Sacramento Valley Charter",95691
"37215",57,72694,5739552,10,2012,31,4.91803278688525,"Yolo High",95691
"37216",57,72694,6056352,2,2012,31,21.5,"Elkhorn Village Elementary",95605
"37217",57,72694,6056352,3,2012,31,31.5,"Elkhorn Village Elementary",95605
"37218",57,72694,6056352,4,2012,31,61.5,"Elkhorn Village Elementary",95605
"37219",57,72694,6056352,5,2012,31,54.6666666666667,"Elkhorn Village Elementary",95605
"37220",57,72694,6056352,6,2012,31,30,"Elkhorn Village Elementary",95605
"37221",57,72694,6056352,7,2012,31,28.9007092198582,"Elkhorn Village Elementary",95605
"37222",57,72694,6056352,8,2012,31,42.5394736842105,"Elkhorn Village Elementary",95605
"37223",57,72694,6056394,2,2012,31,48,"Westfield Village Elementary",95691
"37224",57,72694,6056394,3,2012,31,32.5,"Westfield Village Elementary",95691
"37225",57,72694,6056394,4,2012,31,37.5,"Westfield Village Elementary",95691
"37226",57,72694,6056394,5,2012,31,23,"Westfield Village Elementary",95691
"37227",57,72694,6056402,2,2012,31,50,"Westmore Oaks Elementary",95691
"37228",57,72694,6056402,2,2012,111,75,"Westmore Oaks Elementary",95691
"37229",57,72694,6056402,3,2012,31,44,"Westmore Oaks Elementary",95691
"37230",57,72694,6056402,4,2012,31,80,"Westmore Oaks Elementary",95691
"37231",57,72694,6056402,4,2012,111,94,"Westmore Oaks Elementary",95691
"37232",57,72694,6056402,5,2012,31,56,"Westmore Oaks Elementary",95691
"37233",57,72694,6056402,5,2012,111,81.6052631578947,"Westmore Oaks Elementary",95691
"37234",57,72694,6056402,6,2012,31,37,"Westmore Oaks Elementary",95691
"37235",57,72694,6056402,6,2012,111,62.5,"Westmore Oaks Elementary",95691
"37236",57,72694,6056402,7,2012,31,46.2479338842975,"Westmore Oaks Elementary",95691
"37237",57,72694,6056402,7,2012,111,75.5333333333333,"Westmore Oaks Elementary",95691
"37238",57,72694,6056402,8,2012,31,59.0359712230216,"Westmore Oaks Elementary",95691
"37239",57,72694,6056402,8,2012,111,73.258064516129,"Westmore Oaks Elementary",95691
"37240",57,72694,6115463,2,2012,31,66.5,"Southport Elementary",95691
"37241",57,72694,6115463,2,2012,111,77.5,"Southport Elementary",95691
"37242",57,72694,6115463,3,2012,31,61,"Southport Elementary",95691
"37243",57,72694,6115463,3,2012,111,77,"Southport Elementary",95691
"37244",57,72694,6115463,4,2012,31,65,"Southport Elementary",95691
"37245",57,72694,6115463,4,2012,111,86.5,"Southport Elementary",95691
"37246",57,72694,6115463,5,2012,31,48.6666666666667,"Southport Elementary",95691
"37247",57,72694,6115463,5,2012,111,73.3298969072165,"Southport Elementary",95691
"37248",57,72694,6115463,6,2012,31,34.5,"Southport Elementary",95691
"37249",57,72694,6115463,6,2012,111,46.5,"Southport Elementary",95691
"37250",57,72694,6115463,7,2012,31,67.8809523809524,"Southport Elementary",95691
"37251",57,72694,6115463,7,2012,111,81.9487179487179,"Southport Elementary",95691
"37252",57,72694,6115463,8,2012,31,63.5508021390374,"Southport Elementary",95691
"37253",57,72694,6115463,8,2012,111,60.3287671232877,"Southport Elementary",95691
"37254",57,72702,5738505,9,2012,31,24.6796116504854,"Winters High",95694
"37255",57,72702,5738505,9,2012,111,50.5609756097561,"Winters High",95694
"37256",57,72702,5738505,10,2012,31,35.3553113553114,"Winters High",95694
"37257",57,72702,5738505,10,2012,111,68.8066037735849,"Winters High",95694
"37258",57,72702,5738505,11,2012,31,35.6582278481013,"Winters High",95694
"37259",57,72702,5738505,11,2012,111,54.7748344370861,"Winters High",95694
"37260",57,72702,6056410,2,2012,31,32,"Waggoner Elementary",95694
"37261",57,72702,6056410,2,2012,111,81.5,"Waggoner Elementary",95694
"37262",57,72702,6056410,3,2012,31,39.5,"Waggoner Elementary",95694
"37263",57,72702,6056410,3,2012,111,65,"Waggoner Elementary",95694
"37264",57,72702,6095368,6,2012,31,39.4421768707483,"Winters Middle",95694
"37265",57,72702,6095368,6,2012,111,74.4533333333333,"Winters Middle",95694
"37266",57,72702,6095368,7,2012,31,45.5205479452055,"Winters Middle",95694
"37267",57,72702,6095368,7,2012,111,62.5849056603774,"Winters Middle",95694
"37268",57,72702,6095368,8,2012,31,44.0449438202247,"Winters Middle",95694
"37269",57,72702,6095368,8,2012,111,71.6022727272727,"Winters Middle",95694
"37270",57,72702,6120307,4,2012,31,58.0215827338129,"Shirley Rominger Intermediate",95694
"37271",57,72702,6120307,4,2012,111,79,"Shirley Rominger Intermediate",95694
"37272",57,72702,6120307,5,2012,31,43.6186046511628,"Shirley Rominger Intermediate",95694
"37273",57,72702,6120307,5,2012,111,86,"Shirley Rominger Intermediate",95694
"37274",57,72710,101162,9,2012,31,27.4692556634304,"Pioneer High",95776
"37275",57,72710,101162,9,2012,111,51.9597585513078,"Pioneer High",95776
"37276",57,72710,101162,10,2012,31,26.6954773869347,"Pioneer High",95776
"37277",57,72710,101162,10,2012,111,41.7853042479908,"Pioneer High",95776
"37278",57,72710,101162,11,2012,31,28.5425824175824,"Pioneer High",95776
"37279",57,72710,101162,11,2012,111,47.9597197898424,"Pioneer High",95776
"37280",57,72710,5738802,9,2012,31,34.3201581027668,"Woodland Senior High",95695
"37281",57,72710,5738802,9,2012,111,51.0560224089636,"Woodland Senior High",95695
"37282",57,72710,5738802,10,2012,31,20.6483402489627,"Woodland Senior High",95695
"37283",57,72710,5738802,10,2012,111,43.6555740432612,"Woodland Senior High",95695
"37284",57,72710,5738802,11,2012,31,31.377245508982,"Woodland Senior High",95695
"37285",57,72710,5738802,11,2012,111,45.6659388646288,"Woodland Senior High",95695
"37286",57,72710,6056444,2,2012,31,44,"Beamer Elementary",95695
"37287",57,72710,6056444,2,2012,111,66,"Beamer Elementary",95695
"37288",57,72710,6056444,3,2012,31,34.5,"Beamer Elementary",95695
"37289",57,72710,6056444,3,2012,111,46,"Beamer Elementary",95695
"37290",57,72710,6056444,4,2012,31,51.5,"Beamer Elementary",95695
"37291",57,72710,6056444,5,2012,31,55.3333333333333,"Beamer Elementary",95695
"37292",57,72710,6056444,5,2012,111,88,"Beamer Elementary",95695
"37293",57,72710,6056444,6,2012,31,36.5,"Beamer Elementary",95695
"37294",57,72710,6056444,6,2012,111,87.5,"Beamer Elementary",95695
"37295",57,72710,6056469,2,2012,31,47.5,"Dingle Elementary",95695
"37296",57,72710,6056469,3,2012,31,44.5,"Dingle Elementary",95695
"37297",57,72710,6056469,4,2012,31,29,"Dingle Elementary",95695
"37298",57,72710,6056469,4,2012,111,77,"Dingle Elementary",95695
"37299",57,72710,6056469,5,2012,31,53.448,"Dingle Elementary",95695
"37300",57,72710,6056469,5,2012,111,64.3333333333333,"Dingle Elementary",95695
"37301",57,72710,6056469,6,2012,31,45.5,"Dingle Elementary",95695
"37302",57,72710,6056477,2,2012,31,40.5,"Freeman Elementary",95695
"37303",57,72710,6056477,3,2012,31,37.0839694656489,"Freeman Elementary",95695
"37304",57,72710,6056477,4,2012,31,64.0088495575221,"Freeman Elementary",95695
"37305",57,72710,6056477,5,2012,31,40,"Freeman Elementary",95695
"37306",57,72710,6056477,6,2012,31,27.4028776978417,"Freeman Elementary",95695
"37307",57,72710,6056485,2,2012,31,21.5,"Gibson Elementary",95695
"37308",57,72710,6056485,2,2012,111,62.5,"Gibson Elementary",95695
"37309",57,72710,6056485,3,2012,31,37.5,"Gibson Elementary",95695
"37310",57,72710,6056485,3,2012,111,64,"Gibson Elementary",95695
"37311",57,72710,6056485,4,2012,31,41,"Gibson Elementary",95695
"37312",57,72710,6056485,4,2012,111,48.5,"Gibson Elementary",95695
"37313",57,72710,6056485,5,2012,31,40.6666666666667,"Gibson Elementary",95695
"37314",57,72710,6056485,5,2012,111,61.6666666666667,"Gibson Elementary",95695
"37315",57,72710,6056485,6,2012,31,35.1111111111111,"Gibson Elementary",95695
"37316",57,72710,6056485,6,2012,111,58.4444444444444,"Gibson Elementary",95695
"37317",57,72710,6056519,7,2012,31,39.7344173441734,"Lee Middle",95695
"37318",57,72710,6056519,7,2012,111,60.4179104477612,"Lee Middle",95695
"37319",57,72710,6056519,8,2012,31,37.9544270833333,"Lee Middle",95695
"37320",57,72710,6056519,8,2012,111,62.0248447204969,"Lee Middle",95695
"37321",57,72710,6056527,2,2012,31,56.0243902439024,"Plainfield Elementary",95695
"37322",57,72710,6056527,2,2012,111,71,"Plainfield Elementary",95695
"37323",57,72710,6056527,3,2012,31,33,"Plainfield Elementary",95695
"37324",57,72710,6056527,3,2012,111,66.4666666666667,"Plainfield Elementary",95695
"37325",57,72710,6056527,4,2012,31,54,"Plainfield Elementary",95695
"37326",57,72710,6056527,4,2012,111,93,"Plainfield Elementary",95695
"37327",57,72710,6056527,5,2012,31,39.0408163265306,"Plainfield Elementary",95695
"37328",57,72710,6056527,5,2012,111,91.3333333333333,"Plainfield Elementary",95695
"37329",57,72710,6071278,7,2012,31,45.6033834586466,"Douglass Middle",95695
"37330",57,72710,6071278,7,2012,111,72.625,"Douglass Middle",95695
"37331",57,72710,6071278,8,2012,31,45.8126773888363,"Douglass Middle",95695
"37332",57,72710,6071278,8,2012,111,64.1908127208481,"Douglass Middle",95695
"37333",57,72710,6096671,2,2012,31,60,"Zamora Elementary",95695
"37334",57,72710,6096671,2,2012,111,92,"Zamora Elementary",95695
"37335",57,72710,6096671,3,2012,31,28,"Zamora Elementary",95695
"37336",57,72710,6096671,3,2012,111,58,"Zamora Elementary",95695
"37337",57,72710,6096671,4,2012,31,67.5,"Zamora Elementary",95695
"37338",57,72710,6096671,4,2012,111,93,"Zamora Elementary",95695
"37339",57,72710,6096671,5,2012,31,46.3333333333333,"Zamora Elementary",95695
"37340",57,72710,6096671,5,2012,111,89.2396694214876,"Zamora Elementary",95695
"37341",57,72710,6096671,6,2012,31,73,"Zamora Elementary",95695
"37342",57,72710,6096671,6,2012,111,75.009900990099,"Zamora Elementary",95695
"37343",57,72710,6107163,2,2012,31,44.971098265896,"Woodland Prairie Elementary",95695
"37344",57,72710,6107163,3,2012,31,43.1728395061728,"Woodland Prairie Elementary",95695
"37345",57,72710,6107163,4,2012,31,35,"Woodland Prairie Elementary",95695
"37346",57,72710,6107163,5,2012,31,45.3215859030837,"Woodland Prairie Elementary",95695
"37347",57,72710,6107163,6,2012,31,41.5,"Woodland Prairie Elementary",95695
"37348",58,72736,119362,2,2012,31,56.5,"Edgewater Elementary",95901
"37349",58,72736,119362,2,2012,111,68,"Edgewater Elementary",95901
"37350",58,72736,119362,3,2012,31,49,"Edgewater Elementary",95901
"37351",58,72736,119362,3,2012,111,69.5,"Edgewater Elementary",95901
"37352",58,72736,119362,4,2012,31,68,"Edgewater Elementary",95901
"37353",58,72736,119362,4,2012,111,86.5,"Edgewater Elementary",95901
"37354",58,72736,119362,5,2012,31,24.3333333333333,"Edgewater Elementary",95901
"37355",58,72736,119362,5,2012,111,79.6666666666667,"Edgewater Elementary",95901
"37356",58,72736,5830013,9,2012,31,23.0121359223301,"Lindhurst High",95961
"37357",58,72736,5830013,9,2012,111,54.8068181818182,"Lindhurst High",95961
"37358",58,72736,5830013,10,2012,31,31.8981937602627,"Lindhurst High",95961
"37359",58,72736,5830013,10,2012,111,41.4465408805031,"Lindhurst High",95961
"37360",58,72736,5830013,11,2012,31,32.039263803681,"Lindhurst High",95961
"37361",58,72736,5830013,11,2012,111,46.3571428571429,"Lindhurst High",95961
"37362",58,72736,5835202,9,2012,31,37.7602459016393,"Marysville High",95901
"37363",58,72736,5835202,9,2012,111,47.8702928870293,"Marysville High",95901
"37364",58,72736,5835202,10,2012,31,39.3972835314092,"Marysville High",95901
"37365",58,72736,5835202,10,2012,111,40.2962962962963,"Marysville High",95901
"37366",58,72736,5835202,11,2012,31,34.4805970149254,"Marysville High",95901
"37367",58,72736,5835202,11,2012,111,41.4503105590062,"Marysville High",95901
"37368",58,72736,6056626,6,2012,31,61.0168776371308,"Anna McKenney Intermediate",95901
"37369",58,72736,6056626,6,2012,111,63,"Anna McKenney Intermediate",95901
"37370",58,72736,6056626,7,2012,31,53.5125448028674,"Anna McKenney Intermediate",95901
"37371",58,72736,6056626,7,2012,111,59,"Anna McKenney Intermediate",95901
"37372",58,72736,6056626,8,2012,31,47.695464362851,"Anna McKenney Intermediate",95901
"37373",58,72736,6056626,8,2012,111,64.8536585365854,"Anna McKenney Intermediate",95901
"37374",58,72736,6056634,2,2012,31,69.5,"Arboga Elementary",95961
"37375",58,72736,6056634,2,2012,111,73,"Arboga Elementary",95961
"37376",58,72736,6056634,3,2012,31,59,"Arboga Elementary",95961
"37377",58,72736,6056634,3,2012,111,82,"Arboga Elementary",95961
"37378",58,72736,6056634,4,2012,31,78.5,"Arboga Elementary",95961
"37379",58,72736,6056634,4,2012,111,89.5,"Arboga Elementary",95961
"37380",58,72736,6056634,5,2012,31,61.6666666666667,"Arboga Elementary",95961
"37381",58,72736,6056634,5,2012,111,80.5967741935484,"Arboga Elementary",95961
"37382",58,72736,6056634,6,2012,31,55,"Arboga Elementary",95961
"37383",58,72736,6056634,6,2012,111,67.5,"Arboga Elementary",95961
"37384",58,72736,6056659,2,2012,31,50.5,"Cedar Lane Elementary",95961
"37385",58,72736,6056659,3,2012,31,35,"Cedar Lane Elementary",95961
"37386",58,72736,6056659,4,2012,31,49,"Cedar Lane Elementary",95961
"37387",58,72736,6056659,5,2012,31,28.6666666666667,"Cedar Lane Elementary",95961
"37388",58,72736,6056659,6,2012,31,46,"Cedar Lane Elementary",95961
"37389",58,72736,6056683,2,2012,31,66.5,"Ella Elementary",95961
"37390",58,72736,6056683,3,2012,31,53.5,"Ella Elementary",95961
"37391",58,72736,6056683,4,2012,31,68.5,"Ella Elementary",95961
"37392",58,72736,6056683,5,2012,31,45.3333333333333,"Ella Elementary",95961
"37393",58,72736,6056683,6,2012,31,48.2142857142857,"Ella Elementary",95961
"37394",58,72736,6056691,6,2012,31,62,"Foothill Intermediate",95901
"37395",58,72736,6056691,6,2012,111,71,"Foothill Intermediate",95901
"37396",58,72736,6056691,7,2012,31,53,"Foothill Intermediate",95901
"37397",58,72736,6056691,7,2012,111,70,"Foothill Intermediate",95901
"37398",58,72736,6056691,8,2012,31,54.8240740740741,"Foothill Intermediate",95901
"37399",58,72736,6056691,8,2012,111,66.7142857142857,"Foothill Intermediate",95901
"37400",58,72736,6056709,2,2012,31,81,"Johnson Park Elementary",95961
"37401",58,72736,6056709,3,2012,31,51,"Johnson Park Elementary",95961
"37402",58,72736,6056709,4,2012,31,38.4857142857143,"Johnson Park Elementary",95961
"37403",58,72736,6056709,5,2012,31,35,"Johnson Park Elementary",95961
"37404",58,72736,6056709,6,2012,31,49,"Johnson Park Elementary",95961
"37405",58,72736,6056717,3,2012,31,52,"Linda Elementary",95901
"37406",58,72736,6056717,4,2012,31,46.4925373134328,"Linda Elementary",95901
"37407",58,72736,6056717,5,2012,31,33.6601941747573,"Linda Elementary",95901
"37408",58,72736,6056717,6,2012,31,35.5,"Linda Elementary",95901
"37409",58,72736,6056725,2,2012,111,77.5,"Loma Rica Elementary",95901
"37410",58,72736,6056725,3,2012,111,79,"Loma Rica Elementary",95901
"37411",58,72736,6056725,5,2012,31,57.3333333333333,"Loma Rica Elementary",95901
"37412",58,72736,6056725,5,2012,111,57.6666666666667,"Loma Rica Elementary",95901
"37413",58,72736,6056733,2,2012,31,83.5,"Covillaud Elementary",95901
"37414",58,72736,6056733,2,2012,111,83.5,"Covillaud Elementary",95901
"37415",58,72736,6056733,3,2012,31,69.1296296296296,"Covillaud Elementary",95901
"37416",58,72736,6056733,3,2012,111,77,"Covillaud Elementary",95901
"37417",58,72736,6056733,4,2012,31,74.0666666666667,"Covillaud Elementary",95901
"37418",58,72736,6056733,4,2012,111,100,"Covillaud Elementary",95901
"37419",58,72736,6056733,5,2012,31,64.0662251655629,"Covillaud Elementary",95901
"37420",58,72736,6056733,5,2012,111,82,"Covillaud Elementary",95901
"37421",58,72736,6056733,6,2012,31,77,"Covillaud Elementary",95901
"37422",58,72736,6056741,2,2012,31,44.5,"Olivehurst Elementary",95961
"37423",58,72736,6056741,2,2012,111,56,"Olivehurst Elementary",95961
"37424",58,72736,6056741,3,2012,31,59.5,"Olivehurst Elementary",95961
"37425",58,72736,6056741,3,2012,111,73.5,"Olivehurst Elementary",95961
"37426",58,72736,6056741,4,2012,31,52.5,"Olivehurst Elementary",95961
"37427",58,72736,6056741,5,2012,31,26.3333333333333,"Olivehurst Elementary",95961
"37428",58,72736,6056741,5,2012,111,57,"Olivehurst Elementary",95961
"37429",58,72736,6056741,6,2012,31,70.5,"Olivehurst Elementary",95961
"37430",58,72736,6056774,2,2012,31,67,"Kynoch Elementary",95901
"37431",58,72736,6056774,2,2012,111,77,"Kynoch Elementary",95901
"37432",58,72736,6056774,3,2012,31,59,"Kynoch Elementary",95901
"37433",58,72736,6056774,3,2012,111,85.5,"Kynoch Elementary",95901
"37434",58,72736,6056774,4,2012,31,63.5,"Kynoch Elementary",95901
"37435",58,72736,6056774,4,2012,111,75,"Kynoch Elementary",95901
"37436",58,72736,6056774,5,2012,31,54.6666666666667,"Kynoch Elementary",95901
"37437",58,72736,6056774,5,2012,111,81.3333333333333,"Kynoch Elementary",95901
"37438",58,72736,6056782,2,2012,31,70,"Yuba Feather Elementary",95925
"37439",58,72736,6056782,3,2012,31,43.5,"Yuba Feather Elementary",95925
"37440",58,72736,6056782,4,2012,31,53.5,"Yuba Feather Elementary",95925
"37441",58,72736,6056782,5,2012,31,42.3333333333333,"Yuba Feather Elementary",95925
"37442",58,72736,6056790,7,2012,31,42.9569120287253,"Yuba Gardens Intermediate",95961
"37443",58,72736,6056790,7,2012,111,54.9354838709677,"Yuba Gardens Intermediate",95961
"37444",58,72736,6056790,8,2012,31,38.4756756756757,"Yuba Gardens Intermediate",95961
"37445",58,72736,6056790,8,2012,111,52.9428571428571,"Yuba Gardens Intermediate",95961
"37446",58,72736,6099014,2,2012,31,69,"Browns Valley Elementary",95918
"37447",58,72736,6099014,2,2012,111,83.5,"Browns Valley Elementary",95918
"37448",58,72736,6099014,3,2012,111,65.5,"Browns Valley Elementary",95918
"37449",58,72736,6099014,4,2012,111,97,"Browns Valley Elementary",95918
"37450",58,72736,6099014,5,2012,111,75.758064516129,"Browns Valley Elementary",95918
"37451",58,72744,107375,2,2012,31,70,"Rio Del Oro Elementary",95961
"37452",58,72744,107375,2,2012,111,79,"Rio Del Oro Elementary",95961
"37453",58,72744,107375,3,2012,31,59.5,"Rio Del Oro Elementary",95961
"37454",58,72744,107375,3,2012,111,82,"Rio Del Oro Elementary",95961
"37455",58,72744,107375,4,2012,31,85.5,"Rio Del Oro Elementary",95961
"37456",58,72744,107375,4,2012,111,81.593220338983,"Rio Del Oro Elementary",95961
"37457",58,72744,107375,5,2012,31,72.6666666666667,"Rio Del Oro Elementary",95961
"37458",58,72744,107375,5,2012,111,87.3203883495146,"Rio Del Oro Elementary",95961
"37459",58,72744,114652,2,2012,111,88,"Cobblestone Elementary",95961
"37460",58,72744,114652,3,2012,31,63.5,"Cobblestone Elementary",95961
"37461",58,72744,114652,3,2012,111,52,"Cobblestone Elementary",95961
"37462",58,72744,114652,4,2012,31,71,"Cobblestone Elementary",95961
"37463",58,72744,114652,4,2012,111,85,"Cobblestone Elementary",95961
"37464",58,72744,114652,5,2012,31,63.1842105263158,"Cobblestone Elementary",95961
"37465",58,72744,114652,5,2012,111,71,"Cobblestone Elementary",95961
"37466",58,72751,6056832,2,2012,31,50,"Lone Tree Elementary",95903
"37467",58,72751,6056832,2,2012,111,69,"Lone Tree Elementary",95903
"37468",58,72751,6056832,3,2012,31,66,"Lone Tree Elementary",95903
"37469",58,72751,6056832,3,2012,111,58.5,"Lone Tree Elementary",95903
"37470",58,72751,6056832,4,2012,111,75.5,"Lone Tree Elementary",95903
"37471",58,72751,6056832,5,2012,31,69,"Lone Tree Elementary",95903
"37472",58,72751,6056832,5,2012,111,84.3333333333333,"Lone Tree Elementary",95903
"37473",58,72751,6056840,2,2012,31,56.5,"Wheatland Elementary",95692
"37474",58,72751,6056840,2,2012,111,75.5,"Wheatland Elementary",95692
"37475",58,72751,6056840,3,2012,31,51.5,"Wheatland Elementary",95692
"37476",58,72751,6056840,3,2012,111,63,"Wheatland Elementary",95692
"37477",58,72751,6056840,4,2012,31,61.5,"Wheatland Elementary",95692
"37478",58,72751,6056840,4,2012,111,78.4666666666667,"Wheatland Elementary",95692
"37479",58,72751,6056840,5,2012,31,56.6666666666667,"Wheatland Elementary",95692
"37480",58,72751,6056840,5,2012,111,72,"Wheatland Elementary",95692
"37481",58,72751,6118806,2,2012,111,100,"Wheatland Charter Academy",95903
"37482",58,72751,6118806,3,2012,111,57.5,"Wheatland Charter Academy",95903
"37483",58,72751,6118806,4,2012,111,67.5,"Wheatland Charter Academy",95903
"37484",58,72769,5838305,9,2012,31,36.1836734693878,"Wheatland Union High",95692
"37485",58,72769,5838305,9,2012,111,44.6594594594595,"Wheatland Union High",95692
"37486",58,72769,5838305,10,2012,31,37.8076923076923,"Wheatland Union High",95692
"37487",58,72769,5838305,10,2012,111,51.0627118644068,"Wheatland Union High",95692
"37488",58,72769,5838305,11,2012,31,43.2462311557789,"Wheatland Union High",95692
"37489",58,72769,5838305,11,2012,111,37.2210884353741,"Wheatland Union High",95692
